0.000000	1000.000000	0.000000	1000.000000	0.0000000000000000
0.005000	995.000000	5.000000	995.024917	0.0249168745840507
0.010000	990.050000	9.950000	990.099337	0.0493366533777362
0.015000	985.149500	14.850500	985.222767	0.0732667742541935
0.020000	980.298005	19.701995	980.394720	0.0967145761615029
0.025000	975.495025	24.504975	975.614712	0.1196873003569863
0.030000	970.740075	29.259925	970.882267	0.1421920916243380
0.035000	966.032674	33.967326	966.196910	0.1642359994790468
0.040000	961.372347	38.627653	961.558173	0.1858259793576735
0.045000	956.758624	43.241376	956.965593	0.2069688937936007
0.050000	952.191038	47.808962	952.418709	0.2276715135775476
0.055000	947.669127	52.330873	947.917068	0.2479405189059207
0.060000	943.192436	56.807564	943.460218	0.2677825005140448
0.065000	938.760511	61.239489	939.047715	0.2872039607966599
0.070000	934.372906	65.627094	934.679118	0.3062113149137531
0.075000	930.029177	69.970823	930.353988	0.3248108918845674
0.080000	925.728886	74.271114	926.071894	0.3430089356678536
0.085000	921.471597	78.528403	921.832408	0.3608116062284807
0.090000	917.256881	82.743119	917.635106	0.3782249805921083
0.095000	913.084312	86.915688	913.479567	0.3952550538875812
0.100000	908.953469	91.046531	909.365377	0.4119077403753408
0.105000	904.863934	95.136066	905.292123	0.4281888744642401
0.110000	900.815295	99.184705	901.259399	0.4441042117161942
0.115000	896.807142	103.192858	897.266801	0.4596594298391210
0.120000	892.839070	107.160930	893.313931	0.4748601296671495
0.125000	888.910680	111.089320	889.400392	0.4897118361291177
0.130000	885.021573	114.978427	885.525793	0.5042199992054748
0.135000	881.171357	118.828643	881.689747	0.5183899948747239
0.140000	877.359644	122.640356	877.891871	0.5322271260462230
0.145000	873.586047	126.413953	874.131784	0.5457366234843448
0.150000	869.850187	130.149813	870.409110	0.5589236467185401
0.155000	866.151685	133.848315	866.723478	0.5717932849457839
0.160000	862.490168	137.509832	863.074519	0.5843505579184693
0.165000	858.865266	141.134734	859.461867	0.5966004168253676
0.170000	855.276614	144.723386	855.885161	0.6085477451584893
0.175000	851.723847	148.276153	852.344045	0.6201973595718755
0.180000	848.206609	151.793391	848.838163	0.6315540107285642
0.185000	844.724543	155.275457	845.367165	0.6426223841381216
0.190000	841.277298	158.722702	841.930705	0.6534071009840545
0.195000	837.864525	162.135475	838.528437	0.6639127189403098
0.200000	834.485879	165.514121	835.160023	0.6741437329790188
0.205000	831.141020	168.858980	831.825125	0.6841045761675559
0.210000	827.829610	172.170390	828.523410	0.6937996204560477
0.215000	824.551314	175.448686	825.254547	0.7032331774566956
0.220000	821.305801	178.694199	822.018211	0.7124094992110486
0.225000	818.092743	181.907257	818.814076	0.7213327789506820
0.230000	814.911816	185.088184	815.641823	0.7300071518463938
0.235000	811.762697	188.237303	812.501134	0.7384366957498969
0.240000	808.645070	191.354930	809.391696	0.7466254319259633
0.245000	805.558620	194.441380	806.313197	0.7545773257749033
0.250000	802.503034	197.496966	803.265330	0.7622962875478834
0.255000	799.478003	200.521997	800.247789	0.7697861730517843
0.260000	796.483223	203.516777	797.260274	0.7770507843468977
0.265000	793.518391	206.481609	794.302485	0.7840938704348446
0.270000	790.583207	209.416793	791.374126	0.7909191279395600
0.275000	787.677375	212.322625	788.474905	0.7975302017787271
0.280000	784.800601	215.199399	785.604532	0.8039306858273676
0.285000	781.952595	218.047405	782.762719	0.8101241235742691
0.290000	779.133069	220.866931	779.949183	0.8161140087686363
0.295000	776.341739	223.658261	777.163642	0.8219037860604885
0.300000	773.578321	226.421679	774.405818	0.8274968516320769
0.305000	770.842538	229.157462	771.675435	0.8328965538227067
0.310000	768.134113	231.865887	768.972219	0.8381061937442382
0.315000	765.452771	234.547229	766.295901	0.8431290258914714
0.320000	762.798244	237.201756	763.646212	0.8479682587427533
0.325000	760.170261	239.829739	761.022888	0.8526270553542190
0.330000	757.568559	242.431441	758.425667	0.8571085339474394
0.335000	754.992873	245.007127	755.854289	0.8614157684879729
0.340000	752.442944	247.557056	753.308496	0.8655517892593707
0.345000	749.918515	250.081485	750.788035	0.8695195834277456
0.350000	747.419330	252.580670	748.292652	0.8733220956007699
0.355000	744.945137	255.054863	745.822099	0.8769622283796252
0.360000	742.495685	257.504315	743.376128	0.8804428429039035
0.365000	740.070728	259.929272	740.954495	0.8837667593900278
0.370000	737.670021	262.329979	738.556958	0.8869367576630793
0.375000	735.293321	264.706679	736.183276	0.8899555776818033
0.380000	732.940388	267.059612	733.833214	0.8928259200572484
0.385000	730.610984	269.389016	731.506534	0.8955504465656077
0.390000	728.304874	271.695126	729.203006	0.8981317806537845
0.395000	726.021825	273.978175	726.922398	0.9005725079395006
0.400000	723.761607	276.238393	724.664482	0.9028751767048107
0.405000	721.523991	278.476009	722.429033	0.9050422983835915
0.410000	719.308751	280.691249	720.215827	0.9070763480435744
0.415000	717.115663	282.884337	718.024643	0.9089797648613285
0.420000	714.944507	285.055493	715.855262	0.9107549525924696
0.425000	712.795062	287.204938	713.707466	0.9124042800353891
0.430000	710.667111	289.332889	711.581041	0.9139300814897524
0.435000	708.560440	291.439560	709.475775	0.9153346572086321
0.440000	706.474836	293.525164	707.391456	0.9166202738458651
0.445000	704.410087	295.589913	705.327876	0.9177891648973855
0.450000	702.365986	297.634014	703.284830	0.9188435311368721
0.455000	700.342326	299.657674	701.262112	0.9197855410469629
0.460000	698.338903	301.661097	699.259521	0.9206173312436476
0.465000	696.355514	303.644486	697.276855	0.9213410068972507
0.470000	694.391959	305.608041	695.313918	0.9219586421462509
0.475000	692.448039	307.551961	693.370512	0.9224722805074634
0.480000	690.523559	309.476441	691.446443	0.9228839352803107
0.485000	688.618323	311.381677	689.541519	0.9231955899464310
0.490000	686.732140	313.267860	687.655549	0.9234091985644000
0.495000	684.864819	315.135181	685.788346	0.9235266861588798
0.500000	683.016171	316.983829	683.939721	0.9235499491057908
0.505000	681.186009	318.813991	682.109490	0.9234808555124800
0.510000	679.374149	320.625851	680.297470	0.9233212455924331
0.515000	677.580407	322.419593	678.503480	0.9230729320363480
0.520000	675.804603	324.195397	676.727341	0.9227377003782067
0.525000	674.046557	325.953443	674.968875	0.9223173093558898
0.530000	672.306092	327.693908	673.227905	0.9218134912691767
0.535000	670.583031	329.416969	671.504259	0.9212279523313782
0.540000	668.877200	331.122800	669.797763	0.9205623730177876
0.545000	667.188428	332.811572	668.108247	0.9198184084094692
0.550000	665.516544	334.483456	666.435542	0.9189976885320448
0.555000	663.861379	336.138621	664.779481	0.9181018186918664
0.560000	662.222765	337.777235	663.139897	0.9171323798061621
0.565000	660.600537	339.399463	661.516628	0.9160909287298864
0.570000	658.994532	341.005468	659.909511	0.9149789985793859
0.575000	657.404587	342.595413	658.318385	0.9137980990495862
0.580000	655.830541	344.169459	656.743090	0.9125497167304957
0.585000	654.272235	345.727765	655.183471	0.9112353154160928
0.590000	652.729513	347.270487	653.639369	0.9098563364125312
0.595000	651.202218	348.797782	652.110632	0.9084141988403189
0.600000	649.690196	350.309804	650.597106	0.9069102999344523
0.605000	648.193294	351.806706	649.098640	0.9053460153387505
0.610000	646.711361	353.288639	647.615083	0.9037226993982586
0.615000	645.244247	354.755753	646.146289	0.9020416854468749
0.620000	643.791805	356.208195	644.692109	0.9003042860923642
0.625000	642.353887	357.646113	643.252398	0.8985117934964819
0.630000	640.930348	359.069652	641.827013	0.8966654796525972
0.635000	639.521044	360.478956	640.415811	0.8947665966595650
0.640000	638.125834	361.874166	639.018650	0.8928163769919593
0.645000	636.744576	363.255424	637.635392	0.8908160337672371
0.650000	635.377130	364.622870	636.265897	0.8887667610084691
0.655000	634.023358	365.976642	634.910028	0.8866697339057055
0.660000	632.683125	367.316875	633.567651	0.8845261090717713
0.665000	631.356294	368.643706	632.238631	0.8823370247970388
0.670000	630.042731	369.957269	630.922834	0.8801036012993109
0.675000	628.742303	371.257697	629.620130	0.8778269409707491
0.680000	627.454880	372.545120	628.330388	0.8755081286226414
0.685000	626.180332	373.819668	627.053480	0.8731482317265318
0.690000	624.918528	375.081472	625.789277	0.8707483006513712
0.695000	623.669343	376.330657	624.537652	0.8683093688994177
0.700000	622.432650	377.567350	623.298482	0.8658324533379300
0.705000	621.208323	378.791677	622.071642	0.8633185544279058
0.710000	619.996240	380.003760	620.857008	0.8607686564504320
0.715000	618.796277	381.203723	619.654461	0.8581837277301929
0.720000	617.608315	382.391685	618.463879	0.8555647208552273
0.725000	616.432231	383.567769	617.285144	0.8529125728952067
0.730000	615.267909	384.732091	616.118137	0.8502282056158492
0.735000	614.115230	385.884770	614.962743	0.8475125256909450
0.740000	612.974078	387.025922	613.818844	0.8447664249121090
0.745000	611.844337	388.155663	612.686328	0.8419907803950082
0.750000	610.725894	389.274106	611.565080	0.8391864547837713
0.755000	609.618635	390.381365	610.454989	0.8363542964523276
0.760000	608.522448	391.477552	609.355943	0.8334951397029045
0.765000	607.437224	392.562776	608.267834	0.8306098049631601
0.770000	606.362852	393.637148	607.190551	0.8276990989789965
0.775000	605.299223	394.700777	606.123987	0.8247638150066905
0.780000	604.246231	395.753769	605.068036	0.8218047330010450
0.785000	603.203769	396.796231	604.022591	0.8188226198027451
0.790000	602.171731	397.828269	602.987549	0.8158182293212803
0.795000	601.150014	398.849986	601.962806	0.8127923027175257
0.800000	600.138513	399.861487	600.948259	0.8097455685824571
0.805000	599.137128	400.862872	599.943807	0.8066787431145030
0.810000	598.145757	401.854243	598.949350	0.8035925302941678
0.815000	597.164299	402.835701	597.964787	0.8004876220566075
0.820000	596.192656	403.807344	596.990021	0.7973646984619336
0.825000	595.230730	404.769270	596.024954	0.7942244278629005
0.830000	594.278423	405.721577	595.069490	0.7910674670712297
0.835000	593.335638	406.664362	594.123533	0.7878944615213186
0.840000	592.402282	407.597718	593.186988	0.7847060454313350
0.845000	591.478259	408.521741	592.259762	0.7815028419638566
0.850000	590.563477	409.436523	591.341762	0.7782854633817351
0.855000	589.657842	410.342158	590.432896	0.7750545112053260
0.860000	588.761263	411.238737	589.533074	0.7718105763644871
0.865000	587.873651	412.126349	588.642205	0.7685542393504647
0.870000	586.994914	413.005086	587.760200	0.7652860703658462
0.875000	586.124965	413.875035	586.886972	0.7620066294713297
0.880000	585.263715	414.736285	586.022432	0.7587164667314710
0.885000	584.411078	415.588922	585.166494	0.7554161223589517
0.890000	583.566968	416.433032	584.319074	0.7521061268554377
0.895000	582.731298	417.268702	583.480085	0.7487870011524365
0.900000	581.903985	418.096015	582.649444	0.7454592567489726
0.905000	581.084945	418.915055	581.827068	0.7421233958482389
0.910000	580.274096	419.725904	581.012875	0.7387799114916334
0.915000	579.471355	420.528645	580.206784	0.7354292876921136
0.920000	578.676641	421.323359	579.408713	0.7320719995649370
0.925000	577.889875	422.110125	578.618583	0.7287085134572635
0.930000	577.110976	422.889024	577.836315	0.7253392870758262
0.935000	576.339866	423.660134	577.061831	0.7219647696119864
0.940000	575.576467	424.423533	576.295053	0.7185854018678128
0.945000	574.820703	425.179297	575.535904	0.7152016163770440
0.950000	574.072496	425.927504	574.784310	0.7118138375271883
0.955000	573.331771	426.668229	574.040193	0.7084224816787810
0.960000	572.598453	427.401547	573.303481	0.7050279572830505
0.965000	571.872469	428.127531	572.574099	0.7016306649989019
0.970000	571.153744	428.846256	571.851975	0.6982309978064904
0.975000	570.442206	429.557794	571.137036	0.6948293411223858
0.980000	569.737784	430.262216	570.429210	0.6914260729095076
0.985000	569.040407	430.959593	569.728428	0.6880215637885385
0.990000	568.350002	431.649998	569.034619	0.6846161771468360
0.995000	567.666502	432.333498	568.347713	0.6812102692454118
1.000000	566.989837	433.010163	567.667642	0.6778041893251157
1.005000	566.319939	433.680061	566.994337	0.6743982797109993
1.010000	565.656740	434.343260	566.327733	0.6709928759163404
1.015000	565.000172	434.999828	565.667761	0.6675883067433688
1.020000	564.350171	435.649829	565.014355	0.6641848943849027
1.025000	563.706669	436.293331	564.367452	0.6607829545223467
1.030000	563.069602	436.930398	563.726985	0.6573827964244856
1.035000	562.438906	437.561094	563.092891	0.6539847230432088
1.040000	561.814517	438.185483	562.465106	0.6505890311099165
1.045000	561.196372	438.803628	561.843568	0.6471960112279476
1.050000	560.584408	439.415592	561.228214	0.6438059479664844
1.055000	559.978564	440.021436	560.618983	0.6404191199516163
1.060000	559.378778	440.621222	560.015814	0.6370357999564931
1.065000	558.784991	441.215009	559.418647	0.6336562549906830
1.070000	558.197141	441.802859	558.827422	0.6302807463875979
1.075000	557.615169	442.384831	558.242079	0.6269095298914635
1.080000	557.039018	442.960982	557.662561	0.6235428557429259
1.085000	556.468627	443.531373	557.088808	0.6201809687627247
1.090000	555.903941	444.096059	556.520765	0.6168241084359352
1.095000	555.344902	444.655098	555.958374	0.6134725089932545
1.100000	554.791453	445.208547	555.401579	0.6101263994925148
1.105000	554.243538	445.756462	554.850324	0.6067860038979234
1.110000	553.701103	446.298897	554.304554	0.6034515411598704
1.115000	553.164092	446.835908	553.764215	0.6001232252915543
1.120000	552.632451	447.367549	553.229252	0.5968012654465156
1.125000	552.106126	447.893874	552.699612	0.5934858659941256
1.130000	551.585065	448.414935	552.175242	0.5901772265938234
1.135000	551.069214	448.930786	551.656090	0.5868755422693539
1.140000	550.558522	449.441478	551.142103	0.5835810034808446
1.145000	550.052937	449.947063	550.633231	0.5802937961966563
1.150000	549.552408	450.447592	550.129422	0.5770141019643233
1.155000	549.056884	450.943116	549.630626	0.5737420979797889
1.160000	548.566315	451.433685	549.136793	0.5704779571560721
1.165000	548.080652	451.919348	548.647874	0.5672218481919344
1.170000	547.599845	452.400155	548.163819	0.5639739356379323
1.175000	547.123847	452.876153	547.684581	0.5607343799622413
1.180000	546.652608	453.347392	547.210112	0.5575033376167084
1.185000	546.186082	453.813918	546.740363	0.5542809611001758
1.190000	545.724221	454.275779	546.275289	0.5510673990218038
1.195000	545.266979	454.733021	545.814842	0.5478627961640541
1.200000	544.814309	455.185691	545.358977	0.5446672935438528
1.205000	544.366166	455.633834	544.907647	0.5414810284730720
1.210000	543.922505	456.077495	544.460809	0.5383041346187838
1.215000	543.483280	456.516720	544.018416	0.5351367420627184
1.220000	543.048447	456.951553	543.580426	0.5319789773583352
1.225000	542.617962	457.382038	543.146793	0.5288309635892574
1.230000	542.191783	457.808217	542.717475	0.5256928204256610
1.235000	541.769865	458.230135	542.292430	0.5225646641797539
1.240000	541.352166	458.647834	541.871613	0.5194466078612550
1.245000	540.938645	459.061355	541.454983	0.5163387612319639
1.250000	540.529258	459.470742	541.042499	0.5132412308586254
1.255000	540.123966	459.876034	540.634120	0.5101541201660211
1.260000	539.722726	460.277274	540.229803	0.5070775294890382
1.265000	539.325499	460.674501	539.829510	0.5040115561246239
1.270000	538.932244	461.067756	539.433200	0.5009562943813535
1.275000	538.542921	461.457079	539.040833	0.4979118356299068
1.280000	538.157492	461.842508	538.652370	0.4948782683527497
1.285000	537.775917	462.224083	538.267773	0.4918556781916550
1.290000	537.398158	462.601842	537.887002	0.4888441479963603
1.295000	537.024176	462.975824	537.510020	0.4858437578712937
1.300000	536.653935	463.346065	537.136789	0.4828545852227535
1.305000	536.287395	463.712605	536.767272	0.4798767048037007
1.310000	535.924521	464.075479	536.401431	0.4769101887602574
1.315000	535.565276	464.434724	536.039231	0.4739551066750209
1.320000	535.209623	464.790377	535.680635	0.4710115256121981
1.325000	534.857527	465.142473	535.325607	0.4680795101596686
1.330000	534.508952	465.491048	534.974111	0.4651591224732101
1.335000	534.163862	465.836138	534.626113	0.4622504223169699
1.340000	533.822224	466.177776	534.281577	0.4593534671065527
1.345000	533.484001	466.515999	533.940470	0.4564683119485835
1.350000	533.149161	466.850839	533.602756	0.4535950096820898
1.355000	532.817670	467.182330	533.268403	0.4507336109174958
1.360000	532.489493	467.510507	532.937377	0.4478841640764131
1.365000	532.164598	467.835402	532.609645	0.4450467154300668
1.370000	531.842952	468.157048	532.285173	0.4422213091368121
1.375000	531.524523	468.475477	531.963931	0.4394079872807879
1.380000	531.209277	468.790723	531.645884	0.4366067899081827
1.385000	530.897185	469.102815	531.331002	0.4338177550635010
1.390000	530.588213	469.411787	531.019254	0.4310409188262838
1.395000	530.282331	469.717669	530.710607	0.4282763153456699
1.400000	529.979507	470.020493	530.405031	0.4255239768760930
1.405000	529.679712	470.320288	530.102496	0.4227839338112744
1.410000	529.382915	470.617085	529.802971	0.4200562147179880
1.415000	529.089086	470.910914	529.506427	0.4173408463697115
1.420000	528.798195	471.201805	529.212833	0.4146378537797091
1.425000	528.510213	471.489787	528.922160	0.4119472602333190
1.430000	528.225111	471.774889	528.634380	0.4092690873195579
1.435000	527.942860	472.057140	528.349463	0.4066033549635222
1.440000	527.663431	472.336569	528.067381	0.4039500814564008
1.445000	527.386797	472.613203	527.788106	0.4013092834873078
1.450000	527.112929	472.887071	527.511610	0.3986809761719314
1.455000	526.841800	473.158200	527.237865	0.3960651730835707
1.460000	526.573382	473.426618	526.966844	0.3934618862817842
1.465000	526.307648	473.692352	526.698519	0.3908711263411533
1.470000	526.044571	473.955429	526.432864	0.3882929023804991
1.475000	525.784126	474.215874	526.169853	0.3857272220894856
1.480000	525.526284	474.473716	525.909459	0.3831740917573825
1.485000	525.271022	474.728978	525.651655	0.3806335163001222
1.490000	525.018311	474.981689	525.396417	0.3781054992863346
1.495000	524.768128	475.231872	525.143718	0.3755900429647454
1.500000	524.520447	475.479553	524.893534	0.3730871482890734
1.505000	524.275243	475.724757	524.645839	0.3705968149445198
1.510000	524.032490	475.967510	524.400609	0.3681190413727791
1.515000	523.792165	476.207835	524.157819	0.3656538247964818
1.520000	523.554244	476.445756	523.917445	0.3632011612442057
1.525000	523.318701	476.681299	523.679462	0.3607610455740087
1.530000	523.085514	476.914486	523.443848	0.3583334714976445
1.535000	522.854659	477.145341	523.210577	0.3559184316039818
1.540000	522.626112	477.373888	522.979628	0.3535159173816282
1.545000	522.399851	477.600149	522.750977	0.3511259192415537
1.550000	522.175853	477.824147	522.524601	0.3487484265403964
1.555000	521.954094	478.045906	522.300478	0.3463834276011539
1.560000	521.734553	478.265447	522.078584	0.3440309097358067
1.565000	521.517208	478.482792	521.858899	0.3416908592657819
1.570000	521.302036	478.697964	521.641399	0.3393632615444631
1.575000	521.089015	478.910985	521.426063	0.3370481009760624
1.580000	520.878125	479.121875	521.212871	0.3347453610369939
1.585000	520.669344	479.330656	521.001799	0.3324550242962232
1.590000	520.462650	479.537350	520.792828	0.3301770724343669
1.595000	520.258024	479.741976	520.585935	0.3279114862631332
1.600000	520.055444	479.944556	520.381102	0.3256582457452168
1.605000	519.854889	480.145111	520.178307	0.3234173300119210
1.610000	519.656340	480.343660	519.977529	0.3211887173833929
1.615000	519.459777	480.540223	519.778749	0.3189723853852229
1.620000	519.265179	480.734821	519.581948	0.3167683107676567
1.625000	519.072527	480.927473	519.387104	0.3145764695223079
1.630000	518.881802	481.118198	519.194199	0.3123968369006889
1.635000	518.692984	481.307016	519.003214	0.3102293874304678
1.640000	518.506054	481.493946	518.814128	0.3080740949328629
1.645000	518.320994	481.679006	518.626925	0.3059309325393542
1.650000	518.137784	481.862216	518.441584	0.3037998727070317
1.655000	517.956406	482.043594	518.258087	0.3016808872364436
1.660000	517.776842	482.223158	518.076416	0.2995739472858077
1.665000	517.599074	482.400926	517.896553	0.2974790233877229
1.670000	517.423083	482.576917	517.718479	0.2953960854637216
1.675000	517.248852	482.751148	517.542177	0.2933251028402992
1.680000	517.076363	482.923637	517.367629	0.2912660442628976
1.685000	516.905600	483.094400	517.194819	0.2892188779111393
1.690000	516.736544	483.263456	517.023727	0.2871835714125837
1.695000	516.569178	483.430822	516.854338	0.2851600918580743
1.700000	516.403487	483.596513	516.686635	0.2831484058141314
1.705000	516.239452	483.760548	516.520600	0.2811484793380714
1.710000	516.077057	483.922943	516.356217	0.2791602779905134
1.715000	515.916287	484.083713	516.193470	0.2771837668493617
1.720000	515.757124	484.242876	516.032343	0.2752189105223124
1.725000	515.599553	484.400447	515.872818	0.2732656731599263
1.730000	515.443557	484.556443	515.714881	0.2713240184684764
1.735000	515.289121	484.710879	515.558515	0.2693939097222255
1.740000	515.136230	484.863770	515.403706	0.2674753097754774
1.745000	514.984868	485.015132	515.250436	0.2655681810746273
1.750000	514.835019	485.164981	515.098692	0.2636724856705541
1.755000	514.686669	485.313331	514.948457	0.2617881852293067
1.760000	514.539802	485.460198	514.799718	0.2599152410444958
1.765000	514.394404	485.605596	514.652458	0.2580536140478671
1.770000	514.250460	485.749540	514.506664	0.2562032648207833
1.775000	514.107956	485.892044	514.362320	0.2543641536047971
1.780000	513.966876	486.033124	514.219412	0.2525362403123381
1.785000	513.827207	486.172793	514.077927	0.2507194845380809
1.790000	513.688935	486.311065	513.937849	0.2489138455675857
1.795000	513.552046	486.447954	513.799165	0.2471192823892352
1.800000	513.416525	486.583475	513.661861	0.2453357537032161
1.805000	513.282360	486.717640	513.525923	0.2435632179315235
1.810000	513.149537	486.850463	513.391338	0.2418016332279649
1.815000	513.018041	486.981959	513.258092	0.2400509574868011
1.820000	512.887861	487.112139	513.126172	0.2383111483533185
1.825000	512.758982	487.241018	512.995564	0.2365821632319012
1.830000	512.631392	487.368608	512.866256	0.2348639592956943
1.835000	512.505078	487.494922	512.738235	0.2331564934951302
1.840000	512.380028	487.619972	512.611487	0.2314597225666830
1.845000	512.256227	487.743773	512.486001	0.2297736030415081
1.850000	512.133665	487.866335	512.361763	0.2280980912540826
1.855000	512.012328	487.987672	512.238762	0.2264331433498228
1.860000	511.892205	488.107795	512.116984	0.2247787152938940
1.865000	511.773283	488.226717	511.996418	0.2231347628784874
1.870000	511.655550	488.344450	511.877052	0.2215012417310618
1.875000	511.538995	488.461005	511.758873	0.2198781073223017
1.880000	511.423605	488.576395	511.641870	0.2182653149731095
1.885000	511.309369	488.690631	511.526032	0.2166628198622220
1.890000	511.196275	488.803725	511.411346	0.2150705770333161
1.895000	511.084312	488.915688	511.297801	0.2134885414029100
1.900000	510.973469	489.026531	511.185386	0.2119166677663316
1.905000	510.863735	489.136265	511.074089	0.2103549108053926
1.910000	510.755097	489.244903	510.963900	0.2088032250947549
1.915000	510.647546	489.352454	510.854808	0.2072615651084675
1.920000	510.541071	489.458929	510.746801	0.2057298852274130
1.925000	510.435660	489.564340	510.639868	0.2042081397440825
1.930000	510.331303	489.668697	510.534000	0.2026962828707610
1.935000	510.227990	489.772010	510.429185	0.2011942687438477
1.940000	510.125711	489.874289	510.325413	0.1997020514314727
1.945000	510.024453	489.975547	510.222673	0.1982195849382151
1.950000	509.924209	490.075791	510.120956	0.1967468232119245
1.955000	509.824967	490.175033	510.020251	0.1952837201486091
1.960000	509.726717	490.273283	509.920547	0.1938302295986318
1.965000	509.629450	490.370550	509.821836	0.1923863053719401
1.970000	509.533155	490.466845	509.724107	0.1909519012437499
1.975000	509.437824	490.562176	509.627351	0.1895269709589797
1.980000	509.343446	490.656554	509.531557	0.1881114682386738
1.985000	509.250011	490.749989	509.436717	0.1867053467843220
1.990000	509.157511	490.842489	509.342820	0.1853085602828060
1.995000	509.065936	490.934064	509.249857	0.1839210624118550
2.000000	508.975277	491.024723	509.157819	0.1825428068442534
2.005000	508.885524	491.114476	509.066698	0.1811737472530126
2.010000	508.796669	491.203331	508.976482	0.1798138373152938
2.015000	508.708702	491.291298	508.887165	0.1784630307179214
2.020000	508.621615	491.378385	508.798736	0.1771212811610212
2.025000	508.535399	491.464601	508.711187	0.1757885423625680
2.030000	508.450045	491.549955	508.624510	0.1744647680628191
2.035000	508.365544	491.634456	508.538694	0.1731499120282365
2.040000	508.281889	491.718111	508.453733	0.1718439280555231
2.045000	508.199070	491.800930	508.369617	0.1705467699762266
2.050000	508.117079	491.882921	508.286338	0.1692583916595822
2.055000	508.035909	491.964091	508.203887	0.1679787470175143
2.060000	507.955549	492.044451	508.122257	0.1667077900073650
2.065000	507.875994	492.124006	508.041439	0.1654454746363285
2.070000	507.797234	492.202766	507.961426	0.1641917549645768
2.075000	507.719262	492.280738	507.882208	0.1629465851088412
2.080000	507.642069	492.357931	507.803779	0.1617099192462206
2.085000	507.565648	492.434352	507.726130	0.1604817116170807
2.090000	507.489992	492.510008	507.649254	0.1592619165284646
2.095000	507.415092	492.584908	507.573142	0.1580504883575031
2.100000	507.340941	492.659059	507.497788	0.1568473815545417
2.105000	507.267532	492.732468	507.423184	0.1556525506459252
2.110000	507.194856	492.805144	507.349322	0.1544659502373520
2.115000	507.122908	492.877092	507.276195	0.1532875350167160
2.120000	507.051679	492.948321	507.203796	0.1521172597567215
2.125000	506.981162	493.018838	507.132117	0.1509550793182370
2.130000	506.911350	493.088650	507.061151	0.1498009486523983
2.135000	506.842237	493.157763	506.990892	0.1486548228037350
2.140000	506.773814	493.226186	506.921331	0.1475166569130693
2.145000	506.706076	493.293924	506.852463	0.1463864062189941
2.150000	506.639015	493.360985	506.784280	0.1452640260617386
2.155000	506.572625	493.427375	506.716775	0.1441494718842478
2.160000	506.506899	493.493101	506.649942	0.1430426992358775
2.165000	506.441830	493.558170	506.583774	0.1419436637736453
2.170000	506.377412	493.622588	506.518264	0.1408523212652995
2.175000	506.313638	493.686362	506.453406	0.1397686275909109
2.180000	506.250501	493.749499	506.389194	0.1386925387453743
2.185000	506.187996	493.812004	506.325620	0.1376240108403977
2.190000	506.126116	493.873884	506.262679	0.1365630001064915
2.195000	506.064855	493.935145	506.200365	0.1355094628952997
2.200000	506.004207	493.995793	506.138670	0.1344633556811345
2.205000	505.944165	494.055835	506.077589	0.1334246350629655
2.210000	505.884723	494.115277	506.017116	0.1323932577662958
2.215000	505.825876	494.174124	505.957245	0.1313691806451516
2.220000	505.767617	494.232383	505.897969	0.1303523606835597
2.225000	505.709941	494.290059	505.839283	0.1293427549974240
2.230000	505.652841	494.347159	505.781182	0.1283403208360028
2.235000	505.596313	494.403687	505.723658	0.1273450155835008
2.240000	505.540350	494.459650	505.666707	0.1263567967611721
2.245000	505.484946	494.515054	505.610322	0.1253756220277182
2.250000	505.430097	494.569903	505.554498	0.1244014491820167
2.255000	505.375796	494.624204	505.499230	0.1234342361637459
2.260000	505.322038	494.677962	505.444512	0.1224739410549205
2.265000	505.268818	494.731182	505.390338	0.1215205220814255
2.270000	505.216129	494.783871	505.336703	0.1205739376142674
2.275000	505.163968	494.836032	505.283602	0.1196341461705970
2.280000	505.112328	494.887672	505.231029	0.1187011064153012
2.285000	505.061205	494.938795	505.178980	0.1177747771616851
2.290000	505.010593	494.989407	505.127448	0.1168551173732908
2.295000	504.960487	495.039513	505.076429	0.1159420861644662
2.300000	504.910882	495.089118	505.025918	0.1150356428016153
2.305000	504.861773	495.138227	504.975909	0.1141357467040507
2.310000	504.813156	495.186844	504.926398	0.1132423574457562
2.315000	504.765024	495.234976	504.877380	0.1123554347550453
2.320000	504.717374	495.282626	504.828849	0.1114749385166078
2.325000	504.670200	495.329800	504.780801	0.1106008287720215
2.330000	504.623498	495.376502	504.733231	0.1097330657204907
2.335000	504.577263	495.422737	504.686135	0.1088716097196993
2.340000	504.531491	495.468509	504.639507	0.1080164212868340
2.345000	504.486176	495.513824	504.593343	0.1071674610991522
2.350000	504.441314	495.558686	504.547639	0.1063246899950059
2.355000	504.396901	495.603099	504.502389	0.1054880689739548
2.360000	504.352932	495.647068	504.457589	0.1046575591978467
2.365000	504.309402	495.690598	504.413236	0.1038331219916699
2.370000	504.266308	495.733692	504.369323	0.1030147188436104
2.375000	504.223645	495.776355	504.325848	0.1022023114061881
2.380000	504.181409	495.818591	504.282805	0.1013958614965418
2.385000	504.139595	495.860405	504.240190	0.1005953310966561
2.390000	504.098199	495.901801	504.197999	0.0998006823545552
2.395000	504.057217	495.942783	504.156229	0.0990118775842461
2.400000	504.016645	495.983355	504.114874	0.0982288792665145
2.405000	503.976478	496.023522	504.073930	0.0974516500489244
2.410000	503.936713	496.063287	504.033394	0.0966801527466146
2.415000	503.897346	496.102654	503.993261	0.0959143503425821
2.420000	503.858373	496.141627	503.953527	0.0951542059879102
2.425000	503.819789	496.180211	503.914189	0.0943996830021661
2.430000	503.781591	496.218409	503.875242	0.0936507448736279
2.435000	503.743775	496.256225	503.836683	0.0929073552600244
2.440000	503.706338	496.293662	503.798507	0.0921694779879658
2.445000	503.669274	496.330726	503.760711	0.0914370770537971
2.450000	503.632581	496.367419	503.723292	0.0907101166237112
2.455000	503.596256	496.403744	503.686244	0.0899885610339197
2.460000	503.560293	496.439707	503.649565	0.0892723747908235
2.465000	503.524690	496.475310	503.613252	0.0885615225707852
2.470000	503.489443	496.510557	503.577299	0.0878559692209251
2.475000	503.454549	496.545451	503.541704	0.0871556797591211
2.480000	503.420003	496.579997	503.506464	0.0864606193734403
2.485000	503.385803	496.614197	503.471574	0.0857707534229917
2.490000	503.351945	496.648055	503.437031	0.0850860474375850
2.495000	503.318426	496.681574	503.402832	0.0844064671177875
2.500000	503.285242	496.714758	503.368973	0.0837319783351518
2.505000	503.252389	496.747611	503.335452	0.0830625471321582
2.510000	503.219865	496.780135	503.302263	0.0823981397219313
2.515000	503.187667	496.812333	503.269405	0.0817387224883532
2.520000	503.155790	496.844210	503.236874	0.0810842619863479
2.525000	503.124232	496.875768	503.204667	0.0804347249414263
2.530000	503.092990	496.907010	503.172780	0.0797900782497436
2.535000	503.062060	496.937940	503.141210	0.0791502889777576
2.540000	503.031439	496.968561	503.109955	0.0785153243626269
2.545000	503.001125	496.998875	503.079010	0.0778851518119268
2.550000	502.971114	497.028886	503.048373	0.0772597389029670
2.555000	502.941402	497.058598	503.018041	0.0766390533835306
2.560000	502.911988	497.088012	502.988011	0.0760230631708509
2.565000	502.882869	497.117131	502.958280	0.0754117363520663
2.570000	502.854040	497.145960	502.928845	0.0748050411838790
2.575000	502.825499	497.174501	502.899702	0.0742029460920435
2.580000	502.797244	497.202756	502.870850	0.0736054196713098
2.585000	502.769272	497.230728	502.842284	0.0730124306855942
2.590000	502.741579	497.258421	502.814003	0.0724239480671258
2.595000	502.714163	497.285837	502.786003	0.0718399409163339
2.600000	502.687022	497.312978	502.758282	0.0712603785021884
2.605000	502.660152	497.339848	502.730837	0.0706852302610059
2.610000	502.633550	497.366450	502.703665	0.0701144657966779
2.615000	502.607215	497.392785	502.676763	0.0695480548803289
2.620000	502.581142	497.418858	502.650128	0.0689859674500894
2.625000	502.555331	497.444669	502.623759	0.0684281736105277
2.630000	502.529778	497.470222	502.597652	0.0678746436322513
2.635000	502.504480	497.495520	502.571805	0.0673253479520213
2.640000	502.479435	497.520565	502.546215	0.0667802571720699
2.645000	502.454641	497.545359	502.520880	0.0662393420597027
2.650000	502.430094	497.569906	502.495797	0.0657025735471279
2.655000	502.405793	497.594207	502.470963	0.0651699227310587
2.660000	502.381736	497.618264	502.446377	0.0646413608720309
2.665000	502.357918	497.642082	502.422035	0.0641168593942325
2.670000	502.334339	497.665661	502.397935	0.0635963898852765
2.675000	502.310996	497.689004	502.374075	0.0630799240953479
2.680000	502.287886	497.712114	502.350453	0.0625674339373745
2.685000	502.265007	497.734993	502.327066	0.0620588914859468
2.690000	502.242357	497.757643	502.303911	0.0615542689771473
2.695000	502.219933	497.780067	502.280987	0.0610535388085509
2.700000	502.197734	497.802266	502.258290	0.0605566735380307
2.705000	502.175756	497.824244	502.235820	0.0600636458834742
2.710000	502.153999	497.846001	502.213573	0.0595744287229536
2.715000	502.132459	497.867541	502.191548	0.0590889950935320
2.720000	502.111134	497.888866	502.169742	0.0586073181910365
2.725000	502.090023	497.909977	502.148152	0.0581293713694890
2.730000	502.069123	497.930877	502.126778	0.0576551281408797
2.735000	502.048432	497.951568	502.105616	0.0571845621744842
2.740000	502.027947	497.972053	502.084665	0.0567176472962956
2.745000	502.007668	497.992332	502.063922	0.0562543574886263
2.750000	501.987591	498.012409	502.043386	0.0557946668891987
2.755000	501.967715	498.032285	502.023054	0.0553385497917702
2.760000	501.948038	498.051962	502.002924	0.0548859806440873
2.765000	501.928558	498.071442	501.982995	0.0544369340483399
2.770000	501.909272	498.090728	501.963263	0.0539913847606499
2.775000	501.890179	498.109821	501.943729	0.0535493076897637
2.780000	501.871278	498.128722	501.924388	0.0531106778973367
2.785000	501.852565	498.147435	501.905240	0.0526754705971939
2.790000	501.834039	498.165961	501.886283	0.0522436611543640
2.795000	501.815699	498.184301	501.867514	0.0518152250846811
2.800000	501.797542	498.202458	501.848932	0.0513901380547281
2.805000	501.779566	498.220434	501.830535	0.0509683758805295
2.810000	501.761771	498.238229	501.812321	0.0505499145277781
2.815000	501.744153	498.255847	501.794288	0.0501347301104147
2.820000	501.726711	498.273289	501.776434	0.0497227988906843
2.825000	501.709444	498.290556	501.758758	0.0493140972782840
2.830000	501.692350	498.307650	501.741258	0.0489086018298508
2.835000	501.675426	498.324574	501.723933	0.0485062892482802
2.840000	501.658672	498.341328	501.706779	0.0481071363824981
2.845000	501.642085	498.357915	501.689796	0.0477111202262677
2.850000	501.625665	498.374335	501.672983	0.0473182179181322
2.855000	501.609408	498.390592	501.656336	0.0469284067406761
2.860000	501.593314	498.406686	501.639855	0.0465416641196157
2.865000	501.577381	498.422619	501.623539	0.0461579676235715
2.870000	501.561607	498.438393	501.607384	0.0457772949635569
2.875000	501.545991	498.454009	501.591390	0.0453996239917842
2.880000	501.530531	498.469469	501.575556	0.0450249327017787
2.885000	501.515226	498.484774	501.559879	0.0446531992272980
2.890000	501.500073	498.499927	501.544358	0.0442844018417077
2.895000	501.485073	498.514927	501.528991	0.0439185189577529
2.900000	501.470222	498.529778	501.513777	0.0435555291264791
2.905000	501.455520	498.544480	501.498715	0.0431954110371748
2.910000	501.440964	498.559036	501.483803	0.0428381435159508
2.915000	501.426555	498.573445	501.469038	0.0424837055260241
2.920000	501.412289	498.587711	501.454421	0.0421320761663537
2.925000	501.398166	498.601834	501.439950	0.0417832346715841
2.930000	501.384185	498.615815	501.425622	0.0414371604110215
2.935000	501.370343	498.629657	501.411437	0.0410938328881230
2.940000	501.356639	498.643361	501.397393	0.0407532317399841
2.945000	501.343073	498.656927	501.383488	0.0404153367368849
2.950000	501.329642	498.670358	501.369722	0.0400801277807545
2.955000	501.316346	498.683654	501.356093	0.0397475849059674
2.960000	501.303182	498.696818	501.342600	0.0394176882773536
2.965000	501.290151	498.709849	501.329241	0.0390904181906535
2.970000	501.277249	498.722751	501.316015	0.0387657550710401
2.975000	501.264477	498.735523	501.302920	0.0384436794730618
2.980000	501.251832	498.748168	501.289956	0.0381241720797334
2.985000	501.239313	498.760687	501.277121	0.0378072137019672
2.990000	501.226920	498.773080	501.264413	0.0374927852780047
2.995000	501.214651	498.785349	501.251832	0.0371808678728485
3.000000	501.202505	498.797495	501.239376	0.0368714426771817
3.005000	501.190480	498.809520	501.227044	0.0365644910074820
3.010000	501.178575	498.821425	501.214835	0.0362599943048281
3.015000	501.166789	498.833211	501.202747	0.0359579341344443
3.020000	501.155121	498.844879	501.190779	0.0356582921848485
3.025000	501.143570	498.856430	501.178931	0.0353610502676815
3.030000	501.132134	498.867866	501.167200	0.0350661903169112
3.035000	501.120813	498.879187	501.155587	0.0347736943879227
3.040000	501.109605	498.890395	501.144088	0.0344835446571210
3.045000	501.098509	498.901491	501.132704	0.0341957234211918
3.050000	501.087524	498.912476	501.121434	0.0339102130967603
3.055000	501.076648	498.923352	501.110275	0.0336269962195956
3.060000	501.065882	498.934118	501.099228	0.0333460554434737
3.065000	501.055223	498.944777	501.088290	0.0330673735404616
3.070000	501.044671	498.955329	501.077462	0.0327909333999514
3.075000	501.034224	498.965776	501.066741	0.0325167180274661
3.080000	501.023882	498.976118	501.056127	0.0322447105448305
3.085000	501.013643	498.986357	501.045618	0.0319748941892612
3.090000	501.003507	498.996493	501.035214	0.0317072523125717
3.095000	500.993472	499.006528	501.024913	0.0314417683806028
3.100000	500.983537	499.016463	501.014715	0.0311784259729961
3.105000	500.973702	499.026298	501.004619	0.0309172087818865
3.110000	500.963965	499.036035	500.994623	0.0306581006119586
3.115000	500.954325	499.045675	500.984726	0.0304010853793102
3.120000	500.944782	499.055218	500.974928	0.0301461471114521
3.125000	500.935334	499.064666	500.965227	0.0298932699459442
3.130000	500.925980	499.074020	500.955623	0.0296424381300540
3.135000	500.916721	499.083279	500.946114	0.0293936360205862
3.140000	500.907553	499.092447	500.936700	0.0291468480827461
3.145000	500.898478	499.101522	500.927380	0.0289020588895141
3.150000	500.889493	499.110507	500.918152	0.0286592531215888
3.155000	500.880598	499.119402	500.909017	0.0284184155661933
3.160000	500.871792	499.128208	500.899972	0.0281795311167343
3.165000	500.863074	499.136926	500.891017	0.0279425847721768
3.170000	500.854444	499.145556	500.882151	0.0277075616364186
3.175000	500.845899	499.154101	500.873374	0.0274744469176085
3.180000	500.837440	499.162560	500.864683	0.0272432259278048
3.185000	500.829066	499.170934	500.856080	0.0270138840819527
3.190000	500.820775	499.179225	500.847561	0.0267864068977133
3.195000	500.812567	499.187433	500.839128	0.0265607799949521
3.200000	500.804442	499.195558	500.830779	0.0263369890942613
3.205000	500.796397	499.203603	500.822512	0.0261150200174711
3.210000	500.788433	499.211567	500.814328	0.0258948586865131
3.215000	500.780549	499.219451	500.806225	0.0256764911227947
3.220000	500.772743	499.227257	500.798203	0.0254599034468015
3.225000	500.765016	499.234984	500.790261	0.0252450818773582
3.230000	500.757366	499.242634	500.782398	0.0250320127312875
3.235000	500.749792	499.250208	500.774613	0.0248206824223871
3.240000	500.742294	499.257706	500.766905	0.0246110774614294
3.245000	500.734871	499.265129	500.759275	0.0244031844551387
3.250000	500.727523	499.272477	500.751720	0.0241969901057928
3.255000	500.720247	499.279753	500.744240	0.0239924812105414
3.260000	500.713045	499.286955	500.736835	0.0237896446609511
3.265000	500.705914	499.294086	500.729503	0.0235884674425506
3.270000	500.698855	499.301145	500.722244	0.0233889366339213
3.275000	500.691867	499.308133	500.715058	0.0231910394063561
3.280000	500.684948	499.315052	500.707943	0.0229947630232346
3.285000	500.678099	499.321901	500.700899	0.0228000948396243
3.290000	500.671318	499.328682	500.693925	0.0226070223015995
3.295000	500.664604	499.335396	500.687020	0.0224155329453311
3.300000	500.657958	499.342042	500.680184	0.0222256143973709
3.305000	500.651379	499.348621	500.673416	0.0220372543731742
3.310000	500.644865	499.355135	500.666715	0.0218504406772126
3.315000	500.638416	499.361584	500.660082	0.0216651612021224
3.320000	500.632032	499.367968	500.653514	0.0214814039281350
3.325000	500.625712	499.374288	500.647011	0.0212991569227938
3.330000	500.619455	499.380545	500.640573	0.0211184083400440
3.335000	500.613260	499.386740	500.634199	0.0209391464200621
3.340000	500.607128	499.392872	500.627889	0.0207613594885174
3.345000	500.601056	499.398944	500.621641	0.0205850359558326
3.350000	500.595046	499.404954	500.615456	0.0204101643172407
3.355000	500.589095	499.410905	500.609332	0.0202367331515347
3.360000	500.583204	499.416796	500.603269	0.0200647311211242
3.365000	500.577372	499.422628	500.597266	0.0198941469712963
3.370000	500.571599	499.428401	500.591324	0.0197249695294772
3.375000	500.565883	499.434117	500.585440	0.0195571877050043
3.380000	500.560224	499.439776	500.579615	0.0193907904886714
3.385000	500.554622	499.445378	500.573847	0.0192257669517062
3.390000	500.549075	499.450925	500.568137	0.0190621062459400
3.395000	500.543585	499.456415	500.562484	0.0188997976026144
3.400000	500.538149	499.461851	500.556888	0.0187388303324383
3.405000	500.532767	499.467233	500.551346	0.0185791938247348
3.410000	500.527440	499.472560	500.545860	0.0184208775471575
3.415000	500.522165	499.477835	500.540429	0.0182638710449510
3.420000	500.516944	499.483056	500.535052	0.0181081639406102
3.425000	500.511774	499.488226	500.529728	0.0179537459334824
3.430000	500.506656	499.493344	500.524457	0.0178006067988008
3.435000	500.501590	499.498410	500.519239	0.0176487363876845
3.440000	500.496574	499.503426	500.514072	0.0174981246266270
3.445000	500.491608	499.508392	500.508957	0.0173487615165300
3.450000	500.486692	499.513308	500.503893	0.0172006371328735
3.455000	500.481825	499.518175	500.498879	0.0170537416246361
3.460000	500.477007	499.522993	500.493915	0.0169080652142384
3.465000	500.472237	499.527763	500.489000	0.0167635981968601
3.470000	500.467514	499.532486	500.484135	0.0166203309398725
3.475000	500.462839	499.537161	500.479318	0.0164782538825534
3.480000	500.458211	499.541789	500.474548	0.0163373575356331
3.485000	500.453629	499.546371	500.469826	0.0161976324805551
3.490000	500.449093	499.550907	500.465152	0.0160590693694189
3.495000	500.444602	499.555398	500.460523	0.0159216589240145
3.500000	500.440156	499.559844	500.455941	0.0157853919356512
3.505000	500.435754	499.564246	500.451404	0.0156502592648167
3.510000	500.431396	499.568604	500.446913	0.0155162518405518
3.515000	500.427083	499.572917	500.442466	0.0153833606598255
3.520000	500.422812	499.577188	500.438063	0.0152515767874206
3.525000	500.418584	499.581416	500.433704	0.0151208913551955
3.530000	500.414398	499.585602	500.429389	0.0149912955617992
3.535000	500.410254	499.589746	500.425117	0.0148627806723312
3.540000	500.406151	499.593849	500.420887	0.0147353380173740
3.545000	500.402090	499.597910	500.416699	0.0146089589931080
3.550000	500.398069	499.601931	500.412552	0.0144836350607989
3.555000	500.394088	499.605912	500.408447	0.0143593577460592
3.560000	500.390147	499.609853	500.404383	0.0142361186387348
3.565000	500.386246	499.613754	500.400360	0.0141139093919946
3.570000	500.382383	499.617617	500.396376	0.0139927217226159
3.575000	500.378559	499.621441	500.392432	0.0138725474099601
3.580000	500.374774	499.625226	500.388527	0.0137533782957462
3.585000	500.371026	499.628974	500.384661	0.0136352062835385
3.590000	500.367316	499.632684	500.380834	0.0135180233387473
3.595000	500.363643	499.636357	500.377045	0.0134018214873777
3.600000	500.360006	499.639994	500.373293	0.0132865928165984
3.605000	500.356406	499.643594	500.369579	0.0131723294733206
3.610000	500.352842	499.647158	500.365901	0.0130590236647095
3.615000	500.349314	499.650686	500.362260	0.0129466676571610
3.620000	500.345821	499.654179	500.358656	0.0128352537760748
3.625000	500.342362	499.657638	500.355087	0.0127247744055126
3.630000	500.338939	499.661061	500.351554	0.0126152219875735
3.635000	500.335549	499.664451	500.348056	0.0125065890225073
3.640000	500.332194	499.667806	500.344593	0.0123988680674643
3.645000	500.328872	499.671128	500.341164	0.0122920517370062
3.650000	500.325583	499.674417	500.337769	0.0121861327022543
3.655000	500.322327	499.677673	500.334409	0.0120811036900932
3.660000	500.319104	499.680896	500.331081	0.0119769574837960
3.665000	500.315913	499.684087	500.327787	0.0118736869217742
3.670000	500.312754	499.687246	500.324525	0.0117712848973497
3.675000	500.309626	499.690374	500.321296	0.0116697443588123
3.680000	500.306530	499.693470	500.318099	0.0115690583085097
3.685000	500.303465	499.696535	500.314934	0.0114692198026205
3.690000	500.300430	499.699570	500.311800	0.0113702219509264
3.695000	500.297426	499.702574	500.308698	0.0112720579164716
3.700000	500.294452	499.705548	500.305626	0.0111747209149371
3.705000	500.291507	499.708493	500.302585	0.0110782042140727
3.710000	500.288592	499.711408	500.299575	0.0109825011342650
3.715000	500.285706	499.714294	500.296594	0.0108876050470030
3.720000	500.282849	499.717151	500.293643	0.0107935093754463
3.725000	500.280021	499.719979	500.290721	0.0107002075932883
3.730000	500.277220	499.722780	500.287828	0.0106076932250403
3.735000	500.274448	499.725552	500.284964	0.0105159598453497
3.740000	500.271704	499.728296	500.282129	0.0104250010788292
3.745000	500.268987	499.731013	500.279321	0.0103348105993177
3.750000	500.266297	499.733703	500.276542	0.0102453821299378
3.755000	500.263634	499.736366	500.273791	0.0101567094424126
3.760000	500.260997	499.739003	500.271066	0.0100687863573512
3.765000	500.258388	499.741612	500.268369	0.0099816067428833
3.770000	500.255804	499.744196	500.265699	0.0098951645152283
3.775000	500.253246	499.746754	500.263055	0.0098094536380131
3.780000	500.250713	499.749287	500.260438	0.0097244681216466
3.785000	500.248206	499.751794	500.257846	0.0096402020236042
3.790000	500.245724	499.754276	500.255281	0.0095566494474042
3.795000	500.243267	499.756733	500.252741	0.0094738045428358
3.800000	500.240834	499.759166	500.250226	0.0093916615054468
3.805000	500.238426	499.761574	500.247736	0.0093102145760895
3.810000	500.236041	499.763959	500.245271	0.0092294580404086
3.815000	500.233681	499.766319	500.242830	0.0091493862292396
3.820000	500.231344	499.768656	500.240414	0.0090699935177554
3.825000	500.229031	499.770969	500.238022	0.0089912743247851
3.830000	500.226740	499.773260	500.235654	0.0089132231133817
3.835000	500.224473	499.775527	500.233309	0.0088358343898562
3.840000	500.222228	499.777772	500.230987	0.0087591027037774
3.845000	500.220006	499.779994	500.228689	0.0086830226474035
3.850000	500.217806	499.782194	500.226414	0.0086075888553978
3.855000	500.215628	499.784372	500.224161	0.0085327960050563
3.860000	500.213472	499.786528	500.221930	0.0084586388150001
3.865000	500.211337	499.788663	500.219722	0.0083851120458007
3.870000	500.209224	499.790776	500.217536	0.0083122104992981
3.875000	500.207131	499.792869	500.215371	0.0082399290182593
3.880000	500.205060	499.794940	500.213228	0.0081682624859241
3.885000	500.203009	499.796991	500.211107	0.0080972058260613
3.890000	500.200979	499.799021	500.209006	0.0080267540029126
3.895000	500.198970	499.801030	500.206926	0.0079569020197141
3.900000	500.196980	499.803020	500.204867	0.0078876449199470
3.905000	500.195010	499.804990	500.202829	0.0078189777858597
3.910000	500.193060	499.806940	500.200811	0.0077508957386385
3.915000	500.191129	499.808871	500.198813	0.0076833939383505
3.920000	500.189218	499.810782	500.196835	0.0076164675832047
3.925000	500.187326	499.812674	500.194876	0.0075501119094383
3.930000	500.185453	499.814547	500.192937	0.0074843221912602
3.935000	500.183598	499.816402	500.191017	0.0074190937402250
3.940000	500.181762	499.818238	500.189117	0.0073544219051200
3.945000	500.179944	499.820056	500.187235	0.0072903020716240
3.950000	500.178145	499.821855	500.185372	0.0072267296624204
3.955000	500.176364	499.823636	500.183527	0.0071637001360614
3.960000	500.174600	499.825400	500.181701	0.0071012089876490
3.965000	500.172854	499.827146	500.179893	0.0070392517479831
3.970000	500.171125	499.828875	500.178103	0.0069778239834477
3.975000	500.169414	499.830586	500.176331	0.0069169212957263
3.980000	500.167720	499.832280	500.174577	0.0068565393217455
3.985000	500.166043	499.833957	500.172839	0.0067966737329357
3.990000	500.164382	499.835618	500.171120	0.0067373202354588
3.995000	500.162739	499.837261	500.169417	0.0066784745698669
4.000000	500.161111	499.838889	500.167731	0.0066201325105908
4.005000	500.159500	499.840500	500.166062	0.0065622898656557
4.010000	500.157905	499.842095	500.164410	0.0065049424769086
4.015000	500.156326	499.843674	500.162774	0.0064480862194500
4.020000	500.154763	499.845237	500.161154	0.0063917170011791
4.025000	500.153215	499.846785	500.159551	0.0063358307629073
4.030000	500.151683	499.848317	500.157963	0.0062804234779037
4.035000	500.150166	499.849834	500.156392	0.0062254911516106
4.040000	500.148664	499.851336	500.154836	0.0061710298219282
4.045000	500.147178	499.852822	500.153295	0.0061170355580771
4.050000	500.145706	499.854294	500.151770	0.0060635044610535
4.055000	500.144249	499.855751	500.150259	0.0060104326630608
4.060000	500.142807	499.857193	500.148764	0.0059578163275091
4.065000	500.141378	499.858622	500.147284	0.0059056516485043
4.070000	500.139965	499.860035	500.145819	0.0058539348509044
4.075000	500.138565	499.861435	500.144368	0.0058026621898648
4.080000	500.137179	499.862821	500.142931	0.0057518299507251
4.085000	500.135808	499.864192	500.141509	0.0057014344486674
4.090000	500.134449	499.865551	500.140101	0.0056514720286032
4.095000	500.133105	499.866895	500.138707	0.0056019390650022
4.100000	500.131774	499.868226	500.137327	0.0055528319612677
4.105000	500.130456	499.869544	500.135960	0.0055041471501909
4.110000	500.129152	499.870848	500.134608	0.0054558810932122
4.115000	500.127860	499.872140	500.133268	0.0054080302803072
4.120000	500.126582	499.873418	500.131942	0.0053605912297598
4.125000	500.125316	499.874684	500.130629	0.0053135604882186
4.130000	500.124063	499.875937	500.129329	0.0052669346300718
4.135000	500.122822	499.877178	500.128043	0.0052207102574471
4.140000	500.121594	499.878406	500.126769	0.0051748839999277
4.145000	500.120378	499.879622	500.125507	0.0051294525145522
4.150000	500.119174	499.880826	500.124258	0.0050844124853029
4.155000	500.117982	499.882018	500.123022	0.0050397606229922
4.160000	500.116802	499.883198	500.121798	0.0049954936654331
4.165000	500.115634	499.884366	500.120586	0.0049516083762455
4.170000	500.114478	499.885522	500.119386	0.0049081015461070
4.175000	500.113333	499.886667	500.118198	0.0048649699912175
4.180000	500.112200	499.887800	500.117022	0.0048222105536411
4.185000	500.111078	499.888922	500.115858	0.0047798201014189
4.190000	500.109967	499.890033	500.114705	0.0047377955278307
4.195000	500.108868	499.891132	500.113564	0.0046961337513949
4.200000	500.107779	499.892221	500.112434	0.0046548317158113
4.205000	500.106701	499.893299	500.111315	0.0046138863895635
4.210000	500.105634	499.894366	500.110207	0.0045732947658621
4.215000	500.104578	499.895422	500.109111	0.0045330538624171
4.220000	500.103532	499.896468	500.108025	0.0044931607213243
4.225000	500.102497	499.897503	500.106950	0.0044536124085539
4.230000	500.101472	499.898528	500.105886	0.0044144060142912
4.235000	500.100457	499.899543	500.104832	0.0043755386523685
4.240000	500.099452	499.900548	500.103789	0.0043370074599238
4.245000	500.098458	499.901542	500.102757	0.0042988095977421
4.250000	500.097473	499.902527	500.101734	0.0042609422499709
4.255000	500.096499	499.903501	500.100722	0.0042234026233245
4.260000	500.095534	499.904466	500.099720	0.0041861879475960
4.265000	500.094578	499.905422	500.098727	0.0041492954752584
4.270000	500.093632	499.906368	500.097745	0.0041127224812385
4.275000	500.092696	499.907304	500.096773	0.0040764662626316
4.280000	500.091769	499.908231	500.095810	0.0040405241389863
4.285000	500.090851	499.909149	500.094856	0.0040048934514516
4.290000	500.089943	499.910057	500.093912	0.0039695715632320
4.295000	500.089043	499.910957	500.092978	0.0039345558590753
4.300000	500.088153	499.911847	500.092053	0.0038998437449322
4.305000	500.087272	499.912728	500.091137	0.0038654326485243
4.310000	500.086399	499.913601	500.090230	0.0038313200181506
4.315000	500.085535	499.914465	500.089332	0.0037975033234829
4.320000	500.084679	499.915321	500.088443	0.0037639800547709
4.325000	500.083833	499.916167	500.087563	0.0037307477230684
4.330000	500.082994	499.917006	500.086692	0.0036978038594953
4.335000	500.082164	499.917836	500.085830	0.0036651460158623
4.340000	500.081343	499.918657	500.084976	0.0036327717641029
4.345000	500.080529	499.919471	500.084130	0.0036006786958751
4.350000	500.079724	499.920276	500.083293	0.0035688644229595
4.355000	500.078927	499.921073	500.082464	0.0035373265765202
4.360000	500.078138	499.921862	500.081644	0.0035060628073893
4.365000	500.077356	499.922644	500.080831	0.0034750707857256
4.370000	500.076583	499.923417	500.080027	0.0034443482010715
4.375000	500.075817	499.924183	500.079231	0.0034138927617278
4.380000	500.075059	499.924941	500.078442	0.0033837021950944
4.385000	500.074308	499.925692	500.077662	0.0033537742471594
4.390000	500.073565	499.926435	500.076889	0.0033241066828964
4.395000	500.072829	499.927171	500.076124	0.0032946972853551
4.400000	500.072101	499.927899	500.075367	0.0032655438558891
4.405000	500.071380	499.928620	500.074617	0.0032366442144962
4.410000	500.070666	499.929334	500.073874	0.0032079961987392
4.415000	500.069960	499.930040	500.073139	0.0031795976641433
4.420000	500.069260	499.930740	500.072411	0.0031514464840257
4.425000	500.068567	499.931433	500.071691	0.0031235405494385
4.430000	500.067882	499.932118	500.070978	0.0030958777686578
4.435000	500.067203	499.932797	500.070271	0.0030684560674672
4.440000	500.066531	499.933469	500.069572	0.0030412733888170
4.445000	500.065866	499.934134	500.068880	0.0030143276926538
4.450000	500.065207	499.934793	500.068194	0.0029876169558065
4.455000	500.064555	499.935445	500.067516	0.0029611391720437
4.460000	500.063909	499.936091	500.066844	0.0029348923515045
4.465000	500.063270	499.936730	500.066179	0.0029088745213244
4.470000	500.062637	499.937363	500.065521	0.0028830837243845
4.475000	500.062011	499.937989	500.064869	0.0028575180202211
4.480000	500.061391	499.938609	500.064223	0.0028321754845706
4.485000	500.060777	499.939223	500.063584	0.0028070542090290
4.490000	500.060169	499.939831	500.062951	0.0027821523007674
4.495000	500.059568	499.940432	500.062325	0.0027574678833275
4.500000	500.058972	499.941028	500.061705	0.0027329990952012
4.505000	500.058382	499.941618	500.061091	0.0027087440907962
4.510000	500.057798	499.942202	500.060483	0.0026847010399251
4.515000	500.057220	499.942780	500.059881	0.0026608681273501
4.520000	500.056648	499.943352	500.059285	0.0026372435530675
4.525000	500.056082	499.943918	500.058696	0.0026138255321939
4.530000	500.055521	499.944479	500.058111	0.0025906122945685
4.535000	500.054966	499.945034	500.057533	0.0025676020849801
4.540000	500.054416	499.945584	500.056961	0.0025447931626559
4.545000	500.053872	499.946128	500.056394	0.0025221838013749
4.550000	500.053333	499.946667	500.055833	0.0024997722895250
4.555000	500.052800	499.947200	500.055277	0.0024775569296480
4.560000	500.052272	499.947728	500.054727	0.0024555360382692
4.565000	500.051749	499.948251	500.054183	0.0024337079462953
4.570000	500.051232	499.948768	500.053644	0.0024120709986164
4.575000	500.050719	499.949281	500.053110	0.0023906235534810
4.580000	500.050212	499.949788	500.052581	0.0023693639834050
4.585000	500.049710	499.950290	500.052058	0.0023482906743766
4.590000	500.049213	499.950787	500.051540	0.0023274020255712
4.595000	500.048721	499.951279	500.051027	0.0023066964500913
4.600000	500.048234	499.951766	500.050520	0.0022861723737719
4.605000	500.047751	499.952249	500.050017	0.0022658282360908
4.610000	500.047274	499.952726	500.049519	0.0022456624895426
4.615000	500.046801	499.953199	500.049027	0.0022256735991277
4.620000	500.046333	499.953667	500.048539	0.0022058600433752
4.625000	500.045870	499.954130	500.048056	0.0021862203130922
4.630000	500.045411	499.954589	500.047578	0.0021667529118758
4.635000	500.044957	499.955043	500.047104	0.0021474563561696
4.640000	500.044507	499.955493	500.046636	0.0021283291742407
4.645000	500.044062	499.955938	500.046172	0.0021093699074868
4.650000	500.043622	499.956378	500.045712	0.0020905771087882
4.655000	500.043185	499.956815	500.045257	0.0020719493438719
4.660000	500.042753	499.957247	500.044807	0.0020534851898901
4.665000	500.042326	499.957674	500.044361	0.0020351832366714
4.670000	500.041903	499.958097	500.043920	0.0020170420850718
4.675000	500.041484	499.958516	500.043483	0.0019990603484530
4.680000	500.041069	499.958931	500.043050	0.0019812366514316
4.685000	500.040658	499.959342	500.042622	0.0019635696302771
4.690000	500.040252	499.959748	500.042198	0.0019460579327415
4.695000	500.039849	499.960151	500.041778	0.0019287002180590
4.700000	500.039451	499.960549	500.041362	0.0019114951567190
4.705000	500.039056	499.960944	500.040950	0.0018944414303519
4.710000	500.038665	499.961335	500.040543	0.0018775377317297
4.715000	500.038279	499.961721	500.040140	0.0018607827645383
4.720000	500.037896	499.962104	500.039740	0.0018441752437184
4.725000	500.037517	499.962483	500.039345	0.0018277138946132
4.730000	500.037142	499.962858	500.038953	0.0018113974537073
4.735000	500.036770	499.963230	500.038566	0.0017952246678874
4.740000	500.036403	499.963597	500.038182	0.0017791942947838
4.745000	500.036039	499.963961	500.037802	0.0017633051024859
4.750000	500.035678	499.964322	500.037426	0.0017475558693718
4.755000	500.035322	499.964678	500.037054	0.0017319453843356
4.760000	500.034968	499.965032	500.036685	0.0017164724463896
4.765000	500.034619	499.965381	500.036320	0.0017011358646641
4.770000	500.034272	499.965728	500.035958	0.0016859344583509
4.775000	500.033930	499.966070	500.035601	0.0016708670568164
4.780000	500.033590	499.966410	500.035246	0.0016559324992613
4.785000	500.033255	499.966745	500.034896	0.0016411296344359
4.790000	500.032922	499.967078	500.034548	0.0016264573213221
4.795000	500.032593	499.967407	500.034205	0.0016119144280538
4.800000	500.032267	499.967733	500.033864	0.0015974998328261
4.805000	500.031944	499.968056	500.033527	0.0015832124229291
4.810000	500.031625	499.968375	500.033194	0.0015690510952595
4.815000	500.031309	499.968691	500.032864	0.0015550147563772
4.820000	500.030995	499.969005	500.032537	0.0015411023214256
4.825000	500.030685	499.969315	500.032213	0.0015273127153250
4.830000	500.030379	499.969621	500.031892	0.0015136448719204
4.835000	500.030075	499.969925	500.031575	0.0015000977340947
4.840000	500.029774	499.970226	500.031261	0.0014866702538257
4.845000	500.029476	499.970524	500.030950	0.0014733613916746
4.850000	500.029182	499.970818	500.030642	0.0014601701175820
4.855000	500.028890	499.971110	500.030337	0.0014470954094463
4.860000	500.028601	499.971399	500.030035	0.0014341362547725
4.865000	500.028315	499.971685	500.029736	0.0014212916487963
4.870000	500.028032	499.971968	500.029440	0.0014085605960759
4.875000	500.027751	499.972249	500.029147	0.0013959421089567
4.880000	500.027474	499.972526	500.028857	0.0013834352087088
4.885000	500.027199	499.972801	500.028570	0.0013710389246739
4.890000	500.026927	499.973073	500.028286	0.0013587522943226
4.895000	500.026658	499.973342	500.028004	0.0013465743638221
4.900000	500.026391	499.973609	500.027726	0.0013345041867865
4.905000	500.026127	499.973873	500.027450	0.0013225408254129
4.910000	500.025866	499.974134	500.027177	0.0013106833498000
4.915000	500.025607	499.974393	500.026906	0.0012989308377200
4.920000	500.025351	499.974649	500.026639	0.0012872823750740
4.925000	500.025098	499.974902	500.026374	0.0012757370554368
4.930000	500.024847	499.975153	500.026111	0.0012642939800003
4.935000	500.024598	499.975402	500.025851	0.0012529522579712
4.940000	500.024352	499.975648	500.025594	0.0012417110057754
4.945000	500.024109	499.975891	500.025339	0.0012305693475696
4.950000	500.023868	499.976132	500.025087	0.0012195264151273
4.955000	500.023629	499.976371	500.024838	0.0012085813471003
4.960000	500.023393	499.976607	500.024591	0.0011977332902688
4.965000	500.023159	499.976841	500.024346	0.0011869813980638
4.970000	500.022927	499.977073	500.024104	0.0011763248314196
4.975000	500.022698	499.977302	500.023864	0.0011657627584896
4.980000	500.022471	499.977529	500.023626	0.0011552943544189
4.985000	500.022246	499.977754	500.023391	0.0011449188013444
4.990000	500.022024	499.977976	500.023159	0.0011346352886221
4.995000	500.021804	499.978196	500.022928	0.0011244430123156
#0.005000	1000	0.9235499491057908