0.000000	1000.000000	0.000000	1000.000000	0.0000000000000000
0.050000	950.000000	50.000000	952.418709	2.4187090179797224
0.100000	905.000000	95.000000	909.365377	4.3653765389908585
0.150000	864.500000	135.500000	870.409110	5.9091103408588879
0.200000	828.050000	171.950000	835.160023	7.1100230178196853
0.250000	795.245000	204.755000	803.265330	8.0203298563167209
0.300000	765.720500	234.279500	774.405818	8.6853180470131974
0.350000	739.148450	260.851550	748.292652	9.1442018957046685
0.400000	715.233605	284.766395	724.664482	9.4308770586108039
0.450000	693.710245	306.289756	703.284830	9.5745853702995873
0.500000	674.339220	325.660780	683.939721	9.6005005357211530
0.550000	656.905298	343.094702	666.435542	9.5302438040397419
0.600000	641.214768	358.785232	650.597106	9.3823377156011247
0.650000	627.093291	372.906709	636.265897	9.1726051005562113
0.700000	614.383962	385.616038	623.298482	8.9145196959981376
0.750000	602.945566	397.054434	611.565080	8.6195140268904424
0.800000	592.651009	407.348991	600.948259	8.2972495547354583
0.850000	583.385908	416.614092	591.341762	7.9558535280342539
0.900000	575.047318	424.952682	582.649444	7.6021264622935405
0.950000	567.542586	432.457414	574.784310	7.2417237276677042
1.000000	560.788327	439.211673	567.667642	6.8793143230216174
1.050000	554.709495	445.290505	561.228214	6.5187195607346666
1.100000	549.238545	450.761455	555.401579	6.1630340719863170
1.150000	544.314691	455.685309	550.129422	5.8147312631391515
1.200000	539.883222	460.116778	545.358977	5.4757551062698440
1.250000	535.894899	464.105101	541.042499	5.1475999273566231
1.300000	532.305409	467.694591	537.136789	4.8313796610334521
1.350000	529.074869	470.925131	533.602756	4.5278878683548101
1.400000	526.167382	473.832618	530.405031	4.2376496612408801
1.450000	523.550643	476.449357	527.511610	3.9609665419723115
1.500000	521.195579	478.804421	524.893534	3.6979550463238411
1.550000	519.076021	480.923979	522.524601	3.4485799729316113
1.600000	517.168419	482.831581	520.381102	3.2126828877204616
1.650000	515.451577	484.548423	518.441584	2.9900065093036119
1.700000	513.906419	486.093581	516.686635	2.7802155079783688
1.750000	512.515778	487.484222	515.098692	2.5829141861929656
1.800000	511.264200	488.735800	513.661861	2.3976614511765888
1.850000	510.137780	489.862220	512.361763	2.2239834399470055
1.900000	509.124002	490.875998	511.185386	2.0613841123824841
1.950000	508.211602	491.788398	510.120956	1.9093540887718632
2.000000	507.390441	492.609559	509.157819	1.7673779736498432
2.050000	506.651397	493.348603	508.286338	1.6349403772350684
2.100000	505.986258	494.013742	507.497788	1.5115308189578514
2.150000	505.387632	494.612368	506.784280	1.3966476739475979
2.200000	504.848869	495.151131	506.138670	1.2898013025965724
2.250000	504.363982	495.636018	505.554498	1.1905164850772962
2.300000	503.927584	496.072416	505.025918	1.0983342666772842
2.350000	503.534825	496.465175	504.547639	1.0128133057723971
2.400000	503.181343	496.818657	504.114874	0.9335308039420624
2.450000	502.863208	497.136792	503.723292	0.8600830869509650
2.500000	502.576888	497.423112	503.368973	0.7920858958827353
2.550000	502.319199	497.680801	503.048373	0.7291744394638613
2.600000	502.087279	497.912721	502.758282	0.6710032514158115
2.650000	501.878551	498.121449	502.495797	0.6172458903869824
2.700000	501.690696	498.309304	502.258290	0.5675945145449646
2.750000	501.521626	498.478374	502.043386	0.5217593581467668
2.800000	501.369464	498.630536	501.848932	0.4794681332647315
2.850000	501.232517	498.767483	501.672983	0.4404653762566113
2.900000	501.109266	498.890734	501.513777	0.4045117554567241
2.950000	500.998339	499.001661	501.369722	0.3713833538761264
3.000000	500.898505	499.101495	501.239376	0.3408709383758719
3.050000	500.808655	499.191345	501.121434	0.3127792247813659
3.100000	500.727789	499.272211	501.014715	0.2869261466825037
3.150000	500.655010	499.344990	500.918152	0.2631421341955615
3.200000	500.589509	499.410491	500.830779	0.2412694076999742
3.250000	500.530558	499.469442	500.751720	0.2211612904904996
3.300000	500.477502	499.522498	500.680184	0.2026815433754336
3.350000	500.429752	499.570248	500.615456	0.1857037234781274
3.400000	500.386777	499.613223	500.556888	0.1701105688496227
3.450000	500.348099	499.651901	500.503893	0.1557934099587328
3.500000	500.313289	499.686711	500.455941	0.1426516086683023
3.550000	500.281960	499.718040	500.412552	0.1305920249349128
3.600000	500.253764	499.746236	500.373293	0.1195285111600697
3.650000	500.228388	499.771612	500.337769	0.1093814338714765
3.700000	500.205549	499.794451	500.305626	0.1000772222118940
3.750000	500.184994	499.815006	500.276542	0.0915479425563035
3.800000	500.166495	499.833505	500.250226	0.0837308984544620
3.850000	500.149845	499.850155	500.226414	0.0765682550040765
3.900000	500.134861	499.865139	500.204867	0.0700066866945690
3.950000	500.121375	499.878625	500.185372	0.0639970477137695
4.000000	500.109237	499.890763	500.167731	0.0584940636869646
4.050000	500.098314	499.901686	500.151770	0.0534560438015887
4.100000	500.088482	499.911518	500.137327	0.0488446122720916
4.150000	500.079634	499.920366	500.124258	0.0446244581114001
4.200000	500.071671	499.928329	500.112434	0.0407631021911357
4.250000	500.064504	499.935496	500.101734	0.0372306805968492
4.300000	500.058053	499.941947	500.092053	0.0339997433160875
4.350000	500.052248	499.947752	500.083293	0.0310450673279092
4.400000	500.047023	499.952977	500.075367	0.0283434831983413
4.450000	500.042321	499.957679	500.068194	0.0258737143266217
4.500000	500.038089	499.961911	500.061705	0.0236162280204439
4.550000	500.034280	499.965720	500.055833	0.0215530976244054
4.600000	500.030852	499.969148	500.050520	0.0196678749599641
4.650000	500.027767	499.972233	500.045712	0.0179454723763683
4.700000	500.024990	499.975010	500.041362	0.0163720537518657
4.750000	500.022491	499.977509	500.037426	0.0149349338200295
4.800000	500.020242	499.979758	500.033864	0.0136224852339524
4.850000	500.018218	499.981782	500.030642	0.0124240528164137
4.900000	500.016396	499.983604	500.027726	0.0113298744768713
4.950000	500.014756	499.985244	500.025087	0.0103310083128463
#0.050000	100	9.6005005357211530