0.000000	1000.000000	0.000000	1000.000000	0.0000000000000000
0.005000	995.025000	4.975000	995.024917	0.0000831254159266
0.010000	990.099501	9.900499	990.099337	0.0001645966223123
0.015000	985.223011	14.776989	985.222767	0.0002444383083002
0.020000	980.395042	19.604958	980.394720	0.0003226748359566
0.025000	975.615112	24.384888	975.614712	0.0003993302429990
0.030000	970.882741	29.117259	970.882267	0.0004744282487081
0.035000	966.197458	33.802542	966.196910	0.0005479922562017
0.040000	961.558793	38.441207	961.558173	0.0006200453575502
0.045000	956.966283	43.033717	956.965593	0.0006906103363917
0.050000	952.419469	47.580531	952.418709	0.0007597096735026
0.055000	947.917895	52.082105	947.917068	0.0008273655490711
0.060000	943.461112	56.538888	943.460218	0.0008935998471316
0.065000	939.048674	60.951326	939.047715	0.0009584341588607
0.070000	934.680140	65.319860	934.679118	0.0010218897868981
0.075000	930.355072	69.644928	930.353988	0.0010839877485296
0.080000	926.073039	73.926961	926.071894	0.0011447487789837
0.085000	921.833612	78.166388	921.832408	0.0012041933355249
0.090000	917.636368	82.363632	917.635106	0.0012623416007500
0.095000	913.480886	86.519114	913.479567	0.0013192134856581
0.100000	909.366751	90.633249	909.365377	0.0013748286334021
0.105000	905.293552	94.706448	905.292123	0.0014292064228130
0.110000	901.260881	98.739119	901.259399	0.0014823659715830
0.115000	897.268336	102.731664	897.266801	0.0015343261391081
0.120000	893.315516	106.684484	893.313931	0.0015851055302392
0.125000	889.402026	110.597974	889.400392	0.0016347224982383
0.130000	885.527476	114.472524	885.525793	0.0016831951485301
0.135000	881.691478	118.308522	881.689747	0.0017305413405211
0.140000	877.893648	122.106352	877.891871	0.0017767786923741
0.145000	874.133606	125.866394	874.131784	0.0018219245821456
0.150000	870.410976	129.589024	870.409110	0.0018659961529011
0.155000	866.725387	133.274613	866.723478	0.0019090103138524
0.160000	863.076470	136.923530	863.074519	0.0019509837446776
0.165000	859.463859	140.536141	859.461867	0.0019919328971127
0.170000	855.887193	144.112807	855.885161	0.0020318739992717
0.175000	852.346116	147.653884	852.344045	0.0020708230571245
0.180000	848.840272	151.159728	848.838163	0.0021087958582484
0.185000	845.369311	154.630689	845.367165	0.0021458079743297
0.190000	841.932886	158.067114	841.930705	0.0021818747635507
0.195000	838.530654	161.469346	838.528437	0.0022170113737729
0.200000	835.162274	164.837726	835.160023	0.0022512327449249
0.205000	831.827410	168.172590	831.825125	0.0022845536117302
0.210000	828.525727	171.474273	828.523410	0.0023169885064362
0.215000	825.256896	174.743104	825.254547	0.0023485517609743
0.220000	822.020590	177.979410	822.018211	0.0023792575101425
0.225000	818.816485	181.183515	818.814076	0.0024091196931977
0.230000	815.644261	184.355739	815.641823	0.0024381520576071
0.235000	812.503601	187.496399	812.501134	0.0024663681602988
0.240000	809.394190	190.605810	809.391696	0.0024937813706174
0.245000	806.315717	193.684283	806.313197	0.0025204048729393
0.250000	803.267876	196.732124	803.265330	0.0025462516682637
0.255000	800.250361	199.749639	800.247789	0.0025713345776239
0.260000	797.262870	202.737130	797.260274	0.0025956662432236
0.265000	794.305104	205.694896	794.302485	0.0026192591319614
0.270000	791.376768	208.623232	791.374126	0.0026421255365676
0.275000	788.477569	211.522431	788.474905	0.0026642775783330
0.280000	785.607218	214.392782	785.604532	0.0026857272094958
0.285000	782.765426	217.234574	782.762719	0.0027064862148336
0.290000	779.951910	220.048090	779.949183	0.0027265662143918
0.295000	777.166388	222.833612	777.163642	0.0027459786650752
0.300000	774.408583	225.591417	774.405818	0.0027647348636037
0.305000	771.678217	228.321783	771.675435	0.0027828459471948
0.310000	768.975019	231.024981	768.972219	0.0028003228970874
0.315000	766.298718	233.701282	766.295901	0.0028171765394518
0.320000	763.649045	236.350955	763.646212	0.0028334175478903
0.325000	761.025737	238.974263	761.022888	0.0028490564454842
0.330000	758.428531	241.571469	758.425667	0.0028641036060435
0.335000	755.857167	244.142833	755.854289	0.0028785692574047
0.340000	753.311389	246.688611	753.308496	0.0028924634816576
0.345000	750.790940	249.209060	750.788035	0.0029057962182151
0.350000	748.295570	251.704430	748.292652	0.0029185772652909
0.355000	745.825030	254.174970	745.822099	0.0029308162814914
0.360000	743.379071	256.620929	743.376128	0.0029425227878619
0.365000	740.957449	259.042551	740.954495	0.0029537061699330
0.370000	738.559922	261.440078	738.556958	0.0029643756788573
0.375000	736.186251	263.813749	736.183276	0.0029745404334562
0.380000	733.836198	266.163802	733.833214	0.0029842094223795
0.385000	731.509528	268.490472	731.506534	0.0029933915049014
0.390000	729.206008	270.793992	729.203006	0.0030020954134216
0.395000	726.925408	273.074592	726.922398	0.0030103297543747
0.400000	724.667500	275.332500	724.664482	0.0030181030107315
0.405000	722.432059	277.567941	722.429033	0.0030254235429084
0.410000	720.218860	279.781140	720.215827	0.0030322995904726
0.415000	718.027682	281.972318	718.024643	0.0030387392739613
0.420000	715.858306	284.141694	715.855262	0.0030447505964730
0.425000	713.710516	286.289484	713.707466	0.0030503414449186
0.430000	711.584097	288.415903	711.581041	0.0030555195914985
0.435000	709.478835	290.521165	709.475775	0.0030602926957499
0.440000	707.394521	292.605479	707.391456	0.0030646683052282
0.445000	705.330945	294.669055	705.327876	0.0030686538575537
0.450000	703.287902	296.712098	703.284830	0.0030722566820032
0.455000	701.265188	298.734812	701.262112	0.0030754839999645
0.460000	699.262599	300.737401	699.259521	0.0030783429277790
0.465000	697.279936	302.720064	697.276855	0.0030808404767413
0.470000	695.317001	304.682999	695.313918	0.0030829835552595
0.475000	693.373597	306.626403	693.370512	0.0030847789702193
0.480000	691.449529	308.550471	691.446443	0.0030862334278936
0.485000	689.544606	310.455394	689.541519	0.0030873535357614
0.490000	687.658638	312.341362	687.655549	0.0030881458031899
0.495000	685.791434	314.208566	685.788346	0.0030886166435948
0.500000	683.942809	316.057191	683.939721	0.0030887723750084
0.505000	682.112578	317.887422	682.109490	0.0030886192214439
0.510000	680.300558	319.699442	680.297470	0.0030881633143736
0.515000	678.506568	321.493432	678.503480	0.0030874106938654
0.520000	676.730427	323.269573	676.727341	0.0030863673094927
0.525000	674.971960	325.028040	674.968875	0.0030850390222668
0.530000	673.230989	326.769011	673.227905	0.0030834316048640
0.535000	671.507340	328.492660	671.504259	0.0030815507437865
0.540000	669.800842	330.199158	669.797763	0.0030794020395888
0.545000	668.111324	331.888676	668.108247	0.0030769910084700
0.550000	666.438616	333.561384	666.435542	0.0030743230839789
0.555000	664.782552	335.217448	664.779481	0.0030714036165591
0.560000	663.142966	336.857034	663.139897	0.0030682378761639
0.565000	661.519693	338.480307	661.516628	0.0030648310530523
0.570000	659.912572	340.087428	659.909511	0.0030611882577887
0.575000	658.321442	341.678558	658.318385	0.0030573145239714
0.580000	656.746144	343.253856	656.743090	0.0030532148075508
0.585000	655.186520	344.813480	655.183471	0.0030488939893303
0.590000	653.642414	346.357586	653.639369	0.0030443568751934
0.595000	652.113672	347.886328	652.110632	0.0030396081973549
0.600000	650.600141	349.399859	650.597106	0.0030346526149287
0.605000	649.101669	350.898331	649.098640	0.0030294947156335
0.610000	647.618108	352.381892	647.615083	0.0030241390160199
0.615000	646.149307	353.850693	646.146289	0.0030185899632897
0.620000	644.695122	355.304878	644.692109	0.0030128519351820
0.625000	643.255405	356.744595	643.252398	0.0030069292417920
0.630000	641.830014	358.169986	641.827013	0.0030008261262537
0.635000	640.418805	359.581195	640.415811	0.0029945467653079
0.640000	639.021638	360.978362	639.018650	0.0029880952704389
0.645000	637.638373	362.361627	637.635392	0.0029814756886708
0.650000	636.268871	363.731129	636.265897	0.0029746920039315
0.655000	634.912996	365.087004	634.910028	0.0029677481370527
0.660000	633.570612	366.429388	633.567651	0.0029606479474751
0.665000	632.241584	367.758416	632.238631	0.0029533952335896
0.670000	630.925780	369.074220	630.922834	0.0029459937333058
0.675000	629.623069	370.376931	629.620130	0.0029384471257572
0.680000	628.333319	371.666681	628.330388	0.0029307590314147
0.685000	627.056403	372.943597	627.053480	0.0029229330127691
0.690000	625.792192	374.207808	625.789277	0.0029149725760362
0.695000	624.540559	375.459441	624.537652	0.0029068811708157
0.700000	623.301381	376.698619	623.298482	0.0028986621914555
0.705000	622.074532	377.925468	622.071642	0.0028903189778475
0.710000	620.859890	379.140110	620.857008	0.0028818548159961
0.715000	619.657334	380.342666	619.654461	0.0028732729387002
0.720000	618.466744	381.533256	618.463879	0.0028645765266901
0.725000	617.288000	382.712000	617.285144	0.0028557687087414
0.730000	616.120984	383.879016	616.118137	0.0028468525628114
0.735000	614.965580	385.034420	614.962743	0.0028378311168353
0.740000	613.821673	386.178327	613.818844	0.0028287073488400
0.745000	612.689147	387.310853	612.686328	0.0028194841881941
0.750000	611.567890	388.432110	611.565080	0.0028101645162906
0.755000	610.457790	389.542210	610.454989	0.0028007511666601
0.760000	609.358735	390.641265	609.355943	0.0027912469264493
0.765000	608.270615	391.729385	608.267834	0.0027816545360793
0.770000	607.193323	392.806677	607.190551	0.0027719766908376
0.775000	606.126749	393.873251	606.123987	0.0027622160408782
0.780000	605.070788	394.929212	605.068036	0.0027523751924718
0.785000	604.025334	395.974666	604.022591	0.0027424567076650
0.790000	602.990282	397.009718	602.987549	0.0027324631057581
0.795000	601.965528	398.034472	601.962806	0.0027223968635326
0.800000	600.950971	399.049029	600.948259	0.0027122604160468
0.805000	599.946509	400.053491	599.943807	0.0027020561569771
0.810000	598.952041	401.047959	598.949350	0.0026917864392999
0.815000	597.967469	402.032531	597.964787	0.0026814535759740
0.820000	596.992692	403.007308	596.990021	0.0026710598401678
0.825000	596.027615	403.972385	596.024954	0.0026606074665096
0.830000	595.072140	404.927860	595.069490	0.0026500986508609
0.835000	594.126172	405.873828	594.123533	0.0026395355511113
0.840000	593.189617	406.810383	593.186988	0.0026289202880889
0.845000	592.262380	407.737620	592.259762	0.0026182549453324
0.850000	591.344370	408.655630	591.341762	0.0026075415709101
0.855000	590.435493	409.564507	590.432896	0.0025967821761697
0.860000	589.535660	410.464340	589.533074	0.0025859787376703
0.865000	588.644780	411.355220	588.642205	0.0025751331972970
0.870000	587.762765	412.237235	587.760200	0.0025642474623737
0.875000	586.889525	413.110475	586.886972	0.0025533234063460
0.880000	586.024974	413.975026	586.022432	0.0025423628698036
0.885000	585.169026	414.830974	585.166494	0.0025313676600263
0.890000	584.321594	415.678406	584.319074	0.0025203395524613
0.895000	583.482594	416.517406	583.480085	0.0025092802900417
0.900000	582.651942	417.348058	582.649444	0.0024981915847775
0.905000	581.829555	418.170445	581.827068	0.0024870751173012
0.910000	581.015351	418.984649	581.012875	0.0024759325380046
0.915000	580.209249	419.790751	580.206784	0.0024647654671526
0.920000	579.411167	420.588833	579.408713	0.0024535754953376
0.925000	578.621026	421.378974	578.618583	0.0024423641838212
0.930000	577.838746	422.161254	577.836315	0.0024311330648743
0.935000	577.064251	422.935749	577.061831	0.0024198836431424
0.940000	576.297461	423.702539	576.295053	0.0024086173942806
0.945000	575.538302	424.461698	575.535904	0.0023973357672276
0.950000	574.786696	425.213304	574.784310	0.0023860401832962
0.955000	574.042568	425.957432	574.040193	0.0023747320371967
0.960000	573.305844	426.694156	573.303481	0.0023634126972638
0.965000	572.576451	427.423549	572.574099	0.0023520835054569
0.970000	571.854316	428.145684	571.851975	0.0023407457791791
0.975000	571.139365	428.860635	571.137036	0.0023294008091170
0.980000	570.431529	429.568471	570.429210	0.0023180498624242
0.985000	569.730735	430.269265	569.728428	0.0023066941811294
0.990000	569.036914	430.963086	569.034619	0.0022953349832733
0.995000	568.349997	431.650003	568.347713	0.0022839734629088
1.000000	567.669914	432.330086	567.667642	0.0022726107908966
1.005000	566.996599	433.003401	566.994337	0.0022612481152464
1.010000	566.329982	433.670018	566.327733	0.0022498865607758
1.015000	565.669999	434.330001	565.667761	0.0022385272302472
1.020000	565.016583	434.983417	565.014355	0.0022271712040265
1.025000	564.369668	435.630332	564.367452	0.0022158195412203
1.030000	563.729189	436.270811	563.726985	0.0022044732791073
1.035000	563.095084	436.904916	563.092891	0.0021931334343890
1.040000	562.467288	437.532712	562.465106	0.0021818010021661
1.045000	561.845738	438.154262	561.843568	0.0021704769579856
1.050000	561.230373	438.769627	561.228214	0.0021591622568167
1.055000	560.621131	439.378869	560.618983	0.0021478578338474
1.060000	560.017951	439.982049	560.015814	0.0021365646048253
1.065000	559.420772	440.579228	559.418647	0.0021252834659435
1.070000	558.829536	441.170464	558.827422	0.0021140152948647
1.075000	558.244182	441.755818	558.242079	0.0021027609504927
1.080000	557.664652	442.335348	557.662561	0.0020915212729733
1.085000	557.090889	442.909111	557.088808	0.0020802970849445
1.090000	556.522834	443.477166	556.520765	0.0020690891908544
1.095000	555.960432	444.039568	555.958374	0.0020578983776431
1.100000	555.403626	444.596374	555.401579	0.0020467254150844
1.105000	554.852360	445.147640	554.850324	0.0020355710558988
1.110000	554.306579	445.693421	554.304554	0.0020244360358674
1.115000	553.766228	446.233772	553.764215	0.0020133210746280
1.120000	553.231254	446.768746	553.229252	0.0020022268754474
1.125000	552.701603	447.298397	552.699612	0.0019911541254487
1.130000	552.177222	447.822778	552.175242	0.0019801034962939
1.135000	551.658059	448.341941	551.656090	0.0019690756439559
1.140000	551.144061	448.855939	551.142103	0.0019580712091738
1.145000	550.635178	449.364822	550.633231	0.0019470908179073
1.150000	550.131358	449.868642	550.129422	0.0019361350809959
1.155000	549.632551	450.367449	549.630626	0.0019252045949543
1.160000	549.138707	450.861293	549.136793	0.0019142999420865
1.165000	548.649777	451.350223	548.647874	0.0019034216903719
1.170000	548.165712	451.834288	548.163819	0.0018925703939203
1.175000	547.686463	452.313537	547.684581	0.0018817465935399
1.180000	547.211983	452.788017	547.210112	0.0018709508161692
1.185000	546.742223	453.257777	546.740363	0.0018601835757863
1.190000	546.277138	453.722862	546.275289	0.0018494453735229
1.195000	545.816681	454.183319	545.814842	0.0018387366973229
1.200000	545.360805	454.639195	545.358977	0.0018280580227383
1.205000	544.909465	455.090535	544.907647	0.0018174098129293
1.210000	544.462616	455.537384	544.460809	0.0018067925191190
1.215000	544.020212	455.979788	544.018416	0.0017962065799111
1.220000	543.582211	456.417789	543.580426	0.0017856524227682
1.225000	543.148568	456.851432	543.146793	0.0017751304632156
1.230000	542.719240	457.280760	542.717475	0.0017646411052965
1.235000	542.294184	457.705816	542.292430	0.0017541847421398
1.240000	541.873357	458.126643	541.871613	0.0017437617556197
1.245000	541.456717	458.543283	541.454983	0.0017333725165827
1.250000	541.044222	458.955778	541.042499	0.0017230173854159
1.255000	540.635832	459.364168	540.634120	0.0017126967119339
1.260000	540.231506	459.768494	540.229803	0.0017024108359465
1.265000	539.831202	460.168798	539.829510	0.0016921600863498
1.270000	539.434882	460.565118	539.433200	0.0016819447826038
1.275000	539.042505	460.957495	539.040833	0.0016717652343914
1.280000	538.654032	461.345968	538.652370	0.0016616217411638
1.285000	538.269424	461.730576	538.267773	0.0016515145935045
1.290000	537.888643	462.111357	537.887002	0.0016414440722201
1.295000	537.511651	462.488349	537.510020	0.0016314104493631
1.300000	537.138411	462.861589	537.136789	0.0016214139874364
1.305000	536.768883	463.231117	536.767272	0.0016114549404165
1.310000	536.403033	463.596967	536.401431	0.0016015335531847
1.315000	536.040823	463.959177	536.039231	0.0015916500626645
1.320000	535.682217	464.317783	535.680635	0.0015818046965705
1.325000	535.327179	464.672821	535.325607	0.0015719976751143
1.330000	534.975673	465.024327	534.974111	0.0015622292095259
1.335000	534.627665	465.372335	534.626113	0.0015524995039868
1.340000	534.283120	465.716880	534.281577	0.0015428087539249
1.345000	533.942003	466.057997	533.940470	0.0015331571476054
1.350000	533.604280	466.395720	533.602756	0.0015235448652220
1.355000	533.269917	466.730083	533.268403	0.0015139720800335
1.360000	532.938882	467.061118	532.937377	0.0015044389575678
1.365000	532.611140	467.388860	532.609645	0.0014949456561908
1.370000	532.286659	467.713341	532.285173	0.0014854923275607
1.375000	531.965407	468.034593	531.963931	0.0014760791158324
1.380000	531.647351	468.352649	531.645884	0.0014667061585669
1.385000	531.332460	468.667540	531.331002	0.0014573735869590
1.390000	531.020702	468.979298	531.019254	0.0014480815249271
1.395000	530.712046	469.287954	530.710607	0.0014388300904784
1.400000	530.406461	469.593539	530.405031	0.0014296193951395
1.405000	530.103917	469.896083	530.102496	0.0014204495438435
1.410000	529.804383	470.195617	529.802971	0.0014113206358388
1.415000	529.507829	470.492171	529.506427	0.0014022327643488
1.420000	529.214226	470.785774	529.212833	0.0013931860164575
1.425000	528.923545	471.076455	528.922160	0.0013841804732238
1.430000	528.635755	471.364245	528.634380	0.0013752162108176
1.435000	528.350830	471.649170	528.349463	0.0013662932989291
1.440000	528.068739	471.931261	528.067381	0.0013574118025872
1.445000	527.789455	472.210545	527.788106	0.0013485717805679
1.450000	527.512950	472.487050	527.511610	0.0013397732870999
1.455000	527.239196	472.760804	527.237865	0.0013310163709548
1.460000	526.968166	473.031834	526.966844	0.0013223010756747
1.465000	526.699833	473.300167	526.698519	0.0013136274402541
1.470000	526.434169	473.565831	526.432864	0.0013049954981170
1.475000	526.171149	473.828851	526.169853	0.0012964052785946
1.480000	525.910746	474.089254	525.909459	0.0012878568060160
1.485000	525.652935	474.347065	525.651655	0.0012793500998214
1.490000	525.397688	474.602312	525.396417	0.0012708851753587
1.495000	525.144981	474.855019	525.143718	0.0012624620432007
1.500000	524.894788	475.105212	524.893534	0.0012540807099413
1.505000	524.647085	475.352915	524.645839	0.0012457411776268
1.510000	524.401847	475.598153	524.400609	0.0012374434442108
1.515000	524.159048	475.840952	524.157819	0.0012291875035544
1.520000	523.918666	476.081334	523.917445	0.0012209733453119
1.525000	523.680675	476.319325	523.679462	0.0012128009556136
1.530000	523.445052	476.554948	523.443848	0.0012046703164970
1.535000	523.211774	476.788226	523.210577	0.0011965814060204
1.540000	522.980817	477.019183	522.979628	0.0011885341987181
1.545000	522.752158	477.247842	522.750977	0.0011805286658273
1.550000	522.525774	477.474226	522.524601	0.0011725647744925
1.555000	522.301642	477.698358	522.300478	0.0011646424886749
1.560000	522.079741	477.920259	522.078584	0.0011567617688115
1.565000	521.860048	478.139952	521.858899	0.0011489225723835
1.570000	521.642540	478.357460	521.641399	0.0011411248527793
1.575000	521.427197	478.572803	521.426063	0.0011333685609998
1.580000	521.213996	478.786004	521.212871	0.0011256536447490
1.585000	521.002917	478.997083	521.001799	0.0011179800483205
1.590000	520.793938	479.206062	520.792828	0.0011103477133929
1.595000	520.587038	479.412962	520.585935	0.0011027565785753
1.600000	520.382197	479.617803	520.381102	0.0010952065794072
1.605000	520.179394	479.820606	520.178307	0.0010876976491545
1.610000	519.978609	480.021391	519.977529	0.0010802297177861
1.615000	519.779822	480.220178	519.778749	0.0010728027128835
1.620000	519.583013	480.416987	519.581948	0.0010654165592996
1.625000	519.388162	480.611838	519.387104	0.0010580711796138
1.630000	519.195250	480.804750	519.194199	0.0010507664935631
1.635000	519.004257	480.995743	519.003214	0.0010435024184972
1.640000	518.815165	481.184835	518.814128	0.0010362788696057
1.645000	518.627954	481.372046	518.626925	0.0010290957592360
1.650000	518.442606	481.557394	518.441584	0.0010219529982578
1.655000	518.259102	481.740898	518.258087	0.0010148504944709
1.660000	518.077424	481.922576	518.076416	0.0010077881541974
1.665000	517.897553	482.102447	517.896553	0.0010007658811446
1.670000	517.719473	482.280527	517.718479	0.0009937835774281
1.675000	517.543164	482.456836	517.542177	0.0009868411426623
1.680000	517.368609	482.631391	517.367629	0.0009799384747566
1.685000	517.195792	482.804208	517.194819	0.0009730754696875
1.690000	517.024694	482.975306	517.023727	0.0009662520217262
1.695000	516.855298	483.144702	516.854338	0.0009594680228702
1.700000	516.687588	483.312412	516.686635	0.0009527233638664
1.705000	516.521546	483.478454	516.520600	0.0009460179333018
1.710000	516.357157	483.642843	516.356217	0.0009393516183991
1.715000	516.194403	483.805597	516.193470	0.0009327243045618
1.720000	516.033269	483.966731	516.032343	0.0009261358756021
1.725000	515.873738	484.126262	515.872818	0.0009195862139677
1.730000	515.715794	484.284206	515.714881	0.0009130752004012
1.735000	515.559422	484.440578	515.558515	0.0009066027141671
1.740000	515.404606	484.595394	515.403706	0.0009001686332795
1.745000	515.251330	484.748670	515.250436	0.0008937728342744
1.750000	515.099579	484.900421	515.098692	0.0008874151922100
1.755000	514.949338	485.050662	514.948457	0.0008810955811214
1.760000	514.800592	485.199408	514.799718	0.0008748138735655
1.765000	514.653327	485.346673	514.652458	0.0008685699409625
1.770000	514.507526	485.492474	514.506664	0.0008623636533684
1.775000	514.363176	485.636824	514.362320	0.0008561948798160
1.780000	514.220262	485.779738	514.219412	0.0008500634885422
1.785000	514.078771	485.921229	514.077927	0.0008439693458513
1.790000	513.938687	486.061313	513.937849	0.0008379123179338
1.795000	513.799997	486.200003	513.799165	0.0008318922693888
1.800000	513.662687	486.337313	513.661861	0.0008259090640195
1.805000	513.526743	486.473257	513.525923	0.0008199625646057
1.810000	513.392152	486.607848	513.391338	0.0008140526330180
1.815000	513.258900	486.741100	513.258092	0.0008081791305585
1.820000	513.126974	486.873026	513.126172	0.0008023419170513
1.825000	512.996361	487.003639	512.995564	0.0007965408520931
1.830000	512.867047	487.132953	512.866256	0.0007907757940302
1.835000	512.739020	487.260980	512.738235	0.0007850466006403
1.840000	512.612267	487.387733	512.611487	0.0007793531291327
1.845000	512.486775	487.513225	512.486001	0.0007736952358073
1.850000	512.362531	487.637469	512.361763	0.0007680727762818
1.855000	512.239524	487.760476	512.238762	0.0007624856056054
1.860000	512.117741	487.882259	512.116984	0.0007569335780317
1.865000	511.997169	488.002831	511.996418	0.0007514165475300
1.870000	511.877798	488.122202	511.877052	0.0007459343674441
1.875000	511.759613	488.240387	511.758873	0.0007404868902086
1.880000	511.642605	488.357395	511.641870	0.0007350739680305
1.885000	511.526761	488.473239	511.526032	0.0007296954526055
1.890000	511.412070	488.587930	511.411346	0.0007243511952879
1.895000	511.298520	488.701480	511.297801	0.0007190410465796
1.900000	511.186100	488.813900	511.185386	0.0007137648569824
1.905000	511.074798	488.925202	511.074089	0.0007085224763728
1.910000	510.964604	489.035396	510.963900	0.0007033137542294
1.915000	510.855506	489.144494	510.854808	0.0006981385400309
1.920000	510.747494	489.252506	510.746801	0.0006929966822895
1.925000	510.640556	489.359444	510.639868	0.0006878880299723
1.930000	510.534683	489.465317	510.534000	0.0006828124309095
1.935000	510.429862	489.570138	510.429185	0.0006777697334996
1.940000	510.326085	489.673915	510.325413	0.0006727597852318
1.945000	510.223341	489.776659	510.222673	0.0006677824338794
1.950000	510.121619	489.878381	510.120956	0.0006628375264768
1.955000	510.020908	489.979092	510.020251	0.0006579249103993
1.960000	509.921200	490.078800	509.920547	0.0006530444325676
1.965000	509.822484	490.177516	509.821836	0.0006481959397888
1.970000	509.724751	490.275249	509.724107	0.0006433792785288
1.975000	509.627989	490.372011	509.627351	0.0006385942957081
1.980000	509.532191	490.467809	509.531557	0.0006338408375655
1.985000	509.437346	490.562654	509.436717	0.0006291187505099
1.990000	509.343444	490.656556	509.342820	0.0006244278810073
1.995000	509.250477	490.749523	509.249857	0.0006197680751256
2.000000	509.158435	490.841565	509.157819	0.0006151391792173
2.005000	509.067308	490.932692	509.066698	0.0006105410394071
2.010000	508.977088	491.022912	508.976482	0.0006059735021609
2.015000	508.887766	491.112234	508.887165	0.0006014364134899
2.020000	508.799333	491.200667	508.798736	0.0005969296197463
2.025000	508.711780	491.288220	508.711187	0.0005924529672257
2.030000	508.625098	491.374902	508.624510	0.0005880063022801
2.035000	508.539278	491.460722	508.538694	0.0005835894714323
2.040000	508.454312	491.545688	508.453733	0.0005792023212621
2.045000	508.370192	491.629808	508.369617	0.0005748446981784
2.050000	508.286908	491.713092	508.286338	0.0005705164492156
2.055000	508.204453	491.795547	508.203887	0.0005662174210670
2.060000	508.122819	491.877181	508.122257	0.0005619474608238
2.065000	508.041997	491.958003	508.041439	0.0005577064155773
2.070000	507.961979	492.038021	507.961426	0.0005534941327028
2.075000	507.882758	492.117242	507.882208	0.0005493104598031
2.080000	507.804324	492.195676	507.803779	0.0005451552443674
2.085000	507.726671	492.273329	507.726130	0.0005410283343963
2.090000	507.649791	492.350209	507.649254	0.0005369295780042
2.095000	507.573675	492.426325	507.573142	0.0005328588235329
2.100000	507.498317	492.501683	507.497788	0.0005288159194379
2.105000	507.423709	492.576291	507.423184	0.0005248007146292
2.110000	507.349843	492.650157	507.349322	0.0005208130580741
2.115000	507.276712	492.723288	507.276195	0.0005168527990236
2.120000	507.204309	492.795691	507.203796	0.0005129197872407
2.125000	507.132626	492.867374	507.132117	0.0005090138723176
2.130000	507.061656	492.938344	507.061151	0.0005051349046994
2.135000	506.991393	493.008607	506.990892	0.0005012827347741
2.140000	506.921829	493.078171	506.921331	0.0004974572129868
2.145000	506.852956	493.147044	506.852463	0.0004936581908055
2.150000	506.784769	493.215231	506.784280	0.0004898855193005
2.155000	506.717261	493.282739	506.716775	0.0004861390505653
2.160000	506.650424	493.349576	506.649942	0.0004824186363521
2.165000	506.584252	493.415748	506.583774	0.0004787241293229
2.170000	506.518739	493.481261	506.518264	0.0004750553820827
2.175000	506.453878	493.546122	506.453406	0.0004714122478617
2.180000	506.389662	493.610338	506.389194	0.0004677945801745
2.185000	506.326084	493.673916	506.325620	0.0004642022328767
2.190000	506.263140	493.736860	506.262679	0.0004606350603353
2.195000	506.200822	493.799178	506.200365	0.0004570929170882
2.200000	506.139124	493.860876	506.138670	0.0004535756582982
2.205000	506.078039	493.921961	506.077589	0.0004500831394694
2.210000	506.017563	493.982437	506.017116	0.0004466152165037
2.215000	505.957688	494.042312	505.957245	0.0004431717456441
2.220000	505.898409	494.101591	505.897969	0.0004397525837589
2.225000	505.839720	494.160280	505.839283	0.0004363575878301
2.230000	505.781615	494.218385	505.781182	0.0004329866155217
2.235000	505.724088	494.275912	505.723658	0.0004296395250094
2.240000	505.667133	494.332867	505.666707	0.0004263161745257
2.245000	505.610745	494.389255	505.610322	0.0004230164233263
2.250000	505.554918	494.445082	505.554498	0.0004197401306101
2.255000	505.499647	494.500353	505.499230	0.0004164871562580
2.260000	505.444925	494.555075	505.444512	0.0004132573606057
2.265000	505.390748	494.609252	505.390338	0.0004100506045006
2.270000	505.337110	494.662890	505.336703	0.0004068667491310
2.275000	505.284006	494.715994	505.283602	0.0004037056563106
2.280000	505.231430	494.768570	505.231029	0.0004005671882510
2.285000	505.179377	494.820623	505.178980	0.0003974512077889
2.290000	505.127843	494.872157	505.127448	0.0003943575779317
2.295000	505.076820	494.923180	505.076429	0.0003912861625395
2.300000	505.026306	494.973694	505.025918	0.0003882368257564
2.305000	504.976294	495.023706	504.975909	0.0003852094324657
2.310000	504.926780	495.073220	504.926398	0.0003822038475505
2.315000	504.877759	495.122241	504.877380	0.0003792199370878
2.320000	504.829225	495.170775	504.828849	0.0003762575671544
2.325000	504.781174	495.218826	504.780801	0.0003733166044526
2.330000	504.733602	495.266398	504.733231	0.0003703969163098
2.335000	504.686502	495.313498	504.686135	0.0003674983706219
2.340000	504.639872	495.360128	504.639507	0.0003646208356827
2.345000	504.593705	495.406295	504.593343	0.0003617641802975
2.350000	504.547997	495.452003	504.547639	0.0003589282737835
2.355000	504.502745	495.497255	504.502389	0.0003561129861396
2.360000	504.457943	495.542057	504.457589	0.0003533181878197
2.365000	504.413586	495.586414	504.413236	0.0003505437497324
2.370000	504.369671	495.630329	504.369323	0.0003477895435253
2.375000	504.326193	495.673807	504.325848	0.0003450554411870
2.380000	504.283147	495.716853	504.282805	0.0003423413152177
2.385000	504.240530	495.759470	504.240190	0.0003396470389703
2.390000	504.198336	495.801664	504.197999	0.0003369724860818
2.395000	504.156563	495.843437	504.156229	0.0003343175308146
2.400000	504.115205	495.884795	504.114874	0.0003316820478290
2.405000	504.074259	495.925741	504.073930	0.0003290659125810
2.410000	504.033720	495.966280	504.033394	0.0003264690009814
2.415000	503.993585	496.006415	503.993261	0.0003238911894528
2.420000	503.953848	496.046152	503.953527	0.0003213323549858
2.425000	503.914508	496.085492	503.914189	0.0003187923751966
2.430000	503.875558	496.124442	503.875242	0.0003162711282698
2.435000	503.836996	496.163004	503.836683	0.0003137684926742
2.440000	503.798818	496.201182	503.798507	0.0003112843478448
2.445000	503.761020	496.238980	503.760711	0.0003088185735578
2.450000	503.723598	496.276402	503.723292	0.0003063710501578
2.455000	503.686548	496.313452	503.686244	0.0003039416585580
2.460000	503.649867	496.350133	503.649565	0.0003015302801259
2.465000	503.613551	496.386449	503.613252	0.0002991367971390
2.470000	503.577596	496.422404	503.577299	0.0002967610921587
2.475000	503.541999	496.458001	503.541704	0.0002944030482013
2.480000	503.506756	496.493244	503.506464	0.0002920625491356
2.485000	503.471864	496.528136	503.471574	0.0002897394792853
2.490000	503.437319	496.562681	503.437031	0.0002874337234857
2.495000	503.403117	496.596883	503.402832	0.0002851451673109
2.500000	503.369256	496.630744	503.368973	0.0002828736966194
2.505000	503.335732	496.664268	503.335452	0.0002806191979516
2.510000	503.302542	496.697458	503.302263	0.0002783815584735
2.515000	503.269681	496.730319	503.269405	0.0002761606660329
2.520000	503.237148	496.762852	503.236874	0.0002739564087619
2.525000	503.204938	496.795062	503.204667	0.0002717686755318
2.530000	503.173049	496.826951	503.172780	0.0002695973556115
2.535000	503.141478	496.858522	503.141210	0.0002674423391795
2.540000	503.110220	496.889780	503.109955	0.0002653035167555
2.545000	503.079273	496.920727	503.079010	0.0002631807792568
2.550000	503.048634	496.951366	503.048373	0.0002610740185105
2.555000	503.018300	496.981700	503.018041	0.0002589831265709
2.560000	502.988268	497.011732	502.988011	0.0002569079963450
2.565000	502.958535	497.041465	502.958280	0.0002548485211946
2.570000	502.929098	497.070902	502.928845	0.0002528045949362
2.575000	502.899953	497.100047	502.899702	0.0002507761120683
2.580000	502.871099	497.128901	502.870850	0.0002487629677148
2.585000	502.842531	497.157469	502.842284	0.0002467650573408
2.590000	502.814248	497.185752	502.814003	0.0002447822770932
2.595000	502.786246	497.213754	502.786003	0.0002428145239151
2.600000	502.758523	497.241477	502.758282	0.0002408616947491
2.605000	502.731076	497.268924	502.730837	0.0002389236875615
2.610000	502.703902	497.296098	502.703665	0.0002370004007730
2.615000	502.676998	497.323002	502.676763	0.0002350917333160
2.620000	502.650362	497.349638	502.650128	0.0002331975845777
2.625000	502.623991	497.376009	502.623759	0.0002313178545705
2.630000	502.597882	497.402118	502.597652	0.0002294524440458
2.635000	502.572033	497.427967	502.571805	0.0002276012540960
2.640000	502.546441	497.453559	502.546215	0.0002257641863821
2.645000	502.521104	497.478896	502.520880	0.0002239411431901
2.650000	502.496019	497.503981	502.495797	0.0002221320272611
2.655000	502.471184	497.528816	502.470963	0.0002203367418474
2.660000	502.446595	497.553405	502.446377	0.0002185551909406
2.665000	502.422252	497.577748	502.422035	0.0002167872789869
2.670000	502.398150	497.601850	502.397935	0.0002150329108872
2.675000	502.374289	497.625711	502.374075	0.0002132919922246
2.680000	502.350665	497.649335	502.350453	0.0002115644289233
2.685000	502.327276	497.672724	502.327066	0.0002098501275896
2.690000	502.304119	497.695881	502.303911	0.0002081489955117
2.695000	502.281193	497.718807	502.280987	0.0002064609400918
2.700000	502.258495	497.741505	502.258290	0.0002047858695846
2.705000	502.236023	497.763977	502.235820	0.0002031236928701
2.710000	502.213775	497.786225	502.213573	0.0002014743191125
2.715000	502.191748	497.808252	502.191548	0.0001998376580445
2.720000	502.169940	497.830060	502.169742	0.0001982136199672
2.725000	502.148349	497.851651	502.148152	0.0001966021158069
2.730000	502.126973	497.873027	502.126778	0.0001950030568878
2.735000	502.105809	497.894191	502.105616	0.0001934163551027
2.740000	502.084857	497.915143	502.084665	0.0001918419227422
2.745000	502.064112	497.935888	502.063922	0.0001902796727791
2.750000	502.043574	497.956426	502.043386	0.0001887295189249
2.755000	502.023241	497.976759	502.023054	0.0001871913746641
2.760000	502.003110	497.996890	502.002924	0.0001856651548451
2.765000	501.983179	498.016821	501.982995	0.0001841507743734
2.770000	501.963446	498.036554	501.963263	0.0001826481485523
2.775000	501.943910	498.056090	501.943729	0.0001811571937083
2.780000	501.924568	498.075432	501.924388	0.0001796778262246
2.785000	501.905418	498.094582	501.905240	0.0001782099629395
2.790000	501.886460	498.113540	501.886283	0.0001767535214867
2.795000	501.867689	498.132311	501.867514	0.0001753084200686
2.800000	501.849106	498.150894	501.848932	0.0001738745770012
2.805000	501.830707	498.169293	501.830535	0.0001724519115101
2.810000	501.812492	498.187508	501.812321	0.0001710403428774
2.815000	501.794457	498.205543	501.794288	0.0001696397912951
2.820000	501.776602	498.223398	501.776434	0.0001682501771825
2.825000	501.758925	498.241075	501.758758	0.0001668714215270
2.830000	501.741424	498.258576	501.741258	0.0001655034459418
2.835000	501.724097	498.275903	501.723933	0.0001641461723807
2.840000	501.706942	498.293058	501.706779	0.0001627995231956
2.845000	501.689958	498.310042	501.689796	0.0001614634214206
2.850000	501.673143	498.326857	501.672983	0.0001601377904876
2.855000	501.656495	498.343505	501.656336	0.0001588225541695
2.860000	501.640013	498.359987	501.639855	0.0001575176370352
2.865000	501.623695	498.376305	501.623539	0.0001562229639376
2.870000	501.607539	498.392461	501.607384	0.0001549384600708
2.875000	501.591544	498.408456	501.591390	0.0001536640513677
2.880000	501.575708	498.424292	501.575556	0.0001523996640458
2.885000	501.560030	498.439970	501.559879	0.0001511452247769
2.890000	501.544508	498.455492	501.544358	0.0001499006609151
2.895000	501.529140	498.470860	501.528991	0.0001486659000420
2.900000	501.513925	498.486075	501.513777	0.0001474408704780
2.905000	501.498861	498.501139	501.498715	0.0001462255004867
2.910000	501.483948	498.516052	501.483803	0.0001450197194117
2.915000	501.469182	498.530818	501.469038	0.0001438234565398
2.920000	501.454564	498.545436	501.454421	0.0001426366420674
2.925000	501.440091	498.559909	501.439950	0.0001414592061906
2.930000	501.425762	498.574238	501.425622	0.0001402910798447
2.935000	501.411576	498.588424	501.411437	0.0001391321944197
2.940000	501.397531	498.602469	501.397393	0.0001379824817036
2.945000	501.383625	498.616375	501.383488	0.0001368418735410
2.950000	501.369858	498.630142	501.369722	0.0001357103030841
2.955000	501.356228	498.643772	501.356093	0.0001345877030303
2.960000	501.342734	498.657266	501.342600	0.0001334740071002
2.965000	501.329373	498.670627	501.329241	0.0001323691490711
2.970000	501.316146	498.683854	501.316015	0.0001312730634595
2.975000	501.303050	498.696950	501.302920	0.0001301856850660
2.980000	501.290085	498.709915	501.289956	0.0001291069490321
2.985000	501.277249	498.722751	501.277121	0.0001280367911249
2.990000	501.264540	498.735460	501.264413	0.0001269751474524
2.995000	501.251958	498.748042	501.251832	0.0001259219544067
3.000000	501.239501	498.760499	501.239376	0.0001248771491191
3.005000	501.227168	498.772832	501.227044	0.0001238406687776
3.010000	501.214958	498.785042	501.214835	0.0001228124511954
3.015000	501.202869	498.797131	501.202747	0.0001217924345269
3.020000	501.190900	498.809100	501.190779	0.0001207805574950
3.025000	501.179051	498.820949	501.178931	0.0001197767591066
3.030000	501.167319	498.832681	501.167200	0.0001187809785961
3.035000	501.155704	498.844296	501.155587	0.0001177931558800
3.040000	501.144205	498.855795	501.144088	0.0001168132311591
3.045000	501.132820	498.867180	501.132704	0.0001158411452025
3.050000	501.121549	498.878451	501.121434	0.0001148768388930
3.055000	501.110389	498.889611	501.110275	0.0001139202535114
3.060000	501.099341	498.900659	501.099228	0.0001129713312480
3.065000	501.088403	498.911597	501.088290	0.0001120300141224
3.070000	501.077573	498.922427	501.077462	0.0001110962446091
3.075000	501.066851	498.933149	501.066741	0.0001101699659216
3.080000	501.056236	498.943764	501.056127	0.0001092511213301
3.085000	501.045726	498.954274	501.045618	0.0001083396546164
3.090000	501.035321	498.964679	501.035214	0.0001074355098467
3.095000	501.025020	498.974980	501.024913	0.0001065386317123
3.100000	501.014821	498.985179	501.014715	0.0001056489649613
3.105000	501.004723	498.995277	501.004619	0.0001047664550242
3.110000	500.994726	499.005274	500.994623	0.0001038910475017
3.115000	500.984829	499.015171	500.984726	0.0001030226885064
3.120000	500.975030	499.024970	500.974928	0.0001021613242642
3.125000	500.965328	499.034672	500.965227	0.0001013069015698
3.130000	500.955723	499.044277	500.955623	0.0001004593677294
3.135000	500.946214	499.053786	500.946114	0.0000996186701059
3.140000	500.936799	499.063201	500.936700	0.0000987847565739
3.145000	500.927478	499.072522	500.927380	0.0000979575755196
3.150000	500.918250	499.081750	500.918152	0.0000971370753291
3.155000	500.909113	499.090887	500.909017	0.0000963232050708
3.160000	500.900067	499.099933	500.899972	0.0000955159139266
3.165000	500.891112	499.108888	500.891017	0.0000947151516471
3.170000	500.882245	499.117755	500.882151	0.0000939208681530
3.175000	500.873467	499.126533	500.873374	0.0000931330138769
3.180000	500.864776	499.135224	500.864683	0.0000923515394220
3.185000	500.856171	499.143829	500.856080	0.0000915763959597
3.190000	500.847652	499.152348	500.847561	0.0000908075348320
3.195000	500.839218	499.160782	500.839128	0.0000900449075516
3.200000	500.830868	499.169132	500.830779	0.0000892884665404
3.205000	500.822601	499.177399	500.822512	0.0000885381639932
3.210000	500.814416	499.185584	500.814328	0.0000877939525594
3.215000	500.806312	499.193688	500.806225	0.0000870557854569
3.220000	500.798290	499.201710	500.798203	0.0000863236160171
3.225000	500.790347	499.209653	500.790261	0.0000855973980265
3.230000	500.782483	499.217517	500.782398	0.0000848770854418
3.235000	500.774697	499.225303	500.774613	0.0000841626327315
3.240000	500.766989	499.233011	500.766905	0.0000834539945913
3.245000	500.759357	499.240643	500.759275	0.0000827511260013
3.250000	500.751802	499.248198	500.751720	0.0000820539822826
3.255000	500.744321	499.255679	500.744240	0.0000813625191540
3.260000	500.736915	499.263085	500.736835	0.0000806766926758
3.265000	500.729583	499.270417	500.729503	0.0000799964589078
3.270000	500.722324	499.277676	500.722244	0.0000793217745922
3.275000	500.715136	499.284864	500.715058	0.0000786525965850
3.280000	500.708021	499.291979	500.707943	0.0000779888822535
3.285000	500.700976	499.299024	500.700899	0.0000773305890220
3.290000	500.694001	499.305999	500.693925	0.0000766776745991
3.295000	500.687096	499.312904	500.687020	0.0000760300973184
3.300000	500.680259	499.319741	500.680184	0.0000753878154569
3.305000	500.673491	499.326509	500.673416	0.0000747507878600
3.310000	500.666790	499.333210	500.666715	0.0000741189734867
3.315000	500.660155	499.339845	500.660082	0.0000734923316941
3.320000	500.653586	499.346414	500.653514	0.0000728708221231
3.325000	500.647083	499.352917	500.647011	0.0000722544045857
3.330000	500.640645	499.359355	500.640573	0.0000716430394050
3.335000	500.634270	499.365730	500.634199	0.0000710366870180
3.340000	500.627959	499.372041	500.627889	0.0000704353080891
3.345000	500.621711	499.378289	500.621641	0.0000698388638511
3.350000	500.615525	499.384475	500.615456	0.0000692473154800
3.355000	500.609401	499.390599	500.609332	0.0000686606247768
3.360000	500.603337	499.396663	500.603269	0.0000680787535430
3.365000	500.597334	499.402666	500.597266	0.0000675016639207
3.370000	500.591391	499.408609	500.591324	0.0000669293184501
3.375000	500.585506	499.414494	500.585440	0.0000663616797851
3.380000	500.579680	499.420320	500.579615	0.0000657987108639
3.385000	500.573913	499.426087	500.573847	0.0000652403751360
3.390000	500.568202	499.431798	500.568137	0.0000646866359375
3.395000	500.562549	499.437451	500.562484	0.0000641374572297
3.400000	500.556951	499.443049	500.556888	0.0000635928030306
3.405000	500.551410	499.448590	500.551346	0.0000630526376995
3.410000	500.545923	499.454077	500.545860	0.0000625169257660
3.415000	500.540491	499.459509	500.540429	0.0000619856321009
3.420000	500.535113	499.464887	500.535052	0.0000614587218593
3.425000	500.529789	499.470211	500.529728	0.0000609361602528
3.430000	500.524517	499.475483	500.524457	0.0000604179131187
3.435000	500.519298	499.480702	500.519239	0.0000599039463509
3.440000	500.514131	499.485869	500.514072	0.0000593942259002
3.445000	500.509016	499.490984	500.508957	0.0000588887182857
3.450000	500.503951	499.496049	500.503893	0.0000583873900268
3.455000	500.498937	499.501063	500.498879	0.0000578902080974
3.460000	500.493972	499.506028	500.493915	0.0000573971395852
3.465000	500.489057	499.510943	500.489000	0.0000569081517483
3.470000	500.484191	499.515809	500.484135	0.0000564232123565
3.475000	500.479374	499.520626	500.479318	0.0000559422892366
3.480000	500.474604	499.525396	500.474548	0.0000554653503855
3.485000	500.469881	499.530119	500.469826	0.0000549923642552
3.490000	500.465206	499.534794	500.465152	0.0000545232991840
3.495000	500.460577	499.539423	500.460523	0.0000540581241353
3.500000	500.455995	499.544005	500.455941	0.0000535968081863
3.505000	500.451457	499.548543	500.451404	0.0000531393205847
3.510000	500.446965	499.553035	500.446913	0.0000526856306351
3.515000	500.442518	499.557482	500.442466	0.0000522357082104
3.520000	500.438115	499.561885	500.438063	0.0000517895232406
3.525000	500.433756	499.566244	500.433704	0.0000513470458827
3.530000	500.429440	499.570560	500.429389	0.0000509082465783
3.535000	500.425167	499.574833	500.425117	0.0000504730957687
3.540000	500.420937	499.579063	500.420887	0.0000500415644638
3.545000	500.416748	499.583252	500.416699	0.0000496136236734
3.550000	500.412602	499.587398	500.412552	0.0000491892446348
3.555000	500.408496	499.591504	500.408447	0.0000487683988126
3.560000	500.404432	499.595568	500.404383	0.0000483510578988
3.565000	500.400408	499.599592	500.400360	0.0000479371939832
3.570000	500.396424	499.603576	500.396376	0.0000475267790421
3.575000	500.392479	499.607521	500.392432	0.0000471197853926
3.580000	500.388574	499.611426	500.388527	0.0000467161856363
3.585000	500.384708	499.615292	500.384661	0.0000463159526589
3.590000	500.380880	499.619120	500.380834	0.0000459190591755
3.595000	500.377090	499.622910	500.377045	0.0000455254785265
3.600000	500.373338	499.626662	500.373293	0.0000451351838819
3.605000	500.369623	499.630377	500.369579	0.0000447481490937
3.610000	500.365946	499.634054	500.365901	0.0000443643477297
3.615000	500.362304	499.637696	500.362260	0.0000439837538693
3.620000	500.358699	499.641301	500.358656	0.0000436063415918
3.625000	500.355130	499.644870	500.355087	0.0000432320853179
3.630000	500.351597	499.648403	500.351554	0.0000428609596383
3.635000	500.348098	499.651902	500.348056	0.0000424929392011
3.640000	500.344635	499.655365	500.344593	0.0000421279991087
3.645000	500.341206	499.658794	500.341164	0.0000417661143501
3.650000	500.337811	499.662189	500.337769	0.0000414072601984
3.655000	500.334450	499.665550	500.334409	0.0000410514124383
3.660000	500.331122	499.668878	500.331081	0.0000406985465702
3.665000	500.327827	499.672173	500.327787	0.0000403486384926
3.670000	500.324565	499.675435	500.324525	0.0000400016644448
3.675000	500.321336	499.678664	500.321296	0.0000396576004391
3.680000	500.318139	499.681861	500.318099	0.0000393164230559
3.685000	500.314973	499.685027	500.314934	0.0000389781089325
3.690000	500.311839	499.688161	500.311800	0.0000386426348769
3.695000	500.308736	499.691264	500.308698	0.0000383099776968
3.700000	500.305664	499.694336	500.305626	0.0000379801145982
3.705000	500.302623	499.697377	500.302585	0.0000376530231847
3.710000	500.299612	499.700388	500.299575	0.0000373286806621
3.715000	500.296631	499.703369	500.296594	0.0000370070648046
3.720000	500.293679	499.706321	500.293643	0.0000366881533864
3.725000	500.290757	499.709243	500.290721	0.0000363719246366
3.730000	500.287864	499.712136	500.287828	0.0000360583565566
3.735000	500.285000	499.715000	500.284964	0.0000357474276598
3.740000	500.282164	499.717836	500.282129	0.0000354391162318
3.745000	500.279357	499.720643	500.279321	0.0000351334011270
3.750000	500.276577	499.723423	500.276542	0.0000348302611997
3.755000	500.273825	499.726175	500.273791	0.0000345296755881
3.760000	500.271101	499.728899	500.271066	0.0000342316231468
3.765000	500.268403	499.731597	500.268369	0.0000339360835255
3.770000	500.265732	499.734268	500.265699	0.0000336430360903
3.775000	500.263088	499.736912	500.263055	0.0000333524604912
3.780000	500.260471	499.739529	500.260438	0.0000330643366624
3.785000	500.257879	499.742121	500.257846	0.0000327786444245
3.790000	500.255313	499.744687	500.255281	0.0000324953640529
3.795000	500.252773	499.747227	500.252741	0.0000322144758229
3.800000	500.250258	499.749742	500.250226	0.0000319359601235
3.805000	500.247768	499.752232	500.247736	0.0000316597974575
3.810000	500.245302	499.754698	500.245271	0.0000313859688390
3.815000	500.242862	499.757138	500.242830	0.0000311144549983
3.820000	500.240445	499.759555	500.240414	0.0000308452368358
3.825000	500.238053	499.761947	500.238022	0.0000305782958208
3.830000	500.235684	499.764316	500.235654	0.0000303136131947
3.835000	500.233339	499.766661	500.233309	0.0000300511703699
3.840000	500.231017	499.768983	500.230987	0.0000297909489859
3.845000	500.228719	499.771281	500.228689	0.0000295329308528
3.850000	500.226443	499.773557	500.226414	0.0000292770980082
3.855000	500.224190	499.775810	500.224161	0.0000290234322051
3.860000	500.221959	499.778041	500.221930	0.0000287719159928
3.865000	500.219751	499.780249	500.219722	0.0000285225315793
3.870000	500.217564	499.782436	500.217536	0.0000282752613430
3.875000	500.215399	499.784601	500.215371	0.0000280300879467
3.880000	500.213256	499.786744	500.213228	0.0000277869942238
3.885000	500.211134	499.788866	500.211107	0.0000275459631212
3.890000	500.209033	499.790967	500.209006	0.0000273069773016
3.895000	500.206954	499.793046	500.206926	0.0000270700203941
3.900000	500.204894	499.795106	500.204867	0.0000268350753458
3.905000	500.202856	499.797144	500.202829	0.0000266021257289
3.910000	500.200837	499.799163	500.200811	0.0000263711551156
3.915000	500.198839	499.801161	500.198813	0.0000261421470782
3.920000	500.196860	499.803140	500.196835	0.0000259150854731
3.925000	500.194902	499.805098	500.194876	0.0000256899542705
3.930000	500.192962	499.807038	500.192937	0.0000254667374975
3.935000	500.191042	499.808958	500.191017	0.0000252454193514
3.940000	500.189142	499.810858	500.189117	0.0000250259841437
3.945000	500.187260	499.812740	500.187235	0.0000248084164696
3.950000	500.185396	499.814604	500.185372	0.0000245927005835
3.955000	500.183552	499.816448	500.183527	0.0000243788214220
3.960000	500.181725	499.818275	500.181701	0.0000241667636942
3.965000	500.179917	499.820083	500.179893	0.0000239565123366
3.970000	500.178127	499.821873	500.178103	0.0000237480523992
3.975000	500.176355	499.823645	500.176331	0.0000235413691030
3.980000	500.174600	499.825400	500.174577	0.0000233364476117
3.985000	500.172863	499.827137	500.172839	0.0000231332734870
3.990000	500.171143	499.828857	500.171120	0.0000229318321772
3.995000	500.169440	499.830560	500.169417	0.0000227321092439
4.000000	500.167754	499.832246	500.167731	0.0000225340904194
4.005000	500.166085	499.833915	500.166062	0.0000223377617203
4.010000	500.164432	499.835568	500.164410	0.0000221431090495
4.015000	500.162796	499.837204	500.162774	0.0000219501183665
4.020000	500.161176	499.838824	500.161154	0.0000217587759721
4.025000	500.159573	499.840427	500.159551	0.0000215690681671
4.030000	500.157985	499.842015	500.157963	0.0000213809813658
4.035000	500.156413	499.843587	500.156392	0.0000211945022670
4.040000	500.154857	499.845143	500.154836	0.0000210096171713
4.045000	500.153316	499.846684	500.153295	0.0000208263130048
4.050000	500.151790	499.848210	500.151770	0.0000206445765230
4.055000	500.150280	499.849720	500.150259	0.0000204643948223
4.060000	500.148785	499.851215	500.148764	0.0000202857548288
4.065000	500.147304	499.852696	500.147284	0.0000201086438096
4.070000	500.145839	499.854161	500.145819	0.0000199330489181
4.075000	500.144387	499.855613	500.144368	0.0000197589575350
4.080000	500.142951	499.857049	500.142931	0.0000195863571548
4.085000	500.141528	499.858472	500.141509	0.0000194152353288
4.090000	500.140120	499.859880	500.140101	0.0000192455797219
4.095000	500.138726	499.861274	500.138707	0.0000190773779991
4.100000	500.137346	499.862654	500.137327	0.0000189106182802
4.105000	500.135979	499.864021	500.135960	0.0000187452883438
4.110000	500.134626	499.865374	500.134608	0.0000185813761959
4.115000	500.133287	499.866713	500.133268	0.0000184188701269
4.120000	500.131960	499.868040	500.131942	0.0000182577583701
4.125000	500.130647	499.869353	500.130629	0.0000180980291589
4.130000	500.129347	499.870653	500.129329	0.0000179396709541
4.135000	500.128060	499.871940	500.128043	0.0000177826723302
4.140000	500.126786	499.873214	500.126769	0.0000176270219754
4.145000	500.125525	499.874475	500.125507	0.0000174727084641
4.150000	500.124276	499.875724	500.124258	0.0000173197207118
4.155000	500.123039	499.876961	500.123022	0.0000171680475773
4.160000	500.121815	499.878185	500.121798	0.0000170176779193
4.165000	500.120603	499.879397	500.120586	0.0000168686011648
4.170000	500.119403	499.880597	500.119386	0.0000167208060589
4.175000	500.118215	499.881785	500.118198	0.0000165742820286
4.180000	500.117039	499.882961	500.117022	0.0000164290185012
4.185000	500.115874	499.884126	500.115858	0.0000162850047900
4.190000	500.114721	499.885279	500.114705	0.0000161422304359
4.195000	500.113580	499.886420	500.113564	0.0000160006850365
4.200000	500.112450	499.887550	500.112434	0.0000158603582463
4.205000	500.111331	499.888669	500.111315	0.0000157212398904
4.210000	500.110223	499.889777	500.110207	0.0000155833197368
4.215000	500.109126	499.890874	500.109111	0.0000154465878381
4.220000	500.108040	499.891960	500.108025	0.0000153110340193
4.225000	500.106965	499.893035	500.106950	0.0000151766485601
4.230000	500.105901	499.894099	500.105886	0.0000150434214561
4.235000	500.104847	499.895153	500.104832	0.0000149113429870
4.240000	500.103804	499.896196	500.103789	0.0000147804036033
4.245000	500.102771	499.897229	500.102757	0.0000146505936982
4.250000	500.101749	499.898251	500.101734	0.0000145219036085
4.255000	500.100736	499.899264	500.100722	0.0000143943240118
4.260000	500.099734	499.900266	500.099720	0.0000142678455859
4.265000	500.098742	499.901258	500.098727	0.0000141424590083
4.270000	500.097759	499.902241	500.097745	0.0000140181550705
4.275000	500.096786	499.903214	500.096773	0.0000138949246775
4.280000	500.095823	499.904177	500.095810	0.0000137727586775
4.285000	500.094870	499.905130	500.094856	0.0000136516482030
4.290000	500.093926	499.906074	500.093912	0.0000135315842158
4.295000	500.092991	499.907009	500.092978	0.0000134125579052
4.300000	500.092066	499.907934	500.092053	0.0000132945606879
4.305000	500.091150	499.908850	500.091137	0.0000131775835825
4.310000	500.090243	499.909757	500.090230	0.0000130616182332
4.315000	500.089345	499.910655	500.089332	0.0000129466559997
4.320000	500.088456	499.911544	500.088443	0.0000128326884123
4.325000	500.087576	499.912424	500.087563	0.0000127197068309
4.330000	500.086705	499.913295	500.086692	0.0000126077032405
4.335000	500.085842	499.914158	500.085830	0.0000124966693420
4.340000	500.084988	499.915012	500.084976	0.0000123865967225
4.345000	500.084142	499.915858	500.084130	0.0000122774773672
4.350000	500.083305	499.916695	500.083293	0.0000121693030906
4.355000	500.082476	499.917524	500.082464	0.0000120620659914
4.360000	500.081656	499.918344	500.081644	0.0000119557581684
4.365000	500.080843	499.919157	500.080831	0.0000118503717204
4.370000	500.080039	499.919961	500.080027	0.0000117458987461
4.375000	500.079242	499.920758	500.079231	0.0000116423315717
4.380000	500.078454	499.921546	500.078442	0.0000115396624665
4.385000	500.077673	499.922327	500.077662	0.0000114378839839
4.390000	500.076900	499.923100	500.076889	0.0000113369883366
4.395000	500.076135	499.923865	500.076124	0.0000112369681347
4.400000	500.075378	499.924622	500.075367	0.0000111378161023
4.405000	500.074628	499.925372	500.074617	0.0000110395245088
4.410000	500.073885	499.926115	500.073874	0.0000109420862486
4.415000	500.073150	499.926850	500.073139	0.0000108454941028
4.420000	500.072422	499.927578	500.072411	0.0000107497409090
4.425000	500.071702	499.928298	500.071691	0.0000106548193912
4.430000	500.070988	499.929012	500.070978	0.0000105607226146
4.435000	500.070282	499.929718	500.070271	0.0000104674435306
4.440000	500.069582	499.930418	500.069572	0.0000103749750906
4.445000	500.068890	499.931110	500.068880	0.0000102833104734
4.450000	500.068205	499.931795	500.068194	0.0000101924428577
4.455000	500.067526	499.932474	500.067516	0.0000101023654224
4.460000	500.066854	499.933146	500.066844	0.0000100130715737
4.465000	500.066189	499.933811	500.066179	0.0000099245543197
4.470000	500.065530	499.934470	500.065521	0.0000098368072941
4.475000	500.064878	499.935122	500.064869	0.0000097498239597
4.480000	500.064233	499.935767	500.064223	0.0000096635976661
4.485000	500.063594	499.936406	500.063584	0.0000095781219329
4.490000	500.062961	499.937039	500.062951	0.0000094933906212
4.495000	500.062334	499.937666	500.062325	0.0000094093970233
4.500000	500.061714	499.938286	500.061705	0.0000093261351140
4.505000	500.061100	499.938900	500.061091	0.0000092435985835
4.510000	500.060492	499.939508	500.060483	0.0000091617811222
4.515000	500.059890	499.940110	500.059881	0.0000090806767616
4.520000	500.059294	499.940706	500.059285	0.0000090002793627
4.525000	500.058704	499.941296	500.058696	0.0000089205827862
4.530000	500.058120	499.941880	500.058111	0.0000088415812343
4.535000	500.057542	499.942458	500.057533	0.0000087632685677
4.540000	500.056969	499.943031	500.056961	0.0000086856389885
4.545000	500.056403	499.943597	500.056394	0.0000086086867555
4.550000	500.055841	499.944159	500.055833	0.0000085324058432
4.555000	500.055286	499.944714	500.055277	0.0000084567906242
4.560000	500.054736	499.945264	500.054727	0.0000083818355279
4.565000	500.054191	499.945809	500.054183	0.0000083075347561
4.570000	500.053652	499.946348	500.053644	0.0000082338826246
4.575000	500.053118	499.946882	500.053110	0.0000081608738469
4.580000	500.052590	499.947410	500.052581	0.0000080885027387
4.585000	500.052066	499.947934	500.052058	0.0000080167637861
4.590000	500.051548	499.948452	500.051540	0.0000079456517597
4.595000	500.051035	499.948965	500.051027	0.0000078751610317
4.600000	500.050528	499.949472	500.050520	0.0000078052866002
4.605000	500.050025	499.949975	500.050017	0.0000077360229511
4.610000	500.049527	499.950473	500.049519	0.0000076673647982
4.615000	500.049034	499.950966	500.049027	0.0000075993071960
4.620000	500.048546	499.951454	500.048539	0.0000075318447443
4.625000	500.048063	499.951937	500.048056	0.0000074649724979
4.630000	500.047585	499.952415	500.047578	0.0000073986853977
4.635000	500.047112	499.952888	500.047104	0.0000073329782140
4.640000	500.046643	499.953357	500.046636	0.0000072678462857
4.645000	500.046179	499.953821	500.046172	0.0000072032843264
4.650000	500.045719	499.954281	500.045712	0.0000071392877317
4.655000	500.045264	499.954736	500.045257	0.0000070758513857
4.660000	500.044814	499.955186	500.044807	0.0000070129708547
4.665000	500.044368	499.955632	500.044361	0.0000069506408522
4.670000	500.043927	499.956073	500.043920	0.0000068888571150
4.675000	500.043490	499.956510	500.043483	0.0000068276146408
4.680000	500.043057	499.956943	500.043050	0.0000067669088821
4.685000	500.042628	499.957372	500.042622	0.0000067067352916
4.690000	500.042204	499.957796	500.042198	0.0000066470892079
4.695000	500.041784	499.958216	500.041778	0.0000065879660838
4.700000	500.041369	499.958631	500.041362	0.0000065293613716
4.705000	500.040957	499.959043	500.040950	0.0000064712706376
4.710000	500.040549	499.959451	500.040543	0.0000064136895048
4.715000	500.040146	499.959854	500.040140	0.0000063566136532
4.720000	500.039747	499.960253	500.039740	0.0000063000385353
4.725000	500.039351	499.960649	500.039345	0.0000062439600583
4.730000	500.038959	499.961041	500.038953	0.0000061883737317
4.735000	500.038572	499.961428	500.038566	0.0000061332754626
4.740000	500.038188	499.961812	500.038182	0.0000060786609879
4.745000	500.037808	499.962192	500.037802	0.0000060245261011
4.750000	500.037432	499.962568	500.037426	0.0000059708667095
4.755000	500.037059	499.962941	500.037054	0.0000059176786635
4.760000	500.036691	499.963309	500.036685	0.0000058649579273
4.765000	500.036326	499.963674	500.036320	0.0000058127004650
4.770000	500.035964	499.964036	500.035958	0.0000057609023543
4.775000	500.035606	499.964394	500.035601	0.0000057095595025
4.780000	500.035252	499.964748	500.035246	0.0000056586679307
4.785000	500.034901	499.965099	500.034896	0.0000056082239439
4.790000	500.034554	499.965446	500.034548	0.0000055582234495
4.795000	500.034210	499.965790	500.034205	0.0000055086628663
4.800000	500.033870	499.966130	500.033864	0.0000054595381584
4.805000	500.033533	499.966467	500.033527	0.0000054108457448
4.810000	500.033199	499.966801	500.033194	0.0000053625818737
4.815000	500.032869	499.967131	500.032864	0.0000053147425660
4.820000	500.032542	499.967458	500.032537	0.0000052673245250
4.825000	500.032218	499.967782	500.032213	0.0000052203238852
4.830000	500.031897	499.968103	500.031892	0.0000051737370654
4.835000	500.031580	499.968420	500.031575	0.0000051275605415
4.840000	500.031266	499.968734	500.031261	0.0000050817906185
4.845000	500.030955	499.969045	500.030950	0.0000050364239996
4.850000	500.030647	499.969353	500.030642	0.0000049914568763
4.855000	500.030342	499.969658	500.030337	0.0000049468861789
4.860000	500.030040	499.969960	500.030035	0.0000049027080991
4.865000	500.029741	499.970259	500.029736	0.0000048589195671
4.870000	500.029445	499.970555	500.029440	0.0000048155168884
4.875000	500.029152	499.970848	500.029147	0.0000047724969932
4.880000	500.028862	499.971138	500.028857	0.0000047298564141
4.885000	500.028575	499.971425	500.028570	0.0000046875918542
4.890000	500.028291	499.971709	500.028286	0.0000046457001872
4.895000	500.028009	499.971991	500.028004	0.0000046041778887
4.900000	500.027730	499.972270	500.027726	0.0000045630221166
4.905000	500.027454	499.972546	500.027450	0.0000045222295171
4.910000	500.027181	499.972819	500.027177	0.0000044817968501
4.915000	500.026911	499.973089	500.026906	0.0000044417211029
4.920000	500.026643	499.973357	500.026639	0.0000044019992060
4.925000	500.026378	499.973622	500.026374	0.0000043626279762
4.930000	500.026115	499.973885	500.026111	0.0000043236045144
4.935000	500.025856	499.974144	500.025851	0.0000042849256374
4.940000	500.025598	499.974402	500.025594	0.0000042465884462
4.945000	500.025344	499.974656	500.025339	0.0000042085899281
4.950000	500.025092	499.974908	500.025087	0.0000041709270704
4.955000	500.024842	499.975158	500.024838	0.0000041335972583
4.960000	500.024595	499.975405	500.024591	0.0000040965971948
4.965000	500.024350	499.975650	500.024346	0.0000040599242652
4.970000	500.024108	499.975892	500.024104	0.0000040235755705
4.975000	500.023868	499.976132	500.023864	0.0000039875482116
4.980000	500.023630	499.976370	500.023626	0.0000039518394601
4.985000	500.023395	499.976605	500.023391	0.0000039164465875
4.990000	500.023162	499.976838	500.023159	0.0000038813667516
4.995000	500.022932	499.977068	500.022928	0.0000038465972807
#0.005000	1000	0.0030887723750084