0.000000	1000.000000	0.000000	1000.000000	0.0000000000000000
0.005000	995.024917	4.975083	995.024917	0.0000000004159801
0.010000	990.099337	9.900663	990.099337	0.0000000008236611
0.015000	985.222767	14.777233	985.222767	0.0000000012231567
0.020000	980.394720	19.605280	980.394720	0.0000000016149215
0.025000	975.614712	24.385288	975.614712	0.0000000019983872
0.030000	970.882267	29.117733	970.882267	0.0000000023741222
0.035000	966.196910	33.803090	966.196910	0.0000000027422402
0.040000	961.558173	38.441827	961.558173	0.0000000031029685
0.045000	956.965593	43.034407	956.965593	0.0000000034559662
0.050000	952.418709	47.581291	952.418709	0.0000000038018015
0.055000	947.917068	52.082932	947.917068	0.0000000041403609
0.060000	943.460218	56.539782	943.460218	0.0000000044718718
0.065000	939.047715	60.952285	939.047715	0.0000000047962203
0.070000	934.679118	65.320882	934.679118	0.0000000051137476
0.075000	930.353988	69.646012	930.353988	0.0000000054245675
0.080000	926.071894	73.928106	926.071894	0.0000000057285661
0.085000	921.832408	78.167592	921.832408	0.0000000060259708
0.090000	917.635106	82.364894	917.635106	0.0000000063171228
0.095000	913.479567	86.520433	913.479567	0.0000000066017947
0.100000	909.365377	90.634623	909.365377	0.0000000068801000
0.105000	905.292123	94.707877	905.292123	0.0000000071521526
0.110000	901.259399	98.740601	901.259399	0.0000000074181798
0.115000	897.266801	102.733199	897.266801	0.0000000076781816
0.120000	893.313931	106.686069	893.313931	0.0000000079322717
0.125000	889.400392	110.599608	889.400392	0.0000000081804501
0.130000	885.525793	114.474207	885.525793	0.0000000084230578
0.135000	881.689747	118.310253	881.689747	0.0000000086599812
0.140000	877.891871	122.108129	877.891871	0.0000000088914476
0.145000	874.131784	125.868216	874.131784	0.0000000091172296
0.150000	870.409110	129.590890	870.409110	0.0000000093377821
0.155000	866.723478	133.276522	866.723478	0.0000000095529913
0.160000	863.074519	136.925481	863.074519	0.0000000097630846
0.165000	859.461867	140.538133	859.461867	0.0000000099679482
0.170000	855.885161	144.114839	855.885161	0.0000000101679234
0.175000	852.344045	147.655955	852.344045	0.0000000103627826
0.180000	848.838163	151.161837	848.838163	0.0000000105527533
0.185000	845.367165	154.632835	845.367165	0.0000000107380629
0.190000	841.930705	158.069295	841.930705	0.0000000109185976
0.195000	838.528437	161.471563	838.528437	0.0000000110944711
0.200000	835.160023	164.839977	835.160023	0.0000000112656835
0.205000	831.825125	168.174875	831.825125	0.0000000114323484
0.210000	828.523410	171.476590	828.523410	0.0000000115946932
0.215000	825.254547	174.745453	825.254547	0.0000000117526042
0.220000	822.018211	177.981789	822.018211	0.0000000119063088
0.225000	818.814076	181.185924	818.814076	0.0000000120555796
0.230000	815.641823	184.358177	815.641823	0.0000000122008714
0.235000	812.501134	187.498866	812.501134	0.0000000123420705
0.240000	809.391696	190.608304	809.391696	0.0000000124791768
0.245000	806.313197	193.686803	806.313197	0.0000000126125315
0.250000	803.265330	196.734670	803.265330	0.0000000127419071
0.255000	800.247789	199.752211	800.247789	0.0000000128674174
0.260000	797.260274	202.739726	797.260274	0.0000000129890623
0.265000	794.302485	205.697515	794.302485	0.0000000131071829
0.270000	791.374126	208.625874	791.374126	0.0000000132215519
0.275000	788.474905	211.525095	788.474905	0.0000000133322828
0.280000	785.604532	214.395468	785.604532	0.0000000134397169
0.285000	782.762719	217.237281	782.762719	0.0000000135436267
0.290000	779.949183	220.050817	779.949183	0.0000000136442395
0.295000	777.163642	222.836358	777.163642	0.0000000137413281
0.300000	774.405818	225.594182	774.405818	0.0000000138352334
0.305000	771.675435	228.324565	771.675435	0.0000000139257281
0.310000	768.972219	231.027781	768.972219	0.0000000140132670
0.315000	766.295901	233.704099	766.295901	0.0000000140976226
0.320000	763.646212	236.353788	763.646212	0.0000000141787950
0.325000	761.022888	238.977112	761.022888	0.0000000142571253
0.330000	758.425667	241.574333	758.425667	0.0000000143322723
0.335000	755.854289	244.145711	755.854289	0.0000000144046908
0.340000	753.308496	246.691504	753.308496	0.0000000144742671
0.345000	750.788035	249.211965	750.788035	0.0000000145408876
0.350000	748.292652	251.707348	748.292652	0.0000000146048933
0.355000	745.822099	254.177901	745.822099	0.0000000146661705
0.360000	743.376128	256.623872	743.376128	0.0000000147247192
0.365000	740.954495	259.045505	740.954495	0.0000000147807668
0.370000	738.556958	261.443042	738.556958	0.0000000148341996
0.375000	736.183276	263.816724	736.183276	0.0000000148850177
0.380000	733.833214	266.166786	733.833214	0.0000000149334483
0.385000	731.506534	268.493466	731.506534	0.0000000149793777
0.390000	729.203006	270.796994	729.203006	0.0000000150230335
0.395000	726.922398	273.077602	726.922398	0.0000000150641881
0.400000	724.664482	275.335518	724.664482	0.0000000151030690
0.405000	722.429033	277.570967	722.429033	0.0000000151397899
0.410000	720.215827	279.784173	720.215827	0.0000000151742370
0.415000	718.024643	281.975357	718.024643	0.0000000152064104
0.420000	715.855262	284.144738	715.855262	0.0000000152364237
0.425000	713.707466	286.292534	713.707466	0.0000000152643906
0.430000	711.581041	288.418959	711.581041	0.0000000152903112
0.435000	709.475775	290.524225	709.475775	0.0000000153142992
0.440000	707.391456	292.608544	707.391456	0.0000000153362407
0.445000	705.327876	294.672124	705.327876	0.0000000153561359
0.450000	703.284830	296.715170	703.284830	0.0000000153742121
0.455000	701.262112	298.737888	701.262112	0.0000000153902420
0.460000	699.259521	300.740479	699.259521	0.0000000154045665
0.465000	697.276855	302.723145	697.276855	0.0000000154170721
0.470000	695.313918	304.686082	695.313918	0.0000000154277586
0.475000	693.370512	306.629488	693.370512	0.0000000154367399
0.480000	691.446443	308.553557	691.446443	0.0000000154440158
0.485000	689.541519	310.458481	689.541519	0.0000000154497002
0.490000	687.655549	312.344451	687.655549	0.0000000154535655
0.495000	685.788346	314.211654	685.788346	0.0000000154559530
0.500000	683.939721	316.060279	683.939721	0.0000000154567488
0.505000	682.109490	317.890510	682.109490	0.0000000154559530
0.510000	680.297470	319.702530	680.297470	0.0000000154536792
0.515000	678.503480	321.496520	678.503480	0.0000000154499276
0.520000	676.727341	323.272659	676.727341	0.0000000154445843
0.525000	674.968875	325.031125	674.968875	0.0000000154379904
0.530000	673.227905	326.772095	673.227905	0.0000000154299187
0.535000	671.504259	328.495741	671.504259	0.0000000154204827
0.540000	669.797763	330.202237	669.797763	0.0000000154097961
0.545000	668.108247	331.891753	668.108247	0.0000000153976316
0.550000	666.435542	333.564458	666.435542	0.0000000153843303
0.555000	664.779481	335.220519	664.779481	0.0000000153696647
0.560000	663.139897	336.860103	663.139897	0.0000000153537485
0.565000	661.516628	338.483372	661.516628	0.0000000153368092
0.570000	659.909511	340.090489	659.909511	0.0000000153185056
0.575000	658.318385	341.681615	658.318385	0.0000000152992925
0.580000	656.743090	343.256910	656.743090	0.0000000152786015
0.585000	655.183471	344.816529	655.183471	0.0000000152568873
0.590000	653.639369	346.360631	653.639369	0.0000000152341499
0.595000	652.110632	347.889368	652.110632	0.0000000152105031
0.600000	650.597106	349.402894	650.597106	0.0000000151857193
0.605000	649.098640	350.901360	649.098640	0.0000000151599124
0.610000	647.615083	352.384917	647.615083	0.0000000151330823
0.615000	646.146289	353.853711	646.146289	0.0000000151053428
0.620000	644.692109	355.307891	644.692109	0.0000000150765800
0.625000	643.252398	356.747602	643.252398	0.0000000150467940
0.630000	641.827013	358.172987	641.827013	0.0000000150163260
0.635000	640.415811	359.584189	640.415811	0.0000000149849484
0.640000	639.018650	360.981350	639.018650	0.0000000149527750
0.645000	637.635392	362.364608	637.635392	0.0000000149195785
0.650000	636.265897	363.734103	636.265897	0.0000000148856998
0.655000	634.910028	365.089972	634.910028	0.0000000148507979
0.660000	633.567651	366.432349	633.567651	0.0000000148153276
0.665000	632.238631	367.761369	632.238631	0.0000000147791752
0.670000	630.922834	369.077166	630.922834	0.0000000147419996
0.675000	629.620130	370.379870	629.620130	0.0000000147042556
0.680000	628.330388	371.669612	628.330388	0.0000000146658294
0.685000	627.053480	372.946520	627.053480	0.0000000146266075
0.690000	625.789277	374.210723	625.789277	0.0000000145868171
0.695000	624.537652	375.462348	624.537652	0.0000000145463446
0.700000	623.298482	376.701518	623.298482	0.0000000145051899
0.705000	622.071642	377.928358	622.071642	0.0000000144633532
0.710000	620.857008	379.142992	620.857008	0.0000000144210617
0.715000	619.654461	380.345539	619.654461	0.0000000143780881
0.720000	618.463879	381.536121	618.463879	0.0000000143345460
0.725000	617.285144	382.714856	617.285144	0.0000000142904355
0.730000	616.118137	383.881863	616.118137	0.0000000142457566
0.735000	614.962743	385.037257	614.962743	0.0000000142006229
0.740000	613.818844	386.181156	613.818844	0.0000000141549208
0.745000	612.686328	387.313672	612.686328	0.0000000141087639
0.750000	611.565080	388.434920	611.565080	0.0000000140621523
0.755000	610.454989	389.545011	610.454989	0.0000000140149723
0.760000	609.355943	390.644057	609.355943	0.0000000139674512
0.765000	608.267834	391.732166	608.267834	0.0000000139193617
0.770000	607.190551	392.809449	607.190551	0.0000000138709311
0.775000	606.123987	393.876013	606.123987	0.0000000138220457
0.780000	605.068036	394.931964	605.068036	0.0000000137729330
0.785000	604.022591	395.977409	604.022591	0.0000000137233656
0.790000	602.987549	397.012451	602.987549	0.0000000136733433
0.795000	601.962806	398.037194	601.962806	0.0000000136229801
0.800000	600.948259	399.051741	600.948259	0.0000000135722757
0.805000	599.943807	400.056193	599.943807	0.0000000135212304
0.810000	598.949350	401.050650	598.949350	0.0000000134698439
0.815000	597.964787	402.035213	597.964787	0.0000000134181164
0.820000	596.990021	403.009979	596.990021	0.0000000133660478
0.825000	596.024954	403.975046	596.024954	0.0000000133137519
0.830000	595.069490	404.930510	595.069490	0.0000000132612286
0.835000	594.123533	405.876467	594.123533	0.0000000132083642
0.840000	593.186988	406.813012	593.186988	0.0000000131552724
0.845000	592.259762	407.740238	592.259762	0.0000000131017259
0.850000	591.341762	408.658238	591.341762	0.0000000130481794
0.855000	590.432896	409.567104	590.432896	0.0000000129942919
0.860000	589.533074	410.466926	589.533074	0.0000000129401769
0.865000	588.642205	411.357795	588.642205	0.0000000128859483
0.870000	587.760200	412.239800	587.760200	0.0000000128314923
0.875000	586.886972	413.113028	586.886972	0.0000000127768089
0.880000	586.022432	413.977568	586.022432	0.0000000127220119
0.885000	585.166494	414.833506	585.166494	0.0000000126668738
0.890000	584.319074	415.680926	584.319074	0.0000000126117357
0.895000	583.480085	416.519915	583.480085	0.0000000125563702
0.900000	582.649444	417.350556	582.649444	0.0000000125008910
0.905000	581.827068	418.172932	581.827068	0.0000000124451844
0.910000	581.012875	418.987125	581.012875	0.0000000123893642
0.915000	580.206784	419.793216	580.206784	0.0000000123334303
0.920000	579.408713	420.591287	579.408713	0.0000000122774964
0.925000	578.618583	421.381417	578.618583	0.0000000122214487
0.930000	577.836315	422.163685	577.836315	0.0000000121650601
0.935000	577.061831	422.938169	577.061831	0.0000000121088988
0.940000	576.295053	423.704947	576.295053	0.0000000120523964
0.945000	575.535904	424.464096	575.535904	0.0000000119958941
0.950000	574.784310	425.215690	574.784310	0.0000000119393917
0.955000	574.040193	425.959807	574.040193	0.0000000118828893
0.960000	573.303481	426.696519	573.303481	0.0000000118262733
0.965000	572.574099	427.425901	572.574099	0.0000000117694299
0.970000	571.851975	428.148025	571.851975	0.0000000117128138
0.975000	571.137036	428.862964	571.137036	0.0000000116559704
0.980000	570.429210	429.570790	570.429210	0.0000000115991270
0.985000	569.728428	430.271572	569.728428	0.0000000115422836
0.990000	569.034619	430.965381	569.034619	0.0000000114854402
0.995000	568.347713	431.652287	568.347713	0.0000000114285967
1.000000	567.667642	432.332358	567.667642	0.0000000113716396
1.005000	566.994337	433.005663	566.994337	0.0000000113147962
1.010000	566.327733	433.672267	566.327733	0.0000000112578391
1.015000	565.667761	434.332239	565.667761	0.0000000112011094
1.020000	565.014355	434.985645	565.014355	0.0000000111441523
1.025000	564.367452	435.632548	564.367452	0.0000000110874225
1.030000	563.726985	436.273015	563.726985	0.0000000110305791
1.035000	563.092891	436.907109	563.092891	0.0000000109739631
1.040000	562.465106	437.534894	562.465106	0.0000000109171197
1.045000	561.843568	438.156432	561.843568	0.0000000108605036
1.050000	561.228214	438.771786	561.228214	0.0000000108038876
1.055000	560.618983	439.381017	560.618983	0.0000000107472715
1.060000	560.015814	439.984186	560.015814	0.0000000106908828
1.065000	559.418647	440.581353	559.418647	0.0000000106343805
1.070000	558.827422	441.172578	558.827422	0.0000000105779918
1.075000	558.242079	441.757921	558.242079	0.0000000105217168
1.080000	557.662561	442.337439	557.662561	0.0000000104653282
1.085000	557.088808	442.911192	557.088808	0.0000000104091669
1.090000	556.520765	443.479235	556.520765	0.0000000103531193
1.095000	555.958374	444.041626	555.958374	0.0000000102971853
1.100000	555.401579	444.598421	555.401579	0.0000000102412514
1.105000	554.850324	445.149676	554.850324	0.0000000101855449
1.110000	554.304554	445.695446	554.304554	0.0000000101297246
1.115000	553.764215	446.235785	553.764215	0.0000000100741318
1.120000	553.229252	446.770748	553.229252	0.0000000100186526
1.125000	552.699612	447.300388	552.699612	0.0000000099631734
1.130000	552.175242	447.824758	552.175242	0.0000000099079216
1.135000	551.656090	448.343910	551.656090	0.0000000098526698
1.140000	551.142103	448.857897	551.142103	0.0000000097976454
1.145000	550.633231	449.366769	550.633231	0.0000000097427346
1.150000	550.129422	449.870578	550.129422	0.0000000096879376
1.155000	549.630626	450.369374	549.630626	0.0000000096331405
1.160000	549.136793	450.863207	549.136793	0.0000000095785708
1.165000	548.647874	451.352126	548.647874	0.0000000095241148
1.170000	548.163819	451.836181	548.163819	0.0000000094697725
1.175000	547.684581	452.315419	547.684581	0.0000000094156576
1.180000	547.210112	452.789888	547.210112	0.0000000093616563
1.185000	546.740363	453.259637	546.740363	0.0000000093077688
1.190000	546.275289	453.724711	546.275289	0.0000000092541086
1.195000	545.814842	454.185158	545.814842	0.0000000092005621
1.200000	545.358977	454.641023	545.358977	0.0000000091471293
1.205000	544.907647	455.092353	544.907647	0.0000000090938101
1.210000	544.460809	455.539191	544.460809	0.0000000090407184
1.215000	544.018416	455.981584	544.018416	0.0000000089876266
1.220000	543.580426	456.419574	543.580426	0.0000000089348760
1.225000	543.146793	456.853207	543.146793	0.0000000088822389
1.230000	542.717475	457.282525	542.717475	0.0000000088297156
1.235000	542.292430	457.707570	542.292430	0.0000000087774197
1.240000	541.871613	458.128387	541.871613	0.0000000087253511
1.245000	541.454983	458.545017	541.454983	0.0000000086733962
1.250000	541.042499	458.957501	541.042499	0.0000000086214413
1.255000	540.634120	459.365880	540.634120	0.0000000085697138
1.260000	540.229803	459.770197	540.229803	0.0000000085183274
1.265000	539.829510	460.170490	539.829510	0.0000000084669409
1.270000	539.433200	460.566800	539.433200	0.0000000084157818
1.275000	539.040833	460.959167	539.040833	0.0000000083649638
1.280000	538.652370	461.347630	538.652370	0.0000000083141458
1.285000	538.267773	461.732227	538.267773	0.0000000082635552
1.290000	537.887002	462.112998	537.887002	0.0000000082130782
1.295000	537.510020	462.489980	537.510020	0.0000000081629423
1.300000	537.136789	462.863211	537.136789	0.0000000081129201
1.305000	536.767272	463.232728	536.767272	0.0000000080631253
1.310000	536.401431	463.598569	536.401431	0.0000000080134441
1.315000	536.039231	463.960769	536.039231	0.0000000079639904
1.320000	535.680635	464.319365	535.680635	0.0000000079146503
1.325000	535.325607	464.674393	535.325607	0.0000000078656512
1.330000	534.974111	465.025889	534.974111	0.0000000078166522
1.335000	534.626113	465.373887	534.626113	0.0000000077679942
1.340000	534.281577	465.718423	534.281577	0.0000000077194500
1.345000	533.940470	466.059530	533.940470	0.0000000076712467
1.350000	533.602756	466.397244	533.602756	0.0000000076230435
1.355000	533.268403	466.731597	533.268403	0.0000000075751814
1.360000	532.937377	467.062623	532.937377	0.0000000075275466
1.365000	532.609645	467.390355	532.609645	0.0000000074799118
1.370000	532.285173	467.714827	532.285173	0.0000000074326181
1.375000	531.963931	468.036069	531.963931	0.0000000073855517
1.380000	531.645884	468.354116	531.645884	0.0000000073385991
1.385000	531.331002	468.668998	531.331002	0.0000000072919875
1.390000	531.019254	468.980746	531.019254	0.0000000072453759
1.395000	530.710607	469.289393	530.710607	0.0000000071991053
1.400000	530.405031	469.594969	530.405031	0.0000000071530621
1.405000	530.102496	469.897504	530.102496	0.0000000071071327
1.410000	529.802971	470.197029	529.802971	0.0000000070613169
1.415000	529.506427	470.493573	529.506427	0.0000000070158421
1.420000	529.212833	470.787167	529.212833	0.0000000069705948
1.425000	528.922160	471.077840	528.922160	0.0000000069254611
1.430000	528.634380	471.365620	528.634380	0.0000000068806685
1.435000	528.349463	471.650537	528.349463	0.0000000068359896
1.440000	528.067381	471.932619	528.067381	0.0000000067916517
1.445000	527.788106	472.211894	527.788106	0.0000000067473138
1.450000	527.511610	472.488390	527.511610	0.0000000067033170
1.455000	527.237865	472.762135	527.237865	0.0000000066595476
1.460000	526.966844	473.033156	526.966844	0.0000000066158918
1.465000	526.698519	473.301481	526.698519	0.0000000065726908
1.470000	526.432864	473.567136	526.432864	0.0000000065293762
1.475000	526.169853	473.830147	526.169853	0.0000000064864025
1.480000	525.909459	474.090541	525.909459	0.0000000064436563
1.485000	525.651655	474.348345	525.651655	0.0000000064010237
1.490000	525.396417	474.603583	525.396417	0.0000000063587322
1.495000	525.143718	474.856282	525.143718	0.0000000063165544
1.500000	524.893534	475.106466	524.893534	0.0000000062746039
1.505000	524.645839	475.354161	524.645839	0.0000000062328809
1.510000	524.400609	475.599391	524.400609	0.0000000061913852
1.515000	524.157819	475.842181	524.157819	0.0000000061501169
1.520000	523.917445	476.082555	523.917445	0.0000000061089622
1.525000	523.679462	476.320538	523.679462	0.0000000060680350
1.530000	523.443848	476.556152	523.443848	0.0000000060274488
1.535000	523.210577	476.789423	523.210577	0.0000000059869762
1.540000	522.979628	477.020372	522.979628	0.0000000059466174
1.545000	522.750977	477.249023	522.750977	0.0000000059067133
1.550000	522.524601	477.475399	522.524601	0.0000000058668093
1.555000	522.300478	477.699522	522.300478	0.0000000058271326
1.560000	522.078584	477.921416	522.078584	0.0000000057875695
1.565000	521.858899	478.141101	521.858899	0.0000000057484613
1.570000	521.641399	478.358601	521.641399	0.0000000057093530
1.575000	521.426063	478.573937	521.426063	0.0000000056704721
1.580000	521.212871	478.787129	521.212871	0.0000000056319323
1.585000	521.001799	478.998201	521.001799	0.0000000055935061
1.590000	520.792828	479.207172	520.792828	0.0000000055553073
1.595000	520.585935	479.414065	520.585935	0.0000000055173359
1.600000	520.381102	479.618898	520.381102	0.0000000054794782
1.605000	520.178307	479.821693	520.178307	0.0000000054419615
1.610000	519.977529	480.022471	519.977529	0.0000000054045586
1.615000	519.778749	480.221251	519.778749	0.0000000053673830
1.620000	519.581948	480.418052	519.581948	0.0000000053303211
1.625000	519.387104	480.612896	519.387104	0.0000000052936002
1.630000	519.194199	480.805801	519.194199	0.0000000052571067
1.635000	519.003214	480.996786	519.003214	0.0000000052208406
1.640000	518.814128	481.185872	518.814128	0.0000000051848019
1.645000	518.626925	481.373075	518.626925	0.0000000051487632
1.650000	518.441584	481.558416	518.441584	0.0000000051130655
1.655000	518.258087	481.741913	518.258087	0.0000000050773679
1.660000	518.076416	481.923584	518.076416	0.0000000050420113
1.665000	517.896553	482.103447	517.896553	0.0000000050067683
1.670000	517.718479	482.281521	517.718479	0.0000000049718665
1.675000	517.542177	482.457823	517.542177	0.0000000049370783
1.680000	517.367629	482.632371	517.367629	0.0000000049025175
1.685000	517.194819	482.805181	517.194819	0.0000000048680704
1.690000	517.023727	482.976273	517.023727	0.0000000048340780
1.695000	516.854338	483.145662	516.854338	0.0000000048000857
1.700000	516.686635	483.313365	516.686635	0.0000000047664344
1.705000	516.520600	483.479400	516.520600	0.0000000047328967
1.710000	516.356217	483.643783	516.356217	0.0000000046995865
1.715000	516.193470	483.806530	516.193470	0.0000000046663899
1.720000	516.032343	483.967657	516.032343	0.0000000046334208
1.725000	515.872818	484.127182	515.872818	0.0000000046006789
1.730000	515.714881	484.285119	515.714881	0.0000000045681645
1.735000	515.558515	484.441485	515.558515	0.0000000045357638
1.740000	515.403706	484.596294	515.403706	0.0000000045035904
1.745000	515.250436	484.749564	515.250436	0.0000000044716444
1.750000	515.098692	484.901308	515.098692	0.0000000044398121
1.755000	514.948457	485.051543	514.948457	0.0000000044082071
1.760000	514.799718	485.200282	514.799718	0.0000000043767159
1.765000	514.652458	485.347542	514.652458	0.0000000043455657
1.770000	514.506664	485.493336	514.506664	0.0000000043145292
1.775000	514.362320	485.637680	514.362320	0.0000000042836064
1.780000	514.219412	485.780588	514.219412	0.0000000042530246
1.785000	514.077927	485.922073	514.077927	0.0000000042224428
1.790000	513.937849	486.062151	513.937849	0.0000000041922021
1.795000	513.799165	486.200835	513.799165	0.0000000041620751
1.800000	513.661861	486.338139	513.661861	0.0000000041321755
1.805000	513.525923	486.474077	513.525923	0.0000000041023895
1.810000	513.391338	486.608662	513.391338	0.0000000040727173
1.815000	513.258092	486.741908	513.258092	0.0000000040433861
1.820000	513.126172	486.873828	513.126172	0.0000000040141686
1.825000	512.995564	487.004436	512.995564	0.0000000039851784
1.830000	512.866256	487.133744	512.866256	0.0000000039563020
1.835000	512.738235	487.261765	512.738235	0.0000000039276529
1.840000	512.611487	487.388513	512.611487	0.0000000038991175
1.845000	512.486001	487.513999	512.486001	0.0000000038709231
1.850000	512.361763	487.638237	512.361763	0.0000000038427288
1.855000	512.238762	487.761238	512.238762	0.0000000038148755
1.860000	512.116984	487.883016	512.116984	0.0000000037870223
1.865000	511.996418	488.003582	511.996418	0.0000000037593395
1.870000	511.877052	488.122948	511.877052	0.0000000037319978
1.875000	511.758873	488.241127	511.758873	0.0000000037047698
1.880000	511.641870	488.358130	511.641870	0.0000000036776555
1.885000	511.526032	488.473968	511.526032	0.0000000036506549
1.890000	511.411346	488.588654	511.411346	0.0000000036239953
1.895000	511.297801	488.702199	511.297801	0.0000000035973926
1.900000	511.185386	488.814614	511.185386	0.0000000035710173
1.905000	511.074089	488.925911	511.074089	0.0000000035447556
1.910000	510.963900	489.036100	510.963900	0.0000000035186076
1.915000	510.854808	489.145192	510.854808	0.0000000034928007
1.920000	510.746801	489.253199	510.746801	0.0000000034669370
1.925000	510.639868	489.360132	510.639868	0.0000000034414711
1.930000	510.534000	489.466000	510.534000	0.0000000034160053
1.935000	510.429185	489.570815	510.429185	0.0000000033908236
1.940000	510.325413	489.674587	510.325413	0.0000000033656988
1.945000	510.222673	489.777327	510.222673	0.0000000033408583
1.950000	510.120956	489.879044	510.120956	0.0000000033160745
1.955000	510.020251	489.979749	510.020251	0.0000000032915182
1.960000	509.920547	490.079453	509.920547	0.0000000032671323
1.965000	509.821836	490.178164	509.821836	0.0000000032429170
1.970000	509.724107	490.275893	509.724107	0.0000000032187017
1.975000	509.627351	490.372649	509.627351	0.0000000031948275
1.980000	509.531557	490.468443	509.531557	0.0000000031710101
1.985000	509.436717	490.563283	509.436717	0.0000000031473633
1.990000	509.342820	490.657180	509.342820	0.0000000031239438
1.995000	509.249857	490.750143	509.249857	0.0000000031006380
2.000000	509.157819	490.842181	509.157819	0.0000000030775027
2.005000	509.066698	490.933302	509.066698	0.0000000030544243
2.010000	508.976482	491.023518	508.976482	0.0000000030316301
2.015000	508.887165	491.112835	508.887165	0.0000000030089495
2.020000	508.798736	491.201264	508.798736	0.0000000029863827
2.025000	508.711187	491.288813	508.711187	0.0000000029639864
2.030000	508.624510	491.375490	508.624510	0.0000000029417038
2.035000	508.538694	491.461306	508.538694	0.0000000029195917
2.040000	508.453733	491.546267	508.453733	0.0000000028977070
2.045000	508.369617	491.630383	508.369617	0.0000000028758222
2.050000	508.286338	491.713662	508.286338	0.0000000028542217
2.055000	508.203887	491.796113	508.203887	0.0000000028326781
2.060000	508.122257	491.877743	508.122257	0.0000000028113618
2.065000	508.041439	491.958561	508.041439	0.0000000027901024
2.070000	507.961426	492.038574	507.961426	0.0000000027690135
2.075000	507.882208	492.117792	507.882208	0.0000000027481519
2.080000	507.803779	492.196221	507.803779	0.0000000027273472
2.085000	507.726130	492.273870	507.726130	0.0000000027066562
2.090000	507.649254	492.350746	507.649254	0.0000000026861358
2.095000	507.573142	492.426858	507.573142	0.0000000026657858
2.100000	507.497788	492.502212	507.497788	0.0000000026455496
2.105000	507.423184	492.576816	507.423184	0.0000000026254838
2.110000	507.349322	492.650678	507.349322	0.0000000026055318
2.115000	507.276195	492.723805	507.276195	0.0000000025856934
2.120000	507.203796	492.796204	507.203796	0.0000000025660256
2.125000	507.132117	492.867883	507.132117	0.0000000025464146
2.130000	507.061151	492.938849	507.061151	0.0000000025270310
2.135000	506.990892	493.009108	506.990892	0.0000000025078748
2.140000	506.921331	493.078669	506.921331	0.0000000024886049
2.145000	506.852463	493.147537	506.852463	0.0000000024696760
2.150000	506.784280	493.215720	506.784280	0.0000000024506903
2.155000	506.716775	493.283225	506.716775	0.0000000024319888
2.160000	506.649942	493.350058	506.649942	0.0000000024133442
2.165000	506.583774	493.416226	506.583774	0.0000000023949269
2.170000	506.518264	493.481736	506.518264	0.0000000023765097
2.175000	506.453406	493.546594	506.453406	0.0000000023582629
2.180000	506.389194	493.610806	506.389194	0.0000000023401867
2.185000	506.325620	493.674380	506.325620	0.0000000023222242
2.190000	506.262679	493.737321	506.262679	0.0000000023044322
2.195000	506.200365	493.799635	506.200365	0.0000000022866971
2.200000	506.138670	493.861330	506.138670	0.0000000022690188
2.205000	506.077589	493.922411	506.077589	0.0000000022515110
2.210000	506.017116	493.982884	506.017116	0.0000000022341737
2.215000	505.957245	494.042755	505.957245	0.0000000022169502
2.220000	505.897969	494.102031	505.897969	0.0000000021998972
2.225000	505.839283	494.160717	505.839283	0.0000000021829010
2.230000	505.781182	494.218818	505.781182	0.0000000021660185
2.235000	505.723658	494.276342	505.723658	0.0000000021493634
2.240000	505.666707	494.333293	505.666707	0.0000000021325945
2.245000	505.610322	494.389678	505.610322	0.0000000021161100
2.250000	505.554498	494.445502	505.554498	0.0000000020997390
2.255000	505.499230	494.500770	505.499230	0.0000000020834250
2.260000	505.444512	494.555488	505.444512	0.0000000020672815
2.265000	505.390338	494.609662	505.390338	0.0000000020512516
2.270000	505.336703	494.663297	505.336703	0.0000000020353355
2.275000	505.283602	494.716398	505.283602	0.0000000020195330
2.280000	505.231029	494.768971	505.231029	0.0000000020037874
2.285000	505.178980	494.821020	505.178980	0.0000000019882691
2.290000	505.127448	494.872552	505.127448	0.0000000019727509
2.295000	505.076429	494.923571	505.076429	0.0000000019573463
2.300000	505.025918	494.974082	505.025918	0.0000000019420554
2.305000	504.975909	495.024091	504.975909	0.0000000019269919
2.310000	504.926398	495.073602	504.926398	0.0000000019118715
2.315000	504.877380	495.122620	504.877380	0.0000000018969786
2.320000	504.828849	495.171151	504.828849	0.0000000018821993
2.325000	504.780801	495.219199	504.780801	0.0000000018674768
2.330000	504.733231	495.266769	504.733231	0.0000000018528112
2.335000	504.686135	495.313865	504.686135	0.0000000018383162
2.340000	504.639507	495.360493	504.639507	0.0000000018239348
2.345000	504.593343	495.406657	504.593343	0.0000000018097239
2.350000	504.547639	495.452361	504.547639	0.0000000017955131
2.355000	504.502389	495.497611	504.502389	0.0000000017814159
2.360000	504.457589	495.542411	504.457589	0.0000000017674324
2.365000	504.413236	495.586764	504.413236	0.0000000017535058
2.370000	504.369323	495.630677	504.369323	0.0000000017397497
2.375000	504.325848	495.674152	504.325848	0.0000000017261073
2.380000	504.282805	495.717195	504.282805	0.0000000017124080
2.385000	504.240190	495.759810	504.240190	0.0000000016989361
2.390000	504.197999	495.802001	504.197999	0.0000000016855779
2.395000	504.156229	495.843771	504.156229	0.0000000016723334
2.400000	504.114874	495.885126	504.114874	0.0000000016591457
2.405000	504.073930	495.926070	504.073930	0.0000000016460149
2.410000	504.033394	495.966606	504.033394	0.0000000016330546
2.415000	503.993261	496.006739	503.993261	0.0000000016201511
2.420000	503.953527	496.046473	503.953527	0.0000000016073045
2.425000	503.914189	496.085811	503.914189	0.0000000015945716
2.430000	503.875242	496.124758	503.875242	0.0000000015820092
2.435000	503.836683	496.163317	503.836683	0.0000000015693900
2.440000	503.798507	496.201493	503.798507	0.0000000015569412
2.445000	503.760711	496.239289	503.760711	0.0000000015446062
2.450000	503.723292	496.276708	503.723292	0.0000000015324417
2.455000	503.686244	496.313756	503.686244	0.0000000015202772
2.460000	503.649565	496.350435	503.649565	0.0000000015081127
2.465000	503.613252	496.386748	503.613252	0.0000000014961756
2.470000	503.577299	496.422701	503.577299	0.0000000014843522
2.475000	503.541704	496.458296	503.541704	0.0000000014725288
2.480000	503.506464	496.493536	503.506464	0.0000000014608190
2.485000	503.471574	496.528426	503.471574	0.0000000014491661
2.490000	503.437031	496.562969	503.437031	0.0000000014376269
2.495000	503.402832	496.597168	503.402832	0.0000000014262014
2.500000	503.368974	496.631026	503.368973	0.0000000014148895
2.505000	503.335452	496.664548	503.335452	0.0000000014035777
2.510000	503.302263	496.697737	503.302263	0.0000000013923227
2.515000	503.269405	496.730595	503.269405	0.0000000013812951
2.520000	503.236874	496.763126	503.236874	0.0000000013703243
2.525000	503.204667	496.795333	503.204667	0.0000000013593535
2.530000	503.172780	496.827220	503.172780	0.0000000013483827
2.535000	503.141210	496.858790	503.141210	0.0000000013376393
2.540000	503.109955	496.890045	503.109955	0.0000000013270096
2.545000	503.079010	496.920990	503.079010	0.0000000013163231
2.550000	503.048373	496.951627	503.048373	0.0000000013058639
2.555000	503.018041	496.981959	503.018041	0.0000000012953478
2.560000	502.988011	497.011989	502.988011	0.0000000012849455
2.565000	502.958280	497.041720	502.958280	0.0000000012746568
2.570000	502.928845	497.071155	502.928845	0.0000000012643682
2.575000	502.899702	497.100298	502.899702	0.0000000012541932
2.580000	502.870850	497.129150	502.870850	0.0000000012441319
2.585000	502.842284	497.157716	502.842284	0.0000000012341275
2.590000	502.814003	497.185997	502.814003	0.0000000012241230
2.595000	502.786003	497.213997	502.786003	0.0000000012144028
2.600000	502.758282	497.241718	502.758282	0.0000000012046257
2.605000	502.730837	497.269163	502.730837	0.0000000011949055
2.610000	502.703665	497.296335	502.703665	0.0000000011852990
2.615000	502.676763	497.323237	502.676763	0.0000000011758061
2.620000	502.650128	497.349872	502.650128	0.0000000011663133
2.625000	502.623759	497.376241	502.623759	0.0000000011568204
2.630000	502.597652	497.402348	502.597652	0.0000000011474981
2.635000	502.571805	497.428195	502.571805	0.0000000011382895
2.640000	502.546215	497.453785	502.546215	0.0000000011290808
2.645000	502.520880	497.479120	502.520880	0.0000000011199859
2.650000	502.495797	497.504203	502.495797	0.0000000011109478
2.655000	502.470963	497.529037	502.470963	0.0000000011019097
2.660000	502.446377	497.553623	502.446377	0.0000000010929853
2.665000	502.422035	497.577965	502.422035	0.0000000010841177
2.670000	502.397935	497.602065	502.397935	0.0000000010753070
2.675000	502.374076	497.625924	502.374075	0.0000000010666668
2.680000	502.350453	497.649547	502.350453	0.0000000010580266
2.685000	502.327066	497.672934	502.327066	0.0000000010493864
2.690000	502.303911	497.696089	502.303911	0.0000000010409735
2.695000	502.280987	497.719013	502.280987	0.0000000010325039
2.700000	502.258290	497.741710	502.258290	0.0000000010240342
2.705000	502.235820	497.764180	502.235820	0.0000000010157919
2.710000	502.213573	497.786427	502.213573	0.0000000010075496
2.715000	502.191548	497.808452	502.191548	0.0000000009993641
2.720000	502.169742	497.830258	502.169742	0.0000000009912355
2.725000	502.148152	497.851848	502.148152	0.0000000009832206
2.730000	502.126778	497.873222	502.126778	0.0000000009752625
2.735000	502.105616	497.894384	502.105616	0.0000000009673613
2.740000	502.084665	497.915335	502.084665	0.0000000009594601
2.745000	502.063922	497.936078	502.063922	0.0000000009515588
2.750000	502.043386	497.956614	502.043386	0.0000000009439418
2.755000	502.023054	497.976946	502.023054	0.0000000009361543
2.760000	502.002924	497.997076	502.002924	0.0000000009284804
2.765000	501.982995	498.017005	501.982995	0.0000000009209771
2.770000	501.963263	498.036737	501.963263	0.0000000009133601
2.775000	501.943729	498.056271	501.943729	0.0000000009059704
2.780000	501.924388	498.075612	501.924388	0.0000000008986376
2.785000	501.905240	498.094760	501.905240	0.0000000008912480
2.790000	501.886283	498.113717	501.886283	0.0000000008838583
2.795000	501.867514	498.132486	501.867514	0.0000000008766392
2.800000	501.848932	498.151068	501.848932	0.0000000008694201
2.805000	501.830535	498.169465	501.830535	0.0000000008623715
2.810000	501.812321	498.187679	501.812321	0.0000000008552661
2.815000	501.794288	498.205712	501.794288	0.0000000008482743
2.820000	501.776434	498.223566	501.776434	0.0000000008412826
2.825000	501.758758	498.241242	501.758758	0.0000000008343477
2.830000	501.741258	498.258742	501.741258	0.0000000008274696
2.835000	501.723933	498.276067	501.723933	0.0000000008207053
2.840000	501.706779	498.293221	501.706779	0.0000000008139409
2.845000	501.689796	498.310204	501.689796	0.0000000008072334
2.850000	501.672983	498.327017	501.672983	0.0000000008006396
2.855000	501.656336	498.343664	501.656336	0.0000000007939889
2.860000	501.639855	498.360145	501.639855	0.0000000007874519
2.865000	501.623539	498.376461	501.623539	0.0000000007810286
2.870000	501.607384	498.392616	501.607384	0.0000000007746053
2.875000	501.591390	498.408610	501.591390	0.0000000007682956
2.880000	501.575556	498.424444	501.575556	0.0000000007619860
2.885000	501.559879	498.440121	501.559879	0.0000000007556196
2.890000	501.544358	498.455642	501.544358	0.0000000007494236
2.895000	501.528991	498.471009	501.528991	0.0000000007432277
2.900000	501.513777	498.486223	501.513777	0.0000000007372023
2.905000	501.498715	498.501285	501.498715	0.0000000007310632
2.910000	501.483803	498.516197	501.483803	0.0000000007250378
2.915000	501.469038	498.530962	501.469038	0.0000000007190124
2.920000	501.454421	498.545579	501.454421	0.0000000007131007
2.925000	501.439950	498.560050	501.439950	0.0000000007071890
2.930000	501.425622	498.574378	501.425622	0.0000000007012773
2.935000	501.411437	498.588563	501.411437	0.0000000006954792
2.940000	501.397393	498.602607	501.397393	0.0000000006898517
2.945000	501.383488	498.616512	501.383488	0.0000000006839969
2.950000	501.369722	498.630278	501.369722	0.0000000006784262
2.955000	501.356093	498.643907	501.356093	0.0000000006727987
2.960000	501.342600	498.657400	501.342600	0.0000000006672849
2.965000	501.329241	498.670759	501.329241	0.0000000006617142
2.970000	501.316015	498.683985	501.316015	0.0000000006562573
2.975000	501.302920	498.697080	501.302920	0.0000000006508003
2.980000	501.289956	498.710044	501.289956	0.0000000006453433
2.985000	501.277121	498.722879	501.277121	0.0000000006400001
2.990000	501.264413	498.735587	501.264413	0.0000000006347136
2.995000	501.251832	498.748168	501.251832	0.0000000006293703
3.000000	501.239376	498.760624	501.239376	0.0000000006241976
3.005000	501.227044	498.772956	501.227044	0.0000000006190248
3.010000	501.214835	498.785165	501.214835	0.0000000006138521
3.015000	501.202747	498.797253	501.202747	0.0000000006086793
3.020000	501.190779	498.809221	501.190779	0.0000000006036203
3.025000	501.178931	498.821069	501.178931	0.0000000005986749
3.030000	501.167200	498.832800	501.167200	0.0000000005936727
3.035000	501.155587	498.844413	501.155587	0.0000000005886704
3.040000	501.144088	498.855912	501.144088	0.0000000005837251
3.045000	501.132704	498.867296	501.132704	0.0000000005789502
3.050000	501.121434	498.878566	501.121434	0.0000000005741754
3.055000	501.110275	498.889725	501.110275	0.0000000005692868
3.060000	501.099228	498.900772	501.099228	0.0000000005645688
3.065000	501.088290	498.911710	501.088290	0.0000000005599077
3.070000	501.077462	498.922538	501.077462	0.0000000005551897
3.075000	501.066741	498.933259	501.066741	0.0000000005505854
3.080000	501.056127	498.943873	501.056127	0.0000000005460379
3.085000	501.045618	498.954382	501.045618	0.0000000005414904
3.090000	501.035214	498.964786	501.035214	0.0000000005369429
3.095000	501.024913	498.975087	501.024913	0.0000000005324523
3.100000	501.014715	498.985285	501.014715	0.0000000005279048
3.105000	501.004619	498.995381	501.004619	0.0000000005235279
3.110000	500.994623	499.005377	500.994623	0.0000000005191509
3.115000	500.984726	499.015274	500.984726	0.0000000005149445
3.120000	500.974928	499.025072	500.974928	0.0000000005106244
3.125000	500.965227	499.034773	500.965227	0.0000000005062475
3.130000	500.955623	499.044377	500.955623	0.0000000005020411
3.135000	500.946114	499.053886	500.946114	0.0000000004978347
3.140000	500.936700	499.063300	500.936700	0.0000000004935714
3.145000	500.927380	499.072620	500.927380	0.0000000004895355
3.150000	500.918152	499.081848	500.918152	0.0000000004853860
3.155000	500.909017	499.090983	500.909017	0.0000000004813501
3.160000	500.899972	499.100028	500.899972	0.0000000004773142
3.165000	500.891017	499.108983	500.891017	0.0000000004733351
3.170000	500.882151	499.117849	500.882151	0.0000000004693561
3.175000	500.873374	499.126626	500.873374	0.0000000004653771
3.180000	500.864683	499.135317	500.864683	0.0000000004614549
3.185000	500.856080	499.143920	500.856080	0.0000000004575895
3.190000	500.847561	499.152439	500.847561	0.0000000004538379
3.195000	500.839128	499.160872	500.839128	0.0000000004499157
3.200000	500.830779	499.169221	500.830779	0.0000000004461640
3.205000	500.822512	499.177488	500.822512	0.0000000004424692
3.210000	500.814328	499.185672	500.814328	0.0000000004387175
3.215000	500.806225	499.193775	500.806225	0.0000000004350227
3.220000	500.798203	499.201797	500.798203	0.0000000004313279
3.225000	500.790261	499.209739	500.790261	0.0000000004276899
3.230000	500.782398	499.217602	500.782398	0.0000000004240519
3.235000	500.774613	499.225387	500.774613	0.0000000004205276
3.240000	500.766905	499.233095	500.766905	0.0000000004170033
3.245000	500.759275	499.240725	500.759275	0.0000000004134790
3.250000	500.751720	499.248280	500.751720	0.0000000004099547
3.255000	500.744240	499.255760	500.744240	0.0000000004064873
3.260000	500.736835	499.263165	500.736835	0.0000000004031335
3.265000	500.729503	499.270497	500.729503	0.0000000003996661
3.270000	500.722244	499.277756	500.722244	0.0000000003962555
3.275000	500.715058	499.284942	500.715058	0.0000000003929017
3.280000	500.707943	499.292057	500.707943	0.0000000003896048
3.285000	500.700899	499.299101	500.700899	0.0000000003863647
3.290000	500.693925	499.306075	500.693925	0.0000000003830678
3.295000	500.687020	499.312980	500.687020	0.0000000003798846
3.300000	500.680184	499.319816	500.680184	0.0000000003766445
3.305000	500.673416	499.326584	500.673416	0.0000000003734613
3.310000	500.666715	499.333285	500.666715	0.0000000003702780
3.315000	500.660082	499.339918	500.660082	0.0000000003670948
3.320000	500.653514	499.346486	500.653514	0.0000000003640253
3.325000	500.647011	499.352989	500.647011	0.0000000003608989
3.330000	500.640573	499.359427	500.640573	0.0000000003578862
3.335000	500.634199	499.365801	500.634199	0.0000000003548735
3.340000	500.627889	499.372111	500.627889	0.0000000003518039
3.345000	500.621641	499.378359	500.621641	0.0000000003488481
3.350000	500.615456	499.384544	500.615456	0.0000000003458354
3.355000	500.609332	499.390668	500.609332	0.0000000003429363
3.360000	500.603269	499.396731	500.603269	0.0000000003400942
3.365000	500.597266	499.402734	500.597266	0.0000000003371952
3.370000	500.591324	499.408676	500.591324	0.0000000003343530
3.375000	500.585440	499.414560	500.585440	0.0000000003315108
3.380000	500.579615	499.420385	500.579615	0.0000000003286686
3.385000	500.573847	499.426153	500.573847	0.0000000003258833
3.390000	500.568137	499.431863	500.568137	0.0000000003230411
3.395000	500.562484	499.437516	500.562484	0.0000000003202558
3.400000	500.556888	499.443112	500.556888	0.0000000003175273
3.405000	500.551346	499.448654	500.551346	0.0000000003148557
3.410000	500.545860	499.454140	500.545860	0.0000000003121841
3.415000	500.540429	499.459571	500.540429	0.0000000003095124
3.420000	500.535052	499.464948	500.535052	0.0000000003068976
3.425000	500.529728	499.470272	500.529728	0.0000000003041691
3.430000	500.524457	499.475543	500.524457	0.0000000003015543
3.435000	500.519239	499.480761	500.519239	0.0000000002990532
3.440000	500.514072	499.485928	500.514072	0.0000000002964384
3.445000	500.508957	499.491043	500.508957	0.0000000002939373
3.450000	500.503893	499.496107	500.503893	0.0000000002913794
3.455000	500.498879	499.501121	500.498879	0.0000000002889351
3.460000	500.493915	499.506085	500.493915	0.0000000002864908
3.465000	500.489000	499.511000	500.489000	0.0000000002839897
3.470000	500.484135	499.515865	500.484135	0.0000000002815455
3.475000	500.479318	499.520682	500.479318	0.0000000002791580
3.480000	500.474548	499.525452	500.474548	0.0000000002767706
3.485000	500.469826	499.530174	500.469826	0.0000000002744400
3.490000	500.465152	499.534848	500.465152	0.0000000002719958
3.495000	500.460523	499.539477	500.460523	0.0000000002696083
3.500000	500.455941	499.544059	500.455941	0.0000000002673346
3.505000	500.451404	499.548596	500.451404	0.0000000002651177
3.510000	500.446913	499.553087	500.446913	0.0000000002627871
3.515000	500.442466	499.557534	500.442466	0.0000000002605702
3.520000	500.438063	499.561937	500.438063	0.0000000002583533
3.525000	500.433704	499.566296	500.433704	0.0000000002561364
3.530000	500.429389	499.570611	500.429389	0.0000000002539764
3.535000	500.425117	499.574883	500.425117	0.0000000002517595
3.540000	500.420887	499.579113	500.420887	0.0000000002495995
3.545000	500.416699	499.583301	500.416699	0.0000000002474962
3.550000	500.412552	499.587448	500.412552	0.0000000002453930
3.555000	500.408447	499.591553	500.408447	0.0000000002432898
3.560000	500.404383	499.595617	500.404383	0.0000000002411298
3.565000	500.400360	499.599640	500.400360	0.0000000002391403
3.570000	500.396376	499.603624	500.396376	0.0000000002370939
3.575000	500.392432	499.607568	500.392432	0.0000000002350475
3.580000	500.388527	499.611473	500.388527	0.0000000002330012
3.585000	500.384661	499.615339	500.384661	0.0000000002310685
3.590000	500.380834	499.619166	500.380834	0.0000000002290790
3.595000	500.377045	499.622955	500.377045	0.0000000002271463
3.600000	500.373293	499.626707	500.373293	0.0000000002250999
3.605000	500.369579	499.630421	500.369579	0.0000000002232241
3.610000	500.365901	499.634099	500.365901	0.0000000002212914
3.615000	500.362260	499.637740	500.362260	0.0000000002194156
3.620000	500.358656	499.641344	500.358656	0.0000000002175398
3.625000	500.355087	499.644913	500.355087	0.0000000002156639
3.630000	500.351554	499.648446	500.351554	0.0000000002138449
3.635000	500.348056	499.651944	500.348056	0.0000000002119691
3.640000	500.344593	499.655407	500.344593	0.0000000002102070
3.645000	500.341164	499.658836	500.341164	0.0000000002084448
3.650000	500.337769	499.662231	500.337769	0.0000000002065690
3.655000	500.334409	499.665591	500.334409	0.0000000002048637
3.660000	500.331081	499.668919	500.331081	0.0000000002031015
3.665000	500.327787	499.672213	500.327787	0.0000000002012825
3.670000	500.324525	499.675475	500.324525	0.0000000001996341
3.675000	500.321296	499.678704	500.321296	0.0000000001978719
3.680000	500.318099	499.681901	500.318099	0.0000000001961098
3.685000	500.314934	499.685066	500.314934	0.0000000001944613
3.690000	500.311800	499.688200	500.311800	0.0000000001928697
3.695000	500.308698	499.691302	500.308698	0.0000000001911644
3.700000	500.305626	499.694374	500.305626	0.0000000001894023
3.705000	500.302585	499.697415	500.302585	0.0000000001878675
3.710000	500.299575	499.700425	500.299575	0.0000000001862190
3.715000	500.296594	499.703406	500.296594	0.0000000001846274
3.720000	500.293643	499.706357	500.293643	0.0000000001829790
3.725000	500.290721	499.709279	500.290721	0.0000000001814442
3.730000	500.287828	499.712172	500.287828	0.0000000001799094
3.735000	500.284964	499.715036	500.284964	0.0000000001784315
3.740000	500.282129	499.717871	500.282129	0.0000000001768399
3.745000	500.279321	499.720679	500.279321	0.0000000001752483
3.750000	500.276542	499.723458	500.276542	0.0000000001737135
3.755000	500.273791	499.726209	500.273791	0.0000000001722924
3.760000	500.271066	499.728934	500.271066	0.0000000001707576
3.765000	500.268369	499.731631	500.268369	0.0000000001693365
3.770000	500.265699	499.734301	500.265699	0.0000000001679155
3.775000	500.263055	499.736945	500.263055	0.0000000001663807
3.780000	500.260438	499.739562	500.260438	0.0000000001649596
3.785000	500.257846	499.742154	500.257846	0.0000000001634817
3.790000	500.255281	499.744719	500.255281	0.0000000001620606
3.795000	500.252741	499.747259	500.252741	0.0000000001606963
3.800000	500.250226	499.749774	500.250226	0.0000000001593321
3.805000	500.247736	499.752264	500.247736	0.0000000001578542
3.810000	500.245271	499.754729	500.245271	0.0000000001565468
3.815000	500.242830	499.757170	500.242830	0.0000000001552394
3.820000	500.240414	499.759586	500.240414	0.0000000001538183
3.825000	500.238022	499.761978	500.238022	0.0000000001525109
3.830000	500.235654	499.764346	500.235654	0.0000000001512035
3.835000	500.233309	499.766691	500.233309	0.0000000001498961
3.840000	500.230987	499.769013	500.230987	0.0000000001485887
3.845000	500.228689	499.771311	500.228689	0.0000000001472813
3.850000	500.226414	499.773586	500.226414	0.0000000001460876
3.855000	500.224161	499.775839	500.224161	0.0000000001447233
3.860000	500.221930	499.778070	500.221930	0.0000000001434728
3.865000	500.219722	499.780278	500.219722	0.0000000001422791
3.870000	500.217536	499.782464	500.217536	0.0000000001410285
3.875000	500.215371	499.784629	500.215371	0.0000000001397211
3.880000	500.213228	499.786772	500.213228	0.0000000001384706
3.885000	500.211107	499.788893	500.211107	0.0000000001373905
3.890000	500.209006	499.790994	500.209006	0.0000000001360831
3.895000	500.206926	499.793074	500.206926	0.0000000001349463
3.900000	500.204867	499.795133	500.204867	0.0000000001337526
3.905000	500.202829	499.797171	500.202829	0.0000000001325589
3.910000	500.200811	499.799189	500.200811	0.0000000001314220
3.915000	500.198813	499.801187	500.198813	0.0000000001302851
3.920000	500.196835	499.803165	500.196835	0.0000000001291482
3.925000	500.194876	499.805124	500.194876	0.0000000001280682
3.930000	500.192937	499.807063	500.192937	0.0000000001269882
3.935000	500.191017	499.808983	500.191017	0.0000000001258513
3.940000	500.189117	499.810883	500.189117	0.0000000001247145
3.945000	500.187235	499.812765	500.187235	0.0000000001236913
3.950000	500.185372	499.814628	500.185372	0.0000000001225544
3.955000	500.183527	499.816473	500.183527	0.0000000001214744
3.960000	500.181701	499.818299	500.181701	0.0000000001204512
3.965000	500.179893	499.820107	500.179893	0.0000000001193712
3.970000	500.178103	499.821897	500.178103	0.0000000001182912
3.975000	500.176331	499.823669	500.176331	0.0000000001172680
3.980000	500.174577	499.825423	500.174577	0.0000000001161879
3.985000	500.172839	499.827161	500.172839	0.0000000001152216
3.990000	500.171120	499.828880	500.171120	0.0000000001142553
3.995000	500.169417	499.830583	500.169417	0.0000000001132889
4.000000	500.167731	499.832269	500.167731	0.0000000001122089
4.005000	500.166062	499.833938	500.166062	0.0000000001112426
4.010000	500.164410	499.835590	500.164410	0.0000000001103331
4.015000	500.162774	499.837226	500.162774	0.0000000001093667
4.020000	500.161154	499.838846	500.161154	0.0000000001084004
4.025000	500.159551	499.840449	500.159551	0.0000000001073772
4.030000	500.157963	499.842037	500.157963	0.0000000001064109
4.035000	500.156392	499.843608	500.156392	0.0000000001056151
4.040000	500.154836	499.845164	500.154836	0.0000000001046487
4.045000	500.153295	499.846705	500.153295	0.0000000001036824
4.050000	500.151770	499.848230	500.151770	0.0000000001027161
4.055000	500.150259	499.849741	500.150259	0.0000000001018634
4.060000	500.148764	499.851236	500.148764	0.0000000001009539
4.065000	500.147284	499.852716	500.147284	0.0000000001001581
4.070000	500.145819	499.854181	500.145819	0.0000000000993055
4.075000	500.144368	499.855632	500.144368	0.0000000000984528
4.080000	500.142931	499.857069	500.142931	0.0000000000976002
4.085000	500.141509	499.858491	500.141509	0.0000000000967475
4.090000	500.140101	499.859899	500.140101	0.0000000000958948
4.095000	500.138707	499.861293	500.138707	0.0000000000949285
4.100000	500.137327	499.862673	500.137327	0.0000000000941327
4.105000	500.135960	499.864040	500.135960	0.0000000000933369
4.110000	500.134608	499.865392	500.134608	0.0000000000924842
4.115000	500.133268	499.866732	500.133268	0.0000000000916884
4.120000	500.131942	499.868058	500.131942	0.0000000000909495
4.125000	500.130629	499.869371	500.130629	0.0000000000901537
4.130000	500.129329	499.870671	500.129329	0.0000000000893010
4.135000	500.128043	499.871957	500.128043	0.0000000000884484
4.140000	500.126769	499.873231	500.126769	0.0000000000877094
4.145000	500.125507	499.874493	500.125507	0.0000000000869136
4.150000	500.124258	499.875742	500.124258	0.0000000000861746
4.155000	500.123022	499.876978	500.123022	0.0000000000854357
4.160000	500.121798	499.878202	500.121798	0.0000000000845830
4.165000	500.120586	499.879414	500.120586	0.0000000000839577
4.170000	500.119386	499.880614	500.119386	0.0000000000831619
4.175000	500.118198	499.881802	500.118198	0.0000000000823661
4.180000	500.117022	499.882978	500.117022	0.0000000000816840
4.185000	500.115858	499.884142	500.115858	0.0000000000809450
4.190000	500.114705	499.885295	500.114705	0.0000000000802061
4.195000	500.113564	499.886436	500.113564	0.0000000000795239
4.200000	500.112434	499.887566	500.112434	0.0000000000788418
4.205000	500.111315	499.888685	500.111315	0.0000000000781597
4.210000	500.110207	499.889793	500.110207	0.0000000000774776
4.215000	500.109111	499.890889	500.109111	0.0000000000768523
4.220000	500.108025	499.891975	500.108025	0.0000000000761133
4.225000	500.106950	499.893050	500.106950	0.0000000000754881
4.230000	500.105886	499.894114	500.105886	0.0000000000748059
4.235000	500.104832	499.895168	500.104832	0.0000000000740670
4.240000	500.103789	499.896211	500.103789	0.0000000000733849
4.245000	500.102757	499.897243	500.102757	0.0000000000728164
4.250000	500.101734	499.898266	500.101734	0.0000000000721343
4.255000	500.100722	499.899278	500.100722	0.0000000000714522
4.260000	500.099720	499.900280	500.099720	0.0000000000708269
4.265000	500.098727	499.901273	500.098727	0.0000000000702016
4.270000	500.097745	499.902255	500.097745	0.0000000000695763
4.275000	500.096773	499.903227	500.096773	0.0000000000690079
4.280000	500.095810	499.904190	500.095810	0.0000000000683826
4.285000	500.094856	499.905144	500.094856	0.0000000000678142
4.290000	500.093912	499.906088	500.093912	0.0000000000671889
4.295000	500.092978	499.907022	500.092978	0.0000000000665068
4.300000	500.092053	499.907947	500.092053	0.0000000000659952
4.305000	500.091137	499.908863	500.091137	0.0000000000653131
4.310000	500.090230	499.909770	500.090230	0.0000000000648015
4.315000	500.089332	499.910668	500.089332	0.0000000000642331
4.320000	500.088443	499.911557	500.088443	0.0000000000637215
4.325000	500.087563	499.912437	500.087563	0.0000000000630394
4.330000	500.086692	499.913308	500.086692	0.0000000000625278
4.335000	500.085830	499.914170	500.085830	0.0000000000620730
4.340000	500.084976	499.915024	500.084976	0.0000000000615046
4.345000	500.084130	499.915870	500.084130	0.0000000000609930
4.350000	500.083293	499.916707	500.083293	0.0000000000604246
4.355000	500.082464	499.917536	500.082464	0.0000000000598561
4.360000	500.081644	499.918356	500.081644	0.0000000000593445
4.365000	500.080831	499.919169	500.080831	0.0000000000588898
4.370000	500.080027	499.919973	500.080027	0.0000000000583213
4.375000	500.079231	499.920769	500.079231	0.0000000000578098
4.380000	500.078442	499.921558	500.078442	0.0000000000572413
4.385000	500.077662	499.922338	500.077662	0.0000000000567866
4.390000	500.076889	499.923111	500.076889	0.0000000000562181
4.395000	500.076124	499.923876	500.076124	0.0000000000557066
4.400000	500.075367	499.924633	500.075367	0.0000000000553655
4.405000	500.074617	499.925383	500.074617	0.0000000000548539
4.410000	500.073874	499.926126	500.073874	0.0000000000543423
4.415000	500.073139	499.926861	500.073139	0.0000000000538307
4.420000	500.072411	499.927589	500.072411	0.0000000000533760
4.425000	500.071691	499.928309	500.071691	0.0000000000528644
4.430000	500.070978	499.929022	500.070978	0.0000000000524096
4.435000	500.070271	499.929729	500.070271	0.0000000000520117
4.440000	500.069572	499.930428	500.069572	0.0000000000515001
4.445000	500.068880	499.931120	500.068880	0.0000000000510454
4.450000	500.068194	499.931806	500.068194	0.0000000000505906
4.455000	500.067516	499.932484	500.067516	0.0000000000501359
4.460000	500.066844	499.933156	500.066844	0.0000000000497948
4.465000	500.066179	499.933821	500.066179	0.0000000000492264
4.470000	500.065521	499.934479	500.065521	0.0000000000487717
4.475000	500.064869	499.935131	500.064869	0.0000000000484306
4.480000	500.064223	499.935777	500.064223	0.0000000000480327
4.485000	500.063584	499.936416	500.063584	0.0000000000475211
4.490000	500.062951	499.937049	500.062951	0.0000000000471800
4.495000	500.062325	499.937675	500.062325	0.0000000000466684
4.500000	500.061705	499.938295	500.061705	0.0000000000462705
4.505000	500.061091	499.938909	500.061091	0.0000000000458726
4.510000	500.060483	499.939517	500.060483	0.0000000000454179
4.515000	500.059881	499.940119	500.059881	0.0000000000450200
4.520000	500.059285	499.940715	500.059285	0.0000000000446789
4.525000	500.058696	499.941304	500.058696	0.0000000000442810
4.530000	500.058111	499.941889	500.058111	0.0000000000439400
4.535000	500.057533	499.942467	500.057533	0.0000000000435421
4.540000	500.056961	499.943039	500.056961	0.0000000000431442
4.545000	500.056394	499.943606	500.056394	0.0000000000428599
4.550000	500.055833	499.944167	500.055833	0.0000000000424620
4.555000	500.055277	499.944723	500.055277	0.0000000000420073
4.560000	500.054727	499.945273	500.054727	0.0000000000416662
4.565000	500.054183	499.945817	500.054183	0.0000000000413252
4.570000	500.053644	499.946356	500.053644	0.0000000000408704
4.575000	500.053110	499.946890	500.053110	0.0000000000405862
4.580000	500.052581	499.947419	500.052581	0.0000000000402451
4.585000	500.052058	499.947942	500.052058	0.0000000000397904
4.590000	500.051540	499.948460	500.051540	0.0000000000395062
4.595000	500.051027	499.948973	500.051027	0.0000000000390514
4.600000	500.050520	499.949480	500.050520	0.0000000000387672
4.605000	500.050017	499.949983	500.050017	0.0000000000384262
4.610000	500.049519	499.950481	500.049519	0.0000000000379714
4.615000	500.049027	499.950973	500.049027	0.0000000000376872
4.620000	500.048539	499.951461	500.048539	0.0000000000372893
4.625000	500.048056	499.951944	500.048056	0.0000000000369482
4.630000	500.047578	499.952422	500.047578	0.0000000000367208
4.635000	500.047104	499.952896	500.047104	0.0000000000362661
4.640000	500.046636	499.953364	500.046636	0.0000000000360387
4.645000	500.046172	499.953828	500.046172	0.0000000000356408
4.650000	500.045712	499.954288	500.045712	0.0000000000353566
4.655000	500.045257	499.954743	500.045257	0.0000000000349587
4.660000	500.044807	499.955193	500.044807	0.0000000000347313
4.665000	500.044361	499.955639	500.044361	0.0000000000343334
4.670000	500.043920	499.956080	500.043920	0.0000000000341061
4.675000	500.043483	499.956517	500.043483	0.0000000000337650
4.680000	500.043050	499.956950	500.043050	0.0000000000334239
4.685000	500.042622	499.957378	500.042622	0.0000000000331397
4.690000	500.042198	499.957802	500.042198	0.0000000000328555
4.695000	500.041778	499.958222	500.041778	0.0000000000325713
4.700000	500.041362	499.958638	500.041362	0.0000000000322302
4.705000	500.040950	499.959050	500.040950	0.0000000000318892
4.710000	500.040543	499.959457	500.040543	0.0000000000315481
4.715000	500.040140	499.959860	500.040140	0.0000000000313207
4.720000	500.039740	499.960260	500.039740	0.0000000000309797
4.725000	500.039345	499.960655	500.039345	0.0000000000307523
4.730000	500.038953	499.961047	500.038953	0.0000000000304681
4.735000	500.038566	499.961434	500.038566	0.0000000000302407
4.740000	500.038182	499.961818	500.038182	0.0000000000300133
4.745000	500.037802	499.962198	500.037802	0.0000000000297291
4.750000	500.037426	499.962574	500.037426	0.0000000000295017
4.755000	500.037054	499.962946	500.037054	0.0000000000292175
4.760000	500.036685	499.963315	500.036685	0.0000000000289333
4.765000	500.036320	499.963680	500.036320	0.0000000000286491
4.770000	500.035958	499.964042	500.035958	0.0000000000284217
4.775000	500.035601	499.964399	500.035601	0.0000000000281943
4.780000	500.035246	499.964754	500.035246	0.0000000000278533
4.785000	500.034896	499.965104	500.034896	0.0000000000276259
4.790000	500.034548	499.965452	500.034548	0.0000000000272848
4.795000	500.034205	499.965795	500.034205	0.0000000000271143
4.800000	500.033864	499.966136	500.033864	0.0000000000268301
4.805000	500.033527	499.966473	500.033527	0.0000000000266027
4.810000	500.033194	499.966806	500.033194	0.0000000000264890
4.815000	500.032864	499.967136	500.032864	0.0000000000260911
4.820000	500.032537	499.967463	500.032537	0.0000000000259206
4.825000	500.032213	499.967787	500.032213	0.0000000000256932
4.830000	500.031892	499.968108	500.031892	0.0000000000254659
4.835000	500.031575	499.968425	500.031575	0.0000000000252953
4.840000	500.031261	499.968739	500.031261	0.0000000000250111
4.845000	500.030950	499.969050	500.030950	0.0000000000248406
4.850000	500.030642	499.969358	500.030642	0.0000000000244995
4.855000	500.030337	499.969663	500.030337	0.0000000000243858
4.860000	500.030035	499.969965	500.030035	0.0000000000241016
4.865000	500.029736	499.970264	500.029736	0.0000000000239311
4.870000	500.029440	499.970560	500.029440	0.0000000000235900
4.875000	500.029147	499.970853	500.029147	0.0000000000234195
4.880000	500.028857	499.971143	500.028857	0.0000000000231921
4.885000	500.028570	499.971430	500.028570	0.0000000000229647
4.890000	500.028286	499.971714	500.028286	0.0000000000228511
4.895000	500.028004	499.971996	500.028004	0.0000000000225668
4.900000	500.027726	499.972274	500.027726	0.0000000000223963
4.905000	500.027450	499.972550	500.027450	0.0000000000222258
4.910000	500.027177	499.972823	500.027177	0.0000000000219984
4.915000	500.026906	499.973094	500.026906	0.0000000000217710
4.920000	500.026639	499.973361	500.026639	0.0000000000216005
4.925000	500.026374	499.973626	500.026374	0.0000000000213731
4.930000	500.026111	499.973889	500.026111	0.0000000000212594
4.935000	500.025851	499.974149	500.025851	0.0000000000210321
4.940000	500.025594	499.974406	500.025594	0.0000000000208615
4.945000	500.025339	499.974661	500.025339	0.0000000000206910
4.950000	500.025087	499.974913	500.025087	0.0000000000204068
4.955000	500.024838	499.975162	500.024838	0.0000000000203499
4.960000	500.024591	499.975409	500.024591	0.0000000000201226
4.965000	500.024346	499.975654	500.024346	0.0000000000199520
4.970000	500.024104	499.975896	500.024104	0.0000000000197815
4.975000	500.023864	499.976136	500.023864	0.0000000000195541
4.980000	500.023626	499.976374	500.023626	0.0000000000193268
4.985000	500.023391	499.976609	500.023391	0.0000000000192131
4.990000	500.023159	499.976841	500.023159	0.0000000000190425
4.995000	500.022928	499.977072	500.022928	0.0000000000188720
#0.005000	1000	0.0000000154567488