0.000000	1000.000000	0.000000	1000.000000	0.0000000000000000
0.010000	990.099337	9.900663	990.099337	0.0000000132889681
0.020000	980.394720	19.605280	980.394720	0.0000000260519073
0.030000	970.882267	29.117733	970.882267	0.0000000383038241
0.040000	961.558173	38.441827	961.558173	0.0000000500606347
0.050000	952.418709	47.581291	952.418709	0.0000000613366637
0.060000	943.460218	56.539782	943.460218	0.0000000721465767
0.070000	934.679118	65.320882	934.679118	0.0000000825042434
0.080000	926.071895	73.928105	926.071894	0.0000000924235337
0.090000	917.635106	82.364894	917.635106	0.0000001019176352
0.100000	909.365377	90.634623	909.365377	0.0000001109995083
0.110000	901.259399	98.740601	901.259399	0.0000001196816584
0.120000	893.313931	106.686069	893.313931	0.0000001279764774
0.130000	885.525793	114.474207	885.525793	0.0000001358957888
0.140000	877.891871	122.108129	877.891871	0.0000001434516435
0.150000	870.409110	129.590890	870.409110	0.0000001506547278
0.160000	863.074519	136.925481	863.074519	0.0000001575161832
0.170000	855.885162	144.114838	855.885161	0.0000001640470373
0.180000	848.838163	151.161837	848.838163	0.0000001702572945
0.190000	841.930705	158.069295	841.930705	0.0000001761575277
0.200000	835.160023	164.839977	835.160023	0.0000001817572866
0.210000	828.523410	171.476590	828.523410	0.0000001870660071
0.220000	822.018211	177.981789	822.018211	0.0000001920934665
0.230000	815.641823	184.358177	815.641823	0.0000001968483048
0.240000	809.391696	190.608304	809.391696	0.0000002013396170
0.250000	803.265330	196.734670	803.265330	0.0000002055759296
0.260000	797.260274	202.739726	797.260274	0.0000002095654281
0.270000	791.374126	208.625874	791.374126	0.0000002133164116
0.280000	785.604532	214.395468	785.604532	0.0000002168366109
0.290000	779.949184	220.050816	779.949183	0.0000002201337566
0.300000	774.405818	225.594182	774.405818	0.0000002232154657
0.310000	768.972219	231.027781	768.972219	0.0000002260886731
0.320000	763.646212	236.353788	763.646212	0.0000002287605412
0.330000	758.425667	241.574333	758.425667	0.0000002312378911
0.340000	753.308496	246.691504	753.308496	0.0000002335276577
0.350000	748.292652	251.707348	748.292652	0.0000002356358664
0.360000	743.376128	256.623872	743.376128	0.0000002375691111
0.370000	738.556958	261.443042	738.556958	0.0000002393334171
0.380000	733.833214	266.166786	733.833214	0.0000002409346962
0.390000	729.203006	270.796994	729.203006	0.0000002423786327
0.400000	724.664482	275.335518	724.664482	0.0000002436710247
0.410000	720.215827	279.784173	720.215827	0.0000002448172154
0.420000	715.855262	284.144738	715.855262	0.0000002458223207
0.430000	711.581041	288.418959	711.581041	0.0000002466917977
0.440000	707.391456	292.608544	707.391456	0.0000002474304210
0.450000	703.284830	296.715170	703.284830	0.0000002480428520
0.460000	699.259521	300.740479	699.259521	0.0000002485343202
0.470000	695.313918	304.686082	695.313918	0.0000002489089184
0.480000	691.446443	308.553557	691.446443	0.0000002491710802
0.490000	687.655550	312.344450	687.655549	0.0000002493254669
0.500000	683.939721	316.060279	683.939721	0.0000002493761713
0.510000	680.297470	319.702530	680.297470	0.0000002493269449
0.520000	676.727341	323.272659	676.727341	0.0000002491818805
0.530000	673.227905	326.772095	673.227905	0.0000002489449571
0.540000	669.797763	330.202237	669.797763	0.0000002486194717
0.550000	666.435542	333.564458	666.435542	0.0000002482092896
0.560000	663.139898	336.860102	663.139897	0.0000002477179351
0.570000	659.909511	340.090489	659.909511	0.0000002471487051
0.580000	656.743091	343.256909	656.743090	0.0000002465050102
0.590000	653.639370	346.360630	653.639369	0.0000002457898063
0.600000	650.597106	349.402894	650.597106	0.0000002450062766
0.610000	647.615084	352.384916	647.615083	0.0000002441573770
0.620000	644.692109	355.307891	644.692109	0.0000002432461770
0.630000	641.827013	358.172987	641.827013	0.0000002422751777
0.640000	639.018650	360.981350	639.018650	0.0000002412473350
0.650000	636.265897	363.734103	636.265897	0.0000002401651500
0.660000	633.567651	366.432349	633.567651	0.0000002390312375
0.670000	630.922835	369.077165	630.922834	0.0000002378480985
0.680000	628.330389	371.669611	628.330388	0.0000002366181207
0.690000	625.789277	374.210723	625.789277	0.0000002353434638
0.700000	623.298482	376.701518	623.298482	0.0000002340265155
0.710000	620.857009	379.142991	620.857008	0.0000002326696631
0.720000	618.463880	381.536120	618.463879	0.0000002312744982
0.730000	616.118138	383.881862	616.118137	0.0000002298436357
0.740000	613.818844	386.181156	613.818844	0.0000002283786671
0.750000	611.565080	388.434920	611.565080	0.0000002268815251
0.760000	609.355944	390.644056	609.355943	0.0000002253541425
0.770000	607.190551	392.809449	607.190551	0.0000002237982244
0.780000	605.068036	394.931964	605.068036	0.0000002222157036
0.790000	602.987549	397.012451	602.987549	0.0000002206079444
0.800000	600.948259	399.051741	600.948259	0.0000002189768793
0.810000	598.949350	401.050650	598.949350	0.0000002173238727
0.820000	596.990021	403.009979	596.990021	0.0000002156504024
0.830000	595.069490	404.930510	595.069490	0.0000002139581738
0.840000	593.186988	406.813012	593.186988	0.0000002122482101
0.850000	591.341762	408.658238	591.341762	0.0000002105222165
0.860000	589.533074	410.466926	589.533074	0.0000002087812163
0.870000	587.760201	412.239799	587.760200	0.0000002070268010
0.880000	586.022432	413.977568	586.022432	0.0000002052598802
0.890000	584.319074	415.680926	584.319074	0.0000002034818181
0.900000	582.649444	417.350556	582.649444	0.0000002016936378
0.910000	581.012876	418.987124	581.012875	0.0000001998964763
0.920000	579.408713	420.591287	579.408713	0.0000001980914703
0.930000	577.836315	422.163685	577.836315	0.0000001962794158
0.940000	576.295053	423.704947	576.295053	0.0000001944615633
0.950000	574.784310	425.215690	574.784310	0.0000001926388222
0.960000	573.303481	426.696519	573.303481	0.0000001908121021
0.970000	571.851975	428.148025	571.851975	0.0000001889820851
0.980000	570.429211	429.570789	570.429210	0.0000001871495670
0.990000	569.034619	430.965381	569.034619	0.0000001853155709
1.000000	567.667642	432.332358	567.667642	0.0000001834808927
1.010000	566.327733	433.672267	566.327733	0.0000001816463282
1.020000	565.014356	434.985644	565.014355	0.0000001798123321
1.030000	563.726985	436.273015	563.726985	0.0000001779797003
1.040000	562.465106	437.534894	562.465106	0.0000001761492285
1.050000	561.228214	438.771786	561.228214	0.0000001743214852
1.060000	560.015814	439.984186	560.015814	0.0000001724969252
1.070000	558.827422	441.172578	558.827422	0.0000001706763442
1.080000	557.662561	442.337439	557.662561	0.0000001688601969
1.090000	556.520765	443.479235	556.520765	0.0000001670491656
1.100000	555.401579	444.598421	555.401579	0.0000001652435913
1.110000	554.304555	445.695445	554.304554	0.0000001634439286
1.120000	553.229252	446.770748	553.229252	0.0000001616508598
1.130000	552.175243	447.824757	552.175242	0.0000001598646122
1.140000	551.142104	448.857896	551.142103	0.0000001580857543
1.150000	550.129422	449.870578	550.129422	0.0000001563148544
1.160000	549.136793	450.863207	549.136793	0.0000001545520263
1.170000	548.163819	451.836181	548.163819	0.0000001527974973
1.180000	547.210112	452.789888	547.210112	0.0000001510520633
1.190000	546.275289	453.724711	546.275289	0.0000001493158379
1.200000	545.358977	454.641023	545.358977	0.0000001475890485
1.210000	544.460809	455.539191	544.460809	0.0000001458721499
1.220000	543.580426	456.419574	543.580426	0.0000001441653694
1.230000	542.717476	457.282524	542.717475	0.0000001424689344
1.240000	541.871613	458.128387	541.871613	0.0000001407831860
1.250000	541.042499	458.957501	541.042499	0.0000001391083515
1.260000	540.229804	459.770196	540.229803	0.0000001374446583
1.270000	539.433200	460.566800	539.433200	0.0000001357922201
1.280000	538.652370	461.347630	538.652370	0.0000001341514917
1.290000	537.887002	462.112998	537.887002	0.0000001325223593
1.300000	537.136789	462.863211	537.136789	0.0000001309052777
1.310000	536.401432	463.598568	536.401431	0.0000001293002470
1.320000	535.680635	464.319365	535.680635	0.0000001277074944
1.330000	534.974111	465.025889	534.974111	0.0000001261270199
1.340000	534.281577	465.718423	534.281577	0.0000001245591648
1.350000	533.602756	466.397244	533.602756	0.0000001230038151
1.360000	532.937377	467.062623	532.937377	0.0000001214613121
1.370000	532.285174	467.714826	532.285173	0.0000001199316557
1.380000	531.645884	468.354116	531.645884	0.0000001184149596
1.390000	531.019254	468.980746	531.019254	0.0000001169113375
1.400000	530.405031	469.594969	530.405031	0.0000001154207894
1.410000	529.802971	470.197029	529.802971	0.0000001139434289
1.420000	529.212833	470.787167	529.212833	0.0000001124792561
1.430000	528.634380	471.365620	528.634380	0.0000001110284984
1.440000	528.067382	471.932618	528.067381	0.0000001095909283
1.450000	527.511610	472.488390	527.511610	0.0000001081668870
1.460000	526.966844	473.033156	526.966844	0.0000001067561470
1.470000	526.432864	473.567136	526.432864	0.0000001053590495
1.480000	525.909459	474.090541	525.909459	0.0000001039753670
1.490000	525.396417	474.603583	525.396417	0.0000001026049858
1.500000	524.893534	475.106466	524.893534	0.0000001012483608
1.510000	524.400609	475.599391	524.400609	0.0000000999051508
1.520000	523.917445	476.082555	523.917445	0.0000000985754696
1.530000	523.443848	476.556152	523.443848	0.0000000972592034
1.540000	522.979628	477.020372	522.979628	0.0000000959564659
1.550000	522.524601	477.475399	522.524601	0.0000000946671435
1.560000	522.078584	477.921416	522.078584	0.0000000933912361
1.570000	521.641399	478.358601	521.641399	0.0000000921287437
1.580000	521.212871	478.787129	521.212871	0.0000000908796665
1.590000	520.792828	479.207172	520.792828	0.0000000896440042
1.600000	520.381102	479.618898	520.381102	0.0000000884215297
1.610000	519.977529	480.022471	519.977529	0.0000000872123564
1.620000	519.581948	480.418052	519.581948	0.0000000860163709
1.630000	519.194199	480.805801	519.194199	0.0000000848336867
1.640000	518.814128	481.185872	518.814128	0.0000000836639629
1.650000	518.441584	481.558416	518.441584	0.0000000825074267
1.660000	518.076416	481.923584	518.076416	0.0000000813638508
1.670000	517.718479	482.281521	517.718479	0.0000000802332352
1.680000	517.367630	482.632370	517.367629	0.0000000791153525
1.690000	517.023727	482.976273	517.023727	0.0000000780103164
1.700000	516.686635	483.313365	516.686635	0.0000000769181270
1.710000	516.356218	483.643782	516.356217	0.0000000758386705
1.720000	516.032343	483.967657	516.032343	0.0000000747716058
1.730000	515.714881	484.285119	515.714881	0.0000000737171604
1.740000	515.403706	484.596294	515.403706	0.0000000726752205
1.750000	515.098692	484.901308	515.098692	0.0000000716455588
1.760000	514.799718	485.200282	514.799718	0.0000000706281753
1.770000	514.506664	485.493336	514.506664	0.0000000696229563
1.780000	514.219412	485.780588	514.219412	0.0000000686299018
1.790000	513.937849	486.062151	513.937849	0.0000000676487844
1.800000	513.661861	486.338139	513.661861	0.0000000666798314
1.810000	513.391338	486.608662	513.391338	0.0000000657223609
1.820000	513.126172	486.873828	513.126172	0.0000000647769411
1.830000	512.866256	487.133744	512.866256	0.0000000638432311
1.840000	512.611487	487.388513	512.611487	0.0000000629211172
1.850000	512.361763	487.638237	512.361763	0.0000000620103719
1.860000	512.116984	487.883016	512.116984	0.0000000611109954
1.870000	511.877052	488.122948	511.877052	0.0000000602229875
1.880000	511.641870	488.358130	511.641870	0.0000000593461777
1.890000	511.411346	488.588654	511.411346	0.0000000584804525
1.900000	511.185386	488.814614	511.185386	0.0000000576258117
1.910000	510.963901	489.036099	510.963900	0.0000000567819711
1.920000	510.746801	489.253199	510.746801	0.0000000559490445
1.930000	510.534000	489.466000	510.534000	0.0000000551268045
1.940000	510.325413	489.674587	510.325413	0.0000000543151941
1.950000	510.120956	489.879044	510.120956	0.0000000535140998
1.960000	509.920547	490.079453	509.920547	0.0000000527235215
1.970000	509.724107	490.275893	509.724107	0.0000000519431183
1.980000	509.531557	490.468443	509.531557	0.0000000511730605
1.990000	509.342820	490.657180	509.342820	0.0000000504130639
2.000000	509.157819	490.842181	509.157819	0.0000000496631287
2.010000	508.976483	491.023517	508.976482	0.0000000489232548
2.020000	508.798736	491.201264	508.798736	0.0000000481931011
2.030000	508.624510	491.375490	508.624510	0.0000000474726107
2.040000	508.453733	491.546267	508.453733	0.0000000467618406
2.050000	508.286338	491.713662	508.286338	0.0000000460605634
2.060000	508.122257	491.877743	508.122257	0.0000000453687221
2.070000	507.961426	492.038574	507.961426	0.0000000446862032
2.080000	507.803779	492.196221	507.803779	0.0000000440130066
2.090000	507.649254	492.350746	507.649254	0.0000000433488481
2.100000	507.497788	492.502212	507.497788	0.0000000426938414
2.110000	507.349322	492.650678	507.349322	0.0000000420477591
2.120000	507.203796	492.796204	507.203796	0.0000000414104875
2.130000	507.061151	492.938849	507.061151	0.0000000407819130
2.140000	506.921331	493.078669	506.921331	0.0000000401620923
2.150000	506.784280	493.215720	506.784280	0.0000000395507413
2.160000	506.649942	493.350058	506.649942	0.0000000389479169
2.170000	506.518264	493.481736	506.518264	0.0000000383535053
2.180000	506.389194	493.610806	506.389194	0.0000000377672791
2.190000	506.262679	493.737321	506.262679	0.0000000371891815
2.200000	506.138670	493.861330	506.138670	0.0000000366192694
2.210000	506.017116	493.982884	506.017116	0.0000000360573154
2.220000	505.897969	494.102031	505.897969	0.0000000355032057
2.230000	505.781182	494.218818	505.781182	0.0000000349569405
2.240000	505.666707	494.333293	505.666707	0.0000000344184627
2.250000	505.554498	494.445502	505.554498	0.0000000338874315
2.260000	505.444512	494.555488	505.444512	0.0000000333640742
2.270000	505.336703	494.663297	505.336703	0.0000000328481633
2.280000	505.231030	494.768970	505.231029	0.0000000323395284
2.290000	505.127448	494.872552	505.127448	0.0000000318381694
2.300000	505.025918	494.974082	505.025918	0.0000000313440296
2.310000	504.926398	495.073602	504.926398	0.0000000308569952
2.320000	504.828849	495.171151	504.828849	0.0000000303768957
2.330000	504.733231	495.266769	504.733231	0.0000000299037879
2.340000	504.639507	495.360493	504.639507	0.0000000294375013
2.350000	504.547639	495.452361	504.547639	0.0000000289779223
2.360000	504.457589	495.542411	504.457589	0.0000000285249939
2.370000	504.369323	495.630677	504.369323	0.0000000280785457
2.380000	504.282805	495.717195	504.282805	0.0000000276387482
2.390000	504.198000	495.802000	504.197999	0.0000000272053171
2.400000	504.114874	495.885126	504.114874	0.0000000267781388
2.410000	504.033394	495.966606	504.033394	0.0000000263572701
2.420000	503.953527	496.046473	503.953527	0.0000000259426542
2.430000	503.875242	496.124758	503.875242	0.0000000255340069
2.440000	503.798507	496.201493	503.798507	0.0000000251314418
2.450000	503.723292	496.276708	503.723292	0.0000000247347316
2.460000	503.649565	496.350435	503.649565	0.0000000243439331
2.470000	503.577299	496.422701	503.577299	0.0000000239588758
2.480000	503.506464	496.493536	503.506464	0.0000000235796165
2.490000	503.437031	496.562969	503.437031	0.0000000232058710
2.500000	503.368974	496.631026	503.368973	0.0000000228376962
2.510000	503.302263	496.697737	503.302263	0.0000000224750352
2.520000	503.236874	496.763126	503.236874	0.0000000221177743
2.530000	503.172780	496.827220	503.172780	0.0000000217658567
2.540000	503.109955	496.890045	503.109955	0.0000000214191687
2.550000	503.048373	496.951627	503.048373	0.0000000210776534
2.560000	502.988011	497.011989	502.988011	0.0000000207413109
2.570000	502.928845	497.071155	502.928845	0.0000000204100274
2.580000	502.870850	497.129150	502.870850	0.0000000200837462
2.590000	502.814003	497.185997	502.814003	0.0000000197624104
2.600000	502.758282	497.241718	502.758282	0.0000000194458494
2.610000	502.703665	497.296335	502.703665	0.0000000191340632
2.620000	502.650128	497.349872	502.650128	0.0000000188271088
2.630000	502.597652	497.402348	502.597652	0.0000000185246449
2.640000	502.546215	497.453785	502.546215	0.0000000182268991
2.650000	502.495797	497.504203	502.495797	0.0000000179337007
2.660000	502.446377	497.553623	502.446377	0.0000000176448793
2.670000	502.397935	497.602065	502.397935	0.0000000173604917
2.680000	502.350453	497.649547	502.350453	0.0000000170805379
2.690000	502.303911	497.696089	502.303911	0.0000000168047336
2.700000	502.258290	497.741710	502.258290	0.0000000165331926
2.710000	502.213573	497.786427	502.213573	0.0000000162659148
2.720000	502.169742	497.830258	502.169742	0.0000000160026161
2.730000	502.126778	497.873222	502.126778	0.0000000157433533
2.740000	502.084665	497.915335	502.084665	0.0000000154881832
2.750000	502.043386	497.956614	502.043386	0.0000000152368784
2.760000	502.002924	497.997076	502.002924	0.0000000149894959
2.770000	501.963263	498.036737	501.963263	0.0000000147459218
2.780000	501.924388	498.075612	501.924388	0.0000000145061563
2.790000	501.886283	498.113717	501.886283	0.0000000142700287
2.800000	501.848932	498.151068	501.848932	0.0000000140375960
2.810000	501.812321	498.187679	501.812321	0.0000000138088581
2.820000	501.776434	498.223566	501.776434	0.0000000135835876
2.830000	501.741258	498.258742	501.741258	0.0000000133617846
2.840000	501.706779	498.293221	501.706779	0.0000000131433922
2.850000	501.672983	498.327017	501.672983	0.0000000129285240
2.860000	501.639855	498.360145	501.639855	0.0000000127170097
2.870000	501.607384	498.392616	501.607384	0.0000000125088491
2.880000	501.575556	498.424444	501.575556	0.0000000123038717
2.890000	501.544358	498.455642	501.544358	0.0000000121021344
2.900000	501.513777	498.486223	501.513777	0.0000000119035803
2.910000	501.483803	498.516197	501.483803	0.0000000117080958
2.920000	501.454421	498.545579	501.454421	0.0000000115157945
2.930000	501.425622	498.574378	501.425622	0.0000000113263354
2.940000	501.397393	498.602607	501.397393	0.0000000111399459
2.950000	501.369722	498.630278	501.369722	0.0000000109564553
2.960000	501.342600	498.657400	501.342600	0.0000000107759774
2.970000	501.316015	498.683985	501.316015	0.0000000105982849
2.980000	501.289956	498.710044	501.289956	0.0000000104233777
2.990000	501.264413	498.735587	501.264413	0.0000000102513127
3.000000	501.239376	498.760624	501.239376	0.0000000100819193
3.010000	501.214835	498.785165	501.214835	0.0000000099152544
3.020000	501.190779	498.809221	501.190779	0.0000000097512611
3.030000	501.167200	498.832800	501.167200	0.0000000095898258
3.040000	501.144088	498.855912	501.144088	0.0000000094308916
3.050000	501.121434	498.878566	501.121434	0.0000000092746291
3.060000	501.099228	498.900772	501.099228	0.0000000091208108
3.070000	501.077462	498.922538	501.077462	0.0000000089694367
3.080000	501.056127	498.943873	501.056127	0.0000000088204501
3.090000	501.035214	498.964786	501.035214	0.0000000086737941
3.100000	501.014715	498.985285	501.014715	0.0000000085295824
3.110000	500.994623	499.005377	500.994623	0.0000000083877012
3.120000	500.974928	499.025072	500.974928	0.0000000082480369
3.130000	500.955623	499.044377	500.955623	0.0000000081105895
3.140000	500.936700	499.063300	500.936700	0.0000000079754159
3.150000	500.918152	499.081848	500.918152	0.0000000078424591
3.160000	500.899972	499.100028	500.899972	0.0000000077116056
3.170000	500.882151	499.117849	500.882151	0.0000000075828552
3.180000	500.864683	499.135317	500.864683	0.0000000074560944
3.190000	500.847561	499.152439	500.847561	0.0000000073314368
3.200000	500.830779	499.169221	500.830779	0.0000000072088255
3.210000	500.814328	499.185672	500.814328	0.0000000070882038
3.220000	500.798203	499.201797	500.798203	0.0000000069695147
3.230000	500.782398	499.217602	500.782398	0.0000000068527015
3.240000	500.766905	499.233095	500.766905	0.0000000067377641
3.250000	500.751720	499.248280	500.751720	0.0000000066248163
3.260000	500.736835	499.263165	500.736835	0.0000000065135737
3.270000	500.722244	499.277756	500.722244	0.0000000064041501
3.280000	500.707943	499.292057	500.707943	0.0000000062966024
3.290000	500.693925	499.306075	500.693925	0.0000000061906462
3.300000	500.680184	499.319816	500.680184	0.0000000060865091
3.310000	500.666715	499.333285	500.666715	0.0000000059840772
3.320000	500.653514	499.346486	500.653514	0.0000000058832939
3.330000	500.640573	499.359427	500.640573	0.0000000057841589
3.340000	500.627889	499.372111	500.627889	0.0000000056867293
3.350000	500.615456	499.384544	500.615456	0.0000000055906639
3.360000	500.603269	499.396731	500.603269	0.0000000054964175
3.370000	500.591324	499.408676	500.591324	0.0000000054035922
3.380000	500.579615	499.420385	500.579615	0.0000000053123017
3.390000	500.568137	499.431863	500.568137	0.0000000052224891
3.400000	500.556888	499.443112	500.556888	0.0000000051341544
3.410000	500.545860	499.454140	500.545860	0.0000000050473545
3.420000	500.535052	499.464948	500.535052	0.0000000049619757
3.430000	500.524457	499.475543	500.524457	0.0000000048778475
3.440000	500.514072	499.485928	500.514072	0.0000000047953108
3.450000	500.503893	499.496107	500.503893	0.0000000047139110
3.460000	500.493915	499.506085	500.493915	0.0000000046340460
3.470000	500.484135	499.515865	500.484135	0.0000000045553179
3.480000	500.474548	499.525452	500.474548	0.0000000044780677
3.490000	500.465152	499.534848	500.465152	0.0000000044019544
3.500000	500.455941	499.544059	500.455941	0.0000000043272621
3.510000	500.446913	499.553087	500.446913	0.0000000042535930
3.520000	500.438063	499.561937	500.438063	0.0000000041812314
3.530000	500.429389	499.570611	500.429389	0.0000000041101202
3.540000	500.420887	499.579113	500.420887	0.0000000040402028
3.550000	500.412552	499.587448	500.412552	0.0000000039713655
3.560000	500.404383	499.595617	500.404383	0.0000000039037786
3.570000	500.396376	499.603624	500.396376	0.0000000038371581
3.580000	500.388527	499.611473	500.388527	0.0000000037717314
3.590000	500.380834	499.619166	500.380834	0.0000000037073278
3.600000	500.373293	499.626707	500.373293	0.0000000036440042
3.610000	500.365901	499.634099	500.365901	0.0000000035818175
3.620000	500.358656	499.641344	500.358656	0.0000000035205971
3.630000	500.351554	499.648446	500.351554	0.0000000034604568
3.640000	500.344593	499.655407	500.344593	0.0000000034012828
3.650000	500.337769	499.662231	500.337769	0.0000000033430183
3.660000	500.331081	499.668919	500.331081	0.0000000032858338
3.670000	500.324525	499.675475	500.324525	0.0000000032295588
3.680000	500.318099	499.681901	500.318099	0.0000000031743070
3.690000	500.311800	499.688200	500.311800	0.0000000031199079
3.700000	500.305626	499.694374	500.305626	0.0000000030663045
3.710000	500.299575	499.700425	500.299575	0.0000000030137812
3.720000	500.293643	499.706357	500.293643	0.0000000029619969
3.730000	500.287828	499.712172	500.287828	0.0000000029111789
3.740000	500.282129	499.717871	500.282129	0.0000000028612135
3.750000	500.276542	499.723458	500.276542	0.0000000028121008
3.760000	500.271066	499.728934	500.271066	0.0000000027636702
3.770000	500.265699	499.734301	500.265699	0.0000000027162059
3.780000	500.260438	499.739562	500.260438	0.0000000026694238
3.790000	500.255281	499.744719	500.255281	0.0000000026234375
3.800000	500.250226	499.749774	500.250226	0.0000000025783038
3.810000	500.245271	499.754729	500.245271	0.0000000025339091
3.820000	500.240414	499.759586	500.240414	0.0000000024903102
3.830000	500.235654	499.764346	500.235654	0.0000000024473366
3.840000	500.230987	499.769013	500.230987	0.0000000024051587
3.850000	500.226414	499.773586	500.226414	0.0000000023637199
3.860000	500.221930	499.778070	500.221930	0.0000000023228495
3.870000	500.217536	499.782464	500.217536	0.0000000022828317
3.880000	500.213228	499.786772	500.213228	0.0000000022433255
3.890000	500.209006	499.790994	500.209006	0.0000000022046152
3.900000	500.204867	499.795133	500.204867	0.0000000021665869
3.910000	500.200811	499.799189	500.200811	0.0000000021291839
3.920000	500.196835	499.803165	500.196835	0.0000000020923494
3.930000	500.192937	499.807063	500.192937	0.0000000020561970
3.940000	500.189117	499.810883	500.189117	0.0000000020205562
3.950000	500.185372	499.814628	500.185372	0.0000000019855406
3.960000	500.181701	499.818299	500.181701	0.0000000019511504
3.970000	500.178103	499.821897	500.178103	0.0000000019173285
3.980000	500.174577	499.825423	500.174577	0.0000000018841888
3.990000	500.171120	499.828880	500.171120	0.0000000018515038
4.000000	500.167731	499.832269	500.167731	0.0000000018193305
4.010000	500.164410	499.835590	500.164410	0.0000000017878961
4.020000	500.161154	499.838846	500.161154	0.0000000017568027
4.030000	500.157963	499.842037	500.157963	0.0000000017262209
4.040000	500.154836	499.845164	500.154836	0.0000000016963213
4.050000	500.151770	499.848230	500.151770	0.0000000016668764
4.060000	500.148764	499.851236	500.148764	0.0000000016378294
4.070000	500.145819	499.854181	500.145819	0.0000000016094077
4.080000	500.142931	499.857069	500.142931	0.0000000015814408
4.090000	500.140101	499.859899	500.140101	0.0000000015539285
4.100000	500.137327	499.862673	500.137327	0.0000000015268711
4.110000	500.134608	499.865392	500.134608	0.0000000015002684
4.120000	500.131942	499.868058	500.131942	0.0000000014742341
4.130000	500.129329	499.870671	500.129329	0.0000000014485408
4.140000	500.126769	499.873231	500.126769	0.0000000014233024
4.150000	500.124258	499.875742	500.124258	0.0000000013984618
4.160000	500.121798	499.878202	500.121798	0.0000000013740191
4.170000	500.119386	499.880614	500.119386	0.0000000013501449
4.180000	500.117022	499.882978	500.117022	0.0000000013266117
4.190000	500.114705	499.885295	500.114705	0.0000000013034196
4.200000	500.112434	499.887566	500.112434	0.0000000012806822
4.210000	500.110207	499.889793	500.110207	0.0000000012583428
4.220000	500.108025	499.891975	500.108025	0.0000000012364012
4.230000	500.105886	499.894114	500.105886	0.0000000012148575
4.240000	500.103789	499.896211	500.103789	0.0000000011935413
4.250000	500.101734	499.898266	500.101734	0.0000000011726797
4.260000	500.099720	499.900280	500.099720	0.0000000011521593
4.270000	500.097745	499.902255	500.097745	0.0000000011319798
4.280000	500.095810	499.904190	500.095810	0.0000000011121983
4.290000	500.093912	499.906088	500.093912	0.0000000010927579
4.300000	500.092053	499.907947	500.092053	0.0000000010736017
4.310000	500.090230	499.909770	500.090230	0.0000000010547865
4.320000	500.088443	499.911557	500.088443	0.0000000010363692
4.330000	500.086692	499.913308	500.086692	0.0000000010181225
4.340000	500.084976	499.915024	500.084976	0.0000000010003305
4.350000	500.083293	499.916707	500.083293	0.0000000009827659
4.360000	500.081644	499.918356	500.081644	0.0000000009654855
4.370000	500.080027	499.919973	500.080027	0.0000000009485461
4.380000	500.078442	499.921558	500.078442	0.0000000009319479
4.390000	500.076889	499.923111	500.076889	0.0000000009155201
4.400000	500.075367	499.924633	500.075367	0.0000000008995471
4.410000	500.073874	499.926126	500.073874	0.0000000008836309
4.420000	500.072411	499.927589	500.072411	0.0000000008681127
4.430000	500.070978	499.929022	500.070978	0.0000000008528218
4.440000	500.069572	499.930428	500.069572	0.0000000008378720
4.450000	500.068194	499.931806	500.068194	0.0000000008231495
4.460000	500.066844	499.933156	500.066844	0.0000000008087113
4.470000	500.065521	499.934479	500.065521	0.0000000007943868
4.480000	500.064223	499.935777	500.064223	0.0000000007805170
4.490000	500.062951	499.937049	500.062951	0.0000000007667609
4.500000	500.061705	499.938295	500.061705	0.0000000007531753
4.510000	500.060483	499.939517	500.060483	0.0000000007398739
4.520000	500.059285	499.940715	500.059285	0.0000000007268568
4.530000	500.058111	499.941889	500.058111	0.0000000007140670
4.540000	500.056961	499.943039	500.056961	0.0000000007014478
4.550000	500.055833	499.944167	500.055833	0.0000000006891128
4.560000	500.054727	499.945273	500.054727	0.0000000006769483
4.570000	500.053644	499.946356	500.053644	0.0000000006649543
4.580000	500.052581	499.947419	500.052581	0.0000000006533014
4.590000	500.051540	499.948460	500.051540	0.0000000006417622
4.600000	500.050520	499.949480	500.050520	0.0000000006303935
4.610000	500.049519	499.950481	500.049519	0.0000000006191954
4.620000	500.048539	499.951461	500.048539	0.0000000006082814
4.630000	500.047578	499.952422	500.047578	0.0000000005975949
4.640000	500.046636	499.953364	500.046636	0.0000000005870220
4.650000	500.045712	499.954288	500.045712	0.0000000005766196
4.660000	500.044807	499.955193	500.044807	0.0000000005664447
4.670000	500.043920	499.956080	500.043920	0.0000000005563834
4.680000	500.043050	499.956950	500.043050	0.0000000005464926
4.690000	500.042198	499.957802	500.042198	0.0000000005368861
4.700000	500.041362	499.958638	500.041362	0.0000000005273932
4.710000	500.040543	499.959457	500.040543	0.0000000005179572
4.720000	500.039740	499.960260	500.039740	0.0000000005088054
4.730000	500.038953	499.961047	500.038953	0.0000000004998242
4.740000	500.038182	499.961818	500.038182	0.0000000004910135
4.750000	500.037426	499.962574	500.037426	0.0000000004823164
4.760000	500.036685	499.963315	500.036685	0.0000000004737331
4.770000	500.035958	499.964042	500.035958	0.0000000004653771
4.780000	500.035246	499.964754	500.035246	0.0000000004570779
4.790000	500.034548	499.965452	500.034548	0.0000000004489493
4.800000	500.033864	499.966136	500.033864	0.0000000004409912
4.810000	500.033194	499.966806	500.033194	0.0000000004332605
4.820000	500.032537	499.967463	500.032537	0.0000000004254730
4.830000	500.031892	499.968108	500.031892	0.0000000004179697
4.840000	500.031261	499.968739	500.031261	0.0000000004105232
4.850000	500.030642	499.969358	500.030642	0.0000000004031904
4.860000	500.030035	499.969965	500.030035	0.0000000003960281
4.870000	500.029440	499.970560	500.029440	0.0000000003890932
4.880000	500.028857	499.971143	500.028857	0.0000000003821015
4.890000	500.028286	499.971714	500.028286	0.0000000003753371
4.900000	500.027726	499.972274	500.027726	0.0000000003686296
4.910000	500.027177	499.972823	500.027177	0.0000000003620926
4.920000	500.026639	499.973361	500.026639	0.0000000003556693
4.930000	500.026111	499.973889	500.026111	0.0000000003493597
4.940000	500.025594	499.974406	500.025594	0.0000000003431637
4.950000	500.025087	499.974913	500.025087	0.0000000003369678
4.960000	500.024591	499.975409	500.024591	0.0000000003310561
4.970000	500.024104	499.975896	500.024104	0.0000000003252012
4.980000	500.023626	499.976374	500.023626	0.0000000003193463
4.990000	500.023159	499.976841	500.023159	0.0000000003136620
#0.010000	500	0.0000002493761713