0.000000	1000.000000	0.000000	1000.000000	0.0000000000000000
0.050000	952.418750	47.581250	952.418709	0.0000409820203231
0.100000	909.365451	90.634549	909.365377	0.0000741641341619
0.150000	870.409211	129.590789	870.409110	0.0001006597300375
0.200000	835.160144	164.839856	835.160023	0.0001214409257955
0.250000	803.265467	196.734533	803.265330	0.0001373553733401
0.300000	774.405967	225.594033	774.405818	0.0001491411444476
0.350000	748.292809	251.707191	748.292652	0.0001574399099127
0.400000	724.664645	275.335355	724.664482	0.0001628086033634
0.450000	703.284996	296.715004	703.284830	0.0001657297383417
0.500000	683.939887	316.060113	683.939721	0.0001666205282618
0.550000	666.435708	333.564292	666.435542	0.0001658409449874
0.600000	650.597270	349.402730	650.597106	0.0001637008354010
0.650000	636.266057	363.733943	636.265897	0.0001604662020327
0.700000	623.298638	376.701362	623.298482	0.0001563647405192
0.750000	611.565232	388.434768	611.565080	0.0001515907225667
0.800000	600.948405	399.051595	600.948259	0.0001463092953600
0.850000	591.341903	408.658097	591.341762	0.0001406602642646
0.900000	582.649579	417.350421	582.649444	0.0001347614216911
0.950000	574.784438	425.215562	574.784310	0.0001287114703246
1.000000	567.667764	432.332236	567.667642	0.0001225925891504
1.050000	561.228331	438.771669	561.228214	0.0001164726852494
1.100000	555.401690	444.598310	555.401579	0.0001104073651277
1.150000	550.129526	449.870474	550.129422	0.0001044416617333
1.200000	545.359075	454.640925	545.358977	0.0000986115419437
1.250000	541.042592	458.957408	541.042499	0.0000929452261289
1.300000	537.136877	462.863123	537.136789	0.0000874643350244
1.350000	533.602839	466.397161	533.602756	0.0000821848915393
1.400000	530.405108	469.594892	530.405031	0.0000771181895516
1.450000	527.511682	472.488318	527.511610	0.0000722715490156
1.500000	524.893602	475.106398	524.893534	0.0000676489704574
1.550000	522.524664	477.475336	522.524601	0.0000632516998849
1.600000	520.381161	479.618839	520.381102	0.0000590787172996
1.650000	518.441639	481.558361	518.441584	0.0000551271563154
1.700000	516.686686	483.313314	516.686635	0.0000513926650001
1.750000	515.098740	484.901260	515.098692	0.0000478697146491
1.800000	513.661906	486.338094	513.661861	0.0000445518627430
1.850000	512.361805	487.638195	512.361763	0.0000414319773654
1.900000	511.185424	488.814576	511.185386	0.0000385024267757
1.950000	510.120991	489.879009	510.120956	0.0000357552390824
2.000000	509.157853	490.842147	509.157819	0.0000331822354838
2.050000	508.286368	491.713632	508.286338	0.0000307751429318
2.100000	507.497817	492.502183	507.497788	0.0000285256850816
2.150000	506.784306	493.215694	506.784280	0.0000264256585751
2.200000	506.138694	493.861306	506.138670	0.0000244669938638
2.250000	505.554521	494.445479	505.554498	0.0000226418037528
2.300000	505.025939	494.974061	505.025918	0.0000209424222248
2.350000	504.547658	495.452342	504.547639	0.0000193614334876
2.400000	504.114891	495.885109	504.114874	0.0000178916939149
2.450000	503.723308	496.276692	503.723292	0.0000165263472809
2.500000	503.368989	496.631011	503.368973	0.0000152588346509
2.550000	503.048387	496.951613	503.048373	0.0000140829004636
2.600000	502.758295	497.241705	502.758282	0.0000129925934402
2.650000	502.495809	497.504191	502.495797	0.0000119822657325
2.700000	502.258302	497.741698	502.258290	0.0000110465690000
2.750000	502.043396	497.956604	502.043386	0.0000101804485553
2.800000	501.848941	498.151059	501.848932	0.0000093791357472
2.850000	501.672991	498.327009	501.672983	0.0000086381396613
2.900000	501.513785	498.486215	501.513777	0.0000079532371728
2.950000	501.369730	498.630270	501.369722	0.0000073204625437
3.000000	501.239383	498.760617	501.239376	0.0000067360970206
3.050000	501.121440	498.878560	501.121434	0.0000061966574094
3.100000	501.014721	498.985279	501.014715	0.0000056988852180
3.150000	500.918158	499.081842	500.918152	0.0000052397352874
3.200000	500.830783	499.169217	500.830779	0.0000048163644806
3.250000	500.751724	499.248276	500.751720	0.0000044261211656
3.300000	500.680188	499.319812	500.680184	0.0000040665344159
3.350000	500.615460	499.384540	500.615456	0.0000037353034372
3.400000	500.556891	499.443109	500.556888	0.0000034302879044
3.450000	500.503896	499.496104	500.503893	0.0000031494978998
3.500000	500.455944	499.544056	500.455941	0.0000028910848755
3.550000	500.412555	499.587445	500.412552	0.0000026533327286
3.600000	500.373295	499.626705	500.373293	0.0000024346494456
3.650000	500.337772	499.662228	500.337769	0.0000022335586891
3.700000	500.305628	499.694372	500.305626	0.0000020486925791
3.750000	500.276544	499.723456	500.276542	0.0000018787842464
3.800000	500.250227	499.749773	500.250226	0.0000017226608975
3.850000	500.226415	499.773585	500.226414	0.0000015792377326
3.900000	500.204869	499.795131	500.204867	0.0000014475112380
3.950000	500.185373	499.814627	500.185372	0.0000013265541838
4.000000	500.167733	499.832267	500.167731	0.0000012155098830
4.050000	500.151771	499.848229	500.151770	0.0000011135868476
4.100000	500.137328	499.862672	500.137327	0.0000010200547536
4.150000	500.124259	499.875741	500.124258	0.0000009342396652
4.200000	500.112435	499.887565	500.112434	0.0000008555197724
4.250000	500.101735	499.898265	500.101734	0.0000007833219229
4.300000	500.092054	499.907946	500.092053	0.0000007171176435
4.350000	500.083294	499.916706	500.083293	0.0000006564199566
4.400000	500.075367	499.924633	500.075367	0.0000006007804814
4.450000	500.068195	499.931805	500.068194	0.0000005497859661
4.500000	500.061705	499.938295	500.061705	0.0000005030564125
4.550000	500.055833	499.944167	500.055833	0.0000004602419494
4.600000	500.050520	499.949480	500.050520	0.0000004210205020
4.650000	500.045713	499.954287	500.045712	0.0000003850959160
4.700000	500.041362	499.958638	500.041362	0.0000003521960252
4.750000	500.037426	499.962574	500.037426	0.0000003220703775
4.800000	500.033865	499.966135	500.033864	0.0000002944889843
4.850000	500.030642	499.969358	500.030642	0.0000002692402177
4.900000	500.027726	499.972274	500.027726	0.0000002461301847
4.950000	500.025088	499.974912	500.025087	0.0000002249802833
#0.050000	100	0.0001666205282618