0.000000	0.000000	0.000000	494.974747	494.974747
0.500000	247.487373	247.487373	488.045100	483.140100
1.000000	491.509924	489.057424	481.341895	471.599264
1.500000	732.180871	724.857055	474.854692	460.338366
2.000000	969.608217	955.026239	468.573685	449.344369
2.500000	1203.895059	1179.698423	462.489644	438.605006
3.000000	1435.139882	1399.000926	456.593883	428.108722
3.500000	1663.436823	1613.055287	450.878209	417.844628
4.000000	1888.875928	1821.977601	445.334899	407.802448
4.500000	2111.543377	2025.878825	439.956654	397.972477
5.000000	2331.521704	2224.865064	434.736580	388.345545
5.500000	2548.889994	2419.037836	429.668155	378.912974
6.000000	2763.724071	2608.494323	424.745202	369.666552
6.500000	2976.096672	2793.327599	419.961870	360.598497
7.000000	3186.077607	2973.626848	415.312612	351.701431
7.500000	3393.733913	3149.477563	410.792160	342.968352
8.000000	3599.129993	3320.961739	406.395513	334.392613
8.500000	3802.327750	3488.158046	402.117917	325.967898
9.000000	4003.386708	3651.141995	397.954850	317.688200
9.500000	4202.364133	3809.986095	393.902005	309.547806
10.000000	4399.315136	3964.759998	389.955283	301.541276
10.500000	4594.292777	4115.530636	386.110773	293.663426
11.000000	4787.348164	4262.362349	382.364744	285.909317
11.500000	4978.530536	4405.317007	378.713636	278.274238
12.000000	5167.887354	4544.454126	375.154045	270.753694
12.500000	5355.464376	4679.830973	371.682720	263.343392
13.000000	5541.305736	4811.502669	368.296547	256.039232
13.500000	5725.454010	4939.522285	364.992548	248.837296
14.000000	5907.950284	5063.940933	361.767868	241.733839
14.500000	6088.834218	5184.807852	358.619770	234.725275
15.000000	6268.144103	5302.170490	355.545630	227.808176
15.500000	6445.916918	5416.074578	352.542928	220.979260
16.000000	6622.188382	5526.564208	349.609242	214.235381
16.500000	6796.993003	5633.681898	346.742247	207.573529
17.000000	6970.364127	5737.468662	343.939703	200.990816
17.500000	7142.333978	5837.964070	341.199457	194.484476
18.000000	7312.933707	5935.206308	338.519433	188.051856
18.500000	7482.193423	6029.232237	335.897632	181.690412
19.000000	7650.142239	6120.077443	333.332125	175.397704
19.500000	7816.808302	6207.776295	330.821051	169.171389
20.000000	7982.218827	6292.361989	328.362611	163.009221
20.500000	8146.400133	6373.866600	325.955071	156.909044
21.000000	8309.377668	6452.321122	323.596749	150.868790
21.500000	8471.176042	6527.755517	321.286021	144.886471
22.000000	8631.819053	6600.198753	319.021314	138.960184
22.500000	8791.329710	6669.678845	316.801104	133.088099
23.000000	8949.730262	6736.222894	314.623914	127.268462
23.500000	9107.042219	6799.857125	312.488311	121.499589
24.000000	9263.286375	6860.606920	310.392904	115.779867
24.500000	9418.482827	6918.496853	308.336343	110.107748
25.000000	9572.650999	6973.550727	306.317317	104.481748
25.500000	9725.809657	7025.791601	304.334549	98.900446
26.000000	9877.976932	7075.241825	302.386801	93.362481
26.500000	10029.170332	7121.923065	300.472863	87.866549
27.000000	10179.406764	7165.856340	298.591563	82.411405
27.500000	10328.702545	7207.062042	296.741754	76.995857
28.000000	10477.073422	7245.559971	294.922323	71.618768
28.500000	10624.534584	7281.369355	293.132182	66.279051
29.000000	10771.100675	7314.508880	291.370270	60.975671
29.500000	10916.785810	7344.996716	289.635556	55.707644
30.000000	11061.603588	7372.850538	287.927029	50.474031
30.500000	11205.567102	7398.087553	286.243706	45.273942
31.000000	11348.688955	7420.724524	284.584626	40.106532
31.500000	11490.981268	7440.777791	282.948852	34.971003
32.000000	11632.455694	7458.263292	281.335467	29.866597
32.500000	11773.123428	7473.196590	279.743579	24.792602
33.000000	11912.995218	7485.592891	278.172315	19.748347
33.500000	12052.081375	7495.467064	276.620823	14.733201
34.000000	12190.391787	7502.833665	275.088273	9.746576
34.500000	12327.935923	7507.706953	273.573852	4.787919
35.000000	12464.722849	7510.100912	272.076770	-0.143282
35.500000	12600.761234	7510.029271	270.596254	-5.047503
36.000000	12736.059361	7507.505520	269.131553	-9.925181
36.500000	12870.625137	7502.542929	267.681932	-14.776721
37.000000	13004.466103	7495.154568	266.246678	-19.602492
37.500000	13137.589442	7485.353322	264.825095	-24.402827
38.000000	13270.001990	7473.151909	263.416506	-29.178030
38.500000	13401.710242	7458.562894	262.020253	-33.928370
39.000000	13532.720369	7441.598708	260.635697	-38.654088
39.500000	13663.038217	7422.271665	259.262218	-43.355391
40.000000	13792.669326	7400.593969	257.899212	-48.032461
40.500000	13921.618932	7376.577739	256.546098	-52.685450
41.000000	14049.891981	7350.235014	255.202309	-57.314484
41.500000	14177.493136	7321.577772	253.867299	-61.919661
42.000000	14304.426785	7290.617941	252.540540	-66.501057
42.500000	14430.697055	7257.367412	251.221523	-71.058723
43.000000	14556.307817	7221.838051	249.909756	-75.592686
43.500000	14681.262695	7184.041708	248.604766	-80.102953
44.000000	14805.565078	7143.990232	247.306099	-84.589509
44.500000	14929.218128	7101.695478	246.013318	-89.052321
45.000000	15052.224787	7057.169317	244.726004	-93.491337
45.500000	15174.587789	7010.423648	243.443757	-97.906487
46.000000	15296.309667	6961.470405	242.166194	-102.297686
46.500000	15417.392764	6910.321562	240.892950	-106.664832
47.000000	15537.839239	6856.989146	239.623677	-111.007812
47.500000	15657.651077	6801.485240	238.358044	-115.326496
48.000000	15776.830099	6743.821992	237.095738	-119.620746
48.500000	15895.377969	6684.011619	235.836463	-123.890410
49.000000	16013.296200	6622.066414	234.579938	-128.135328
49.500000	16130.586169	6557.998750	233.325899	-132.355330
50.000000	16247.249118	6491.821085	232.074098	-136.550239
50.500000	16363.286167	6423.545965	230.824303	-140.719872
51.000000	16478.698319	6353.186029	229.576297	-144.864037
51.500000	16593.486467	6280.754011	228.329879	-148.982539
52.000000	16707.651407	6206.262741	227.084860	-153.075179
52.500000	16821.193837	6129.725152	225.841069	-157.141755
53.000000	16934.114372	6051.154274	224.598346	-161.182060
53.500000	17046.413545	5970.563244	223.356546	-165.195887
54.000000	17158.091818	5887.965301	222.115537	-169.183029
54.500000	17269.149586	5803.373786	220.875200	-173.143277
55.000000	17379.587186	5716.802148	219.635427	-177.076424
55.500000	17489.404900	5628.263936	218.396124	-180.982262
56.000000	17598.602962	5537.772804	217.157208	-184.860587
56.500000	17707.181566	5445.342511	215.918607	-188.711197
57.000000	17815.140870	5350.986912	214.680260	-192.533891
57.500000	17922.481000	5254.719967	213.442115	-196.328473
58.000000	18029.202058	5156.555731	212.204133	-200.094752
58.500000	18135.304124	5056.508355	210.966283	-203.832539
59.000000	18240.787266	4954.592085	209.728542	-207.541651
59.500000	18345.651537	4850.821260	208.490898	-211.221912
60.000000	18449.896985	4745.210304	207.253345	-214.873149
60.500000	18553.523658	4637.773729	206.015889	-218.495197
61.000000	18656.531603	4528.526130	204.778540	-222.087896
61.500000	18758.920872	4417.482182	203.541316	-225.651093
62.000000	18860.691530	4304.656636	202.304244	-229.184643
62.500000	18961.843652	4190.064314	201.067355	-232.688408
63.000000	19062.377330	4073.720110	199.830688	-236.162255
63.500000	19162.292673	3955.638983	198.594287	-239.606062
64.000000	19261.589817	3835.835952	197.358202	-243.019713
64.500000	19360.268918	3714.326095	196.122489	-246.403100
65.000000	19458.330162	3591.124545	194.887206	-249.756124
65.500000	19555.773765	3466.246483	193.652420	-253.078694
66.000000	19652.599975	3339.707136	192.418199	-256.370726
66.500000	19748.809075	3211.521773	191.184615	-259.632146
67.000000	19844.401382	3081.705701	189.951746	-262.862888
67.500000	19939.377255	2950.274257	188.719672	-266.062893
68.000000	20033.737091	2817.242810	187.488475	-269.232114
68.500000	20127.481329	2682.626753	186.258243	-272.370510
69.000000	20220.610450	2546.441498	185.029064	-275.478047
69.500000	20313.124982	2408.702474	183.801029	-278.554704
70.000000	20405.025497	2269.425122	182.574231	-281.600464
70.500000	20496.312612	2128.624890	181.348767	-284.615321
71.000000	20586.986996	1986.317230	180.124733	-287.599277
71.500000	20677.049362	1842.517591	178.902227	-290.552342
72.000000	20766.500476	1697.241420	177.681350	-293.474535
72.500000	20855.341151	1550.504153	176.462202	-296.365880
73.000000	20943.572252	1402.321212	175.244886	-299.226414
73.500000	21031.194695	1252.708005	174.029504	-302.056179
74.000000	21118.209447	1101.679916	172.816159	-304.855223
74.500000	21204.617526	949.252304	171.604955	-307.623607
75.000000	21290.420003	795.440501	170.395996	-310.361394
75.500000	21375.618001	640.259803	169.189385	-313.068659
76.000000	21460.212694	483.725474	167.985227	-315.745480
76.500000	21544.205307	325.852734	166.783625	-318.391947
77.000000	21627.597120	166.656761	165.584683	-321.008152
77.500000	21710.389461	6.152685	164.388504	-323.594197
78.000000	21792.583713	-155.644414	163.195189	-326.150190
78.500000	21874.181308	-318.719509	162.004841	-328.676246
79.000000	21955.183728	-483.057632	160.817560	-331.172485
79.500000	22035.592508	-648.643875	159.633447	-333.639035
80.000000	22115.409232	-815.463392	158.452600	-336.076027
80.500000	22194.635532	-983.501406	157.275118	-338.483602
81.000000	22273.273091	-1152.743206	156.101097	-340.861903
81.500000	22351.323640	-1323.174158	154.930633	-343.211080
82.000000	22428.788956	-1494.779698	153.763820	-345.531290
82.500000	22505.670866	-1667.545343	152.600750	-347.822692
83.000000	22581.971241	-1841.456689	151.441516	-350.085451
83.500000	22657.691999	-2016.499414	150.286208	-352.319739
84.000000	22732.835103	-2192.659284	149.134913	-354.525729
84.500000	22807.402560	-2369.922148	147.987718	-356.703601
85.000000	22881.396419	-2548.273949	146.844710	-358.853539
85.500000	22954.818774	-2727.700719	145.705970	-360.975730
86.000000	23027.671759	-2908.188584	144.571581	-363.070366
86.500000	23099.957549	-3089.723767	143.441623	-365.137642
87.000000	23171.678361	-3272.292588	142.316174	-367.177756
87.500000	23242.836448	-3455.881466	141.195310	-369.190911
88.000000	23313.434103	-3640.476921	140.079106	-371.177312
88.500000	23383.473655	-3826.065577	138.967634	-373.137168
89.000000	23452.957472	-4012.634161	137.860965	-375.070690
89.500000	23521.887955	-4200.169506	136.759168	-376.978092
90.000000	23590.267539	-4388.658552	135.662310	-378.859591
90.500000	23658.098693	-4578.088348	134.570455	-380.715406
91.000000	23725.383921	-4768.446050	133.483668	-382.545758
91.500000	23792.125755	-4959.718929	132.402008	-384.350870
92.000000	23858.326759	-5151.894364	131.325535	-386.130969
92.500000	23923.989527	-5344.959849	130.254307	-387.886280
93.000000	23989.116680	-5538.902989	129.188378	-389.617034
93.500000	24053.710869	-5733.711506	128.127801	-391.323460
94.000000	24117.774770	-5929.373236	127.072629	-393.005791
94.500000	24181.311084	-6125.876132	126.022911	-394.664258
95.000000	24244.322540	-6323.208261	124.978694	-396.299097
95.500000	24306.811887	-6521.357810	123.940023	-397.910543
96.000000	24368.781899	-6720.313081	122.906944	-399.498831
96.500000	24430.235370	-6920.062497	121.879496	-401.064198
97.000000	24491.175118	-7120.594596	120.857721	-402.606882
97.500000	24551.603979	-7321.898037	119.841657	-404.127120
98.000000	24611.524807	-7523.961597	118.831339	-405.625151
98.500000	24670.940477	-7726.774172	117.826802	-407.101213
99.000000	24729.853878	-7930.324779	116.828080	-408.555546
99.500000	24788.267918	-8134.602552	115.835202	-409.988387
100.000000	24846.185519	-8339.596745	114.848198	-411.399975
100.500000	24903.609618	-8545.296733	113.867096	-412.790549
101.000000	24960.543166	-8751.692008	112.891921	-414.160348
101.500000	25016.989126	-8958.772182	111.922697	-415.509610
102.000000	25072.950475	-9166.526987	110.959446	-416.838572
102.500000	25128.430198	-9374.946272	110.002190	-418.147471
103.000000	25183.431293	-9584.020008	109.050947	-419.436544
103.500000	25237.956767	-9793.738280	108.105735	-420.706027
104.000000	25292.009634	-10004.091293	107.166569	-421.956155
104.500000	25345.592919	-10215.069371	106.233465	-423.187163
105.000000	25398.709651	-10426.662952	105.306435	-424.399284
105.500000	25451.362869	-10638.862595	104.385490	-425.592751
106.000000	25503.555614	-10851.658970	103.470640	-426.767795
106.500000	25555.290934	-11065.042868	102.561895	-427.924647
107.000000	25606.571882	-11279.005191	101.659261	-429.063536
107.500000	25657.401512	-11493.536959	100.762743	-430.184691
108.000000	25707.782884	-11708.629305	99.872347	-431.288338
108.500000	25757.719057	-11924.273474	98.988076	-432.374703
109.000000	25807.213095	-12140.460825	98.109930	-433.444010
109.500000	25856.268060	-12357.182831	97.237912	-434.496483
110.000000	25904.887016	-12574.431072	96.372019	-435.532342
110.500000	25953.073026	-12792.197243	95.512251	-436.551808
111.000000	26000.829152	-13010.473147	94.658605	-437.555099
111.500000	26048.158454	-13229.250696	93.811075	-438.542431
112.000000	26095.063991	-13448.521912	92.969657	-439.514021
112.500000	26141.548820	-13668.278922	92.134345	-440.470082
113.000000	26187.615992	-13888.513963	91.305130	-441.410825
113.500000	26233.268558	-14109.219376	90.482005	-442.336462
114.000000	26278.509560	-14330.387607	89.664960	-443.247200
114.500000	26323.342040	-14552.011207	88.853985	-444.143247
115.000000	26367.769033	-14774.082830	88.049067	-445.024806
115.500000	26411.793566	-14996.595234	87.250195	-445.892083
116.000000	26455.418664	-15219.541275	86.457356	-446.745277
116.500000	26498.647341	-15442.913913	85.670534	-447.584588
117.000000	26541.482609	-15666.706207	84.889716	-448.410215
117.500000	26583.927467	-15890.911315	84.114886	-449.222352
118.000000	26625.984910	-16115.522491	83.346026	-450.021194
118.500000	26667.657923	-16340.533088	82.583120	-450.806933
119.000000	26708.949482	-16565.936554	81.826148	-451.579758
119.500000	26749.862557	-16791.726433	81.075093	-452.339858
120.000000	26790.400103	-17017.896362	80.329935	-453.087419
120.500000	26830.565071	-17244.440071	79.590653	-453.822625
121.000000	26870.360398	-17471.351383	78.857227	-454.545658
121.500000	26909.789011	-17698.624213	78.129635	-455.256700
122.000000	26948.853828	-17926.252562	77.407854	-455.955927
122.500000	26987.557755	-18154.230526	76.691862	-456.643517
123.000000	27025.903687	-18382.552284	75.981636	-457.319643
123.500000	27063.894505	-18611.212106	75.277152	-457.984479
124.000000	27101.533080	-18840.204345	74.578384	-458.638194
124.500000	27138.822273	-19069.523443	73.885309	-459.280958
125.000000	27175.764927	-19299.163922	73.197901	-459.912936
125.500000	27212.363878	-19529.120390	72.516134	-460.534294
126.000000	27248.621944	-19759.387537	71.839981	-461.145193
126.500000	27284.541935	-19989.960134	71.169416	-461.745795
127.000000	27320.126642	-20220.833031	70.504411	-462.336258
127.500000	27355.378848	-20452.001160	69.844939	-462.916739
128.000000	27390.301318	-20683.459530	69.190972	-463.487392
128.500000	27424.896804	-20915.203226	68.542482	-464.048371
129.000000	27459.168045	-21147.227411	67.899440	-464.599826
129.500000	27493.117765	-21379.527324	67.261816	-465.141906
130.000000	27526.748673	-21612.098276	66.629582	-465.674758
130.500000	27560.063464	-21844.935656	66.002708	-466.198529
131.000000	27593.064818	-22078.034920	65.381164	-466.713360
131.500000	27625.755399	-22311.391600	64.764919	-467.219394
132.000000	27658.137859	-22545.001297	64.153944	-467.716769
132.500000	27690.214831	-22778.859681	63.548207	-468.205624
133.000000	27721.988935	-23012.962493	62.947679	-468.686094
133.500000	27753.462774	-23247.305540	62.352327	-469.158314
134.000000	27784.638937	-23481.884698	61.762120	-469.622416
134.500000	27815.519997	-23716.695905	61.177027	-470.078529
135.000000	27846.108511	-23951.735170	60.597017	-470.526784
135.500000	27876.407019	-24186.998562	60.022057	-470.967306
136.000000	27906.418048	-24422.482215	59.452116	-471.400220
136.500000	27936.144106	-24658.182325	58.887161	-471.825651
137.000000	27965.587686	-24894.095151	58.327160	-472.243719
137.500000	27994.751266	-25130.217010	57.772081	-472.654545
138.000000	28023.637306	-25366.544282	57.221892	-473.058246
138.500000	28052.248252	-25603.073405	56.676560	-473.454939
139.000000	28080.586532	-25839.800875	56.136052	-473.844740
139.500000	28108.654559	-26076.723245	55.600337	-474.227760
140.000000	28136.454727	-26313.837125	55.069380	-474.604112
140.500000	28163.989417	-26551.139181	54.543150	-474.973906
141.000000	28191.260992	-26788.626134	54.021613	-475.337250
141.500000	28218.271799	-27026.294759	53.504738	-475.694250
142.000000	28245.024168	-27264.141883	52.992490	-476.045012
142.500000	28271.520412	-27502.164389	52.484837	-476.389639
143.000000	28297.762831	-27740.359209	51.981747	-476.728234
143.500000	28323.753705	-27978.723326	51.483186	-477.060897
144.000000	28349.495298	-28217.253774	50.989122	-477.387726
144.500000	28374.989858	-28455.947637	50.499521	-477.708820
145.000000	28400.239619	-28694.802048	50.014351	-478.024275
145.500000	28425.246795	-28933.814185	49.533580	-478.334184
146.000000	28450.013584	-29172.981277	49.057174	-478.638642
146.500000	28474.542171	-29412.300598	48.585100	-478.937740
147.000000	28498.834721	-29651.769468	48.117327	-479.231568
147.500000	28522.893385	-29891.385252	47.653821	-479.520215
148.000000	28546.720296	-30131.145360	47.194551	-479.803770
148.500000	28570.317571	-30371.047245	46.739483	-480.082317
149.000000	28593.687312	-30611.088403	46.288585	-480.355942
149.500000	28616.831605	-30851.266374	45.841825	-480.624729
150.000000	28639.752517	-31091.578738	45.399171	-480.888759
150.500000	28662.452103	-31332.023118	44.960590	-481.148114
151.000000	28684.932398	-31572.597175	44.526051	-481.402873
151.500000	28707.195424	-31813.298611	44.095522	-481.653115
152.000000	28729.243185	-32054.125168	43.668971	-481.898917
152.500000	28751.077670	-32295.074627	43.246366	-482.140355
153.000000	28772.700853	-32536.144804	42.827675	-482.377503
153.500000	28794.114691	-32777.333556	42.412868	-482.610436
154.000000	28815.321125	-33018.638774	42.001912	-482.839226
154.500000	28836.322081	-33260.058387	41.594777	-483.063943
155.000000	28857.119469	-33501.590358	41.191431	-483.284658
155.500000	28877.715185	-33743.232687	40.791844	-483.501440
156.000000	28898.111107	-33984.983407	40.395984	-483.714357
156.500000	28918.309099	-34226.840586	40.003822	-483.923476
157.000000	28938.311010	-34468.802324	39.615325	-484.128861
157.500000	28958.118673	-34710.866754	39.230465	-484.330578
158.000000	28977.733905	-34953.032043	38.849210	-484.528691
158.500000	28997.158510	-35195.296389	38.471530	-484.723262
159.000000	29016.394275	-35437.658020	38.097397	-484.914352
159.500000	29035.442973	-35680.115195	37.726779	-485.102021
160.000000	29054.306363	-35922.666206	37.359647	-485.286330
160.500000	29072.986186	-36165.309371	36.995971	-485.467337
161.000000	29091.484172	-36408.043040	36.635723	-485.645099
161.500000	29109.802033	-36650.865589	36.278873	-485.819673
162.000000	29127.941470	-36893.775425	35.925391	-485.991115
162.500000	29145.904165	-37136.770983	35.575250	-486.159479
163.000000	29163.691791	-37379.850722	35.228421	-486.324819
163.500000	29181.306001	-37623.013131	34.884874	-486.487188
164.000000	29198.748438	-37866.256725	34.544581	-486.646638
164.500000	29216.020728	-38109.580045	34.207515	-486.803221
165.000000	29233.124486	-38352.981655	33.873647	-486.956986
165.500000	29250.061309	-38596.460148	33.542950	-487.107984
166.000000	29266.832784	-38840.014140	33.215395	-487.256262
166.500000	29283.440482	-39083.642271	32.890956	-487.401869
167.000000	29299.885960	-39327.343206	32.569604	-487.544851
167.500000	29316.170762	-39571.115631	32.251314	-487.685256
168.000000	29332.296419	-39814.958259	31.936057	-487.823128
168.500000	29348.264447	-40058.869823	31.623807	-487.958511
169.000000	29364.076351	-40302.849079	31.314537	-488.091451
169.500000	29379.733619	-40546.894804	31.008222	-488.221990
170.000000	29395.237730	-40791.005799	30.704834	-488.350170
170.500000	29410.590147	-41035.180884	30.404347	-488.476034
171.000000	29425.792321	-41279.418901	30.106737	-488.599622
171.500000	29440.845689	-41523.718712	29.811976	-488.720974
172.000000	29455.751677	-41768.079199	29.520039	-488.840131
172.500000	29470.511696	-42012.499265	29.230902	-488.957131
173.000000	29485.127147	-42256.977830	28.944538	-489.072013
173.500000	29499.599417	-42501.513837	28.660924	-489.184814
174.000000	29513.929879	-42746.106244	28.380033	-489.295571
174.500000	29528.119895	-42990.754029	28.101842	-489.404320
175.000000	29542.170816	-43235.456189	27.826326	-489.511098
175.500000	29556.083979	-43480.211738	27.553460	-489.615939
176.000000	29569.860709	-43725.019707	27.283221	-489.718877
176.500000	29583.502319	-43969.879146	27.015584	-489.819948
177.000000	29597.010111	-44214.789120	26.750526	-489.919183
177.500000	29610.385374	-44459.748711	26.488024	-490.016617
178.000000	29623.629387	-44704.757020	26.228054	-490.112280
178.500000	29636.743413	-44949.813159	25.970592	-490.206205
179.000000	29649.728709	-45194.916262	25.715616	-490.298422
179.500000	29662.586517	-45440.065473	25.463103	-490.388963
180.000000	29675.318069	-45685.259954	25.213030	-490.477857
180.500000	29687.924584	-45930.498883	24.965375	-490.565134
181.000000	29700.407271	-46175.781450	24.720115	-490.650822
181.500000	29712.767329	-46421.106861	24.477228	-490.734950
182.000000	29725.005943	-46666.474336	24.236693	-490.817547
182.500000	29737.124289	-46911.883109	23.998487	-490.898639
183.000000	29749.123533	-47157.332429	23.762589	-490.978254
183.500000	29761.004828	-47402.821556	23.528978	-491.056418
184.000000	29772.769317	-47648.349764	23.297632	-491.133156
184.500000	29784.418133	-47893.916343	23.068530	-491.208496
185.000000	29795.952397	-48139.520591	22.841651	-491.282462
185.500000	29807.373223	-48385.161822	22.616974	-491.355078
186.000000	29818.681710	-48630.839361	22.394480	-491.426369
186.500000	29829.878950	-48876.552545	22.174146	-491.496359
187.000000	29840.966023	-49122.300725	21.955954	-491.565071
187.500000	29851.944000	-49368.083261	21.739884	-491.632529
188.000000	29862.813942	-49613.899525	21.525914	-491.698754
188.500000	29873.576899	-49859.748902	21.314026	-491.763769
189.000000	29884.233912	-50105.630786	21.104200	-491.827596
189.500000	29894.786012	-50351.544585	20.896416	-491.890257
190.000000	29905.234220	-50597.489713	20.690656	-491.951772
190.500000	29915.579548	-50843.465599	20.486900	-492.012162
191.000000	29925.822998	-51089.471680	20.285129	-492.071447
191.500000	29935.965562	-51335.507403	20.085325	-492.129648
192.000000	29946.008225	-51581.572227	19.887469	-492.186783
192.500000	29955.951959	-51827.665619	19.691542	-492.242873
193.000000	29965.797730	-52073.787055	19.497526	-492.297936
193.500000	29975.546493	-52319.936024	19.305404	-492.351991
194.000000	29985.199195	-52566.112019	19.115157	-492.405056
194.500000	29994.756774	-52812.314547	18.926767	-492.457149
195.000000	30004.220158	-53058.543121	18.740217	-492.508287
195.500000	30013.590266	-53304.797265	18.555489	-492.558488
196.000000	30022.868011	-53551.076509	18.372566	-492.607769
196.500000	30032.054294	-53797.380393	18.191431	-492.656146
197.000000	30041.150010	-54043.708466	18.012067	-492.703636
197.500000	30050.156043	-54290.060284	17.834456	-492.750256
198.000000	30059.073271	-54536.435412	17.658582	-492.796020
198.500000	30067.902562	-54782.833422	17.484429	-492.840944
199.000000	30076.644776	-55029.253894	17.311979	-492.885044
199.500000	30085.300766	-55275.696416	17.141218	-492.928335
200.000000	30093.871375	-55522.160584	16.972128	-492.970831
200.500000	30102.357439	-55768.645999	16.804694	-493.012546
201.000000	30110.759786	-56015.152272	16.638899	-493.053495
201.500000	30119.079235	-56261.679020	16.474728	-493.093693
202.000000	30127.316599	-56508.225866	16.312166	-493.133152
202.500000	30135.472682	-56754.792442	16.151196	-493.171885
203.000000	30143.548280	-57001.378385	15.991805	-493.209907
203.500000	30151.544182	-57247.983338	15.833975	-493.247230
204.000000	30159.461170	-57494.606953	15.677694	-493.283867
204.500000	30167.300017	-57741.248887	15.522944	-493.319830
205.000000	30175.061489	-57987.908802	15.369713	-493.355132
205.500000	30182.746346	-58234.586368	15.217985	-493.389785
206.000000	30190.355338	-58481.281261	15.067746	-493.423800
206.500000	30197.889211	-58727.993161	14.918981	-493.457189
207.000000	30205.348701	-58974.721755	14.771676	-493.489964
207.500000	30212.734539	-59221.466737	14.625817	-493.522136
208.000000	30220.047448	-59468.227805	14.481390	-493.553715
208.500000	30227.288143	-59715.004662	14.338382	-493.584713
209.000000	30234.457334	-59961.797019	14.196778	-493.615140
209.500000	30241.555723	-60208.604589	14.056565	-493.645007
210.000000	30248.584006	-60455.427092	13.917730	-493.674323
210.500000	30255.542870	-60702.264254	13.780259	-493.703100
211.000000	30262.433000	-60949.115804	13.644139	-493.731346
211.500000	30269.255069	-61195.981477	13.509356	-493.759072
212.000000	30276.009748	-61442.861014	13.375899	-493.786287
212.500000	30282.697697	-61689.754157	13.243754	-493.813000
213.000000	30289.319574	-61936.660657	13.112908	-493.839221
213.500000	30295.876028	-62183.580268	12.983349	-493.864959
214.000000	30302.367703	-62430.512747	12.855065	-493.890221
214.500000	30308.795235	-62677.457858	12.728042	-493.915018
215.000000	30315.159256	-62924.415367	12.602269	-493.939357
215.500000	30321.460390	-63171.385045	12.477733	-493.963248
216.000000	30327.699257	-63418.366669	12.354423	-493.986697
216.500000	30333.876468	-63665.360018	12.232326	-494.009714
217.000000	30339.992631	-63912.364875	12.111431	-494.032306
217.500000	30346.048347	-64159.381028	11.991727	-494.054481
218.000000	30352.044210	-64406.408268	11.873200	-494.076246
218.500000	30357.980810	-64653.446391	11.755841	-494.097610
219.000000	30363.858731	-64900.495196	11.639638	-494.118579
219.500000	30369.678550	-65147.554486	11.524579	-494.139161
220.000000	30375.440839	-65394.624067	11.410653	-494.159363
220.500000	30381.146165	-65641.703748	11.297849	-494.179192
221.000000	30386.795090	-65888.793344	11.186157	-494.198654
221.500000	30392.388168	-66135.892671	11.075565	-494.217757
222.000000	30397.925951	-66383.001550	10.966062	-494.236506
222.500000	30403.408982	-66630.119803	10.857639	-494.254909
223.000000	30408.837801	-66877.247258	10.750284	-494.272972
223.500000	30414.212943	-67124.383744	10.643988	-494.290701
224.000000	30419.534937	-67371.529095	10.538739	-494.308103
224.500000	30424.804307	-67618.683146	10.434527	-494.325182
225.000000	30430.021570	-67865.845737	10.331343	-494.341946
225.500000	30435.187242	-68113.016710	10.229177	-494.358399
226.000000	30440.301831	-68360.195910	10.128018	-494.374549
226.500000	30445.365839	-68607.383184	10.027856	-494.390399
227.000000	30450.379767	-68854.578383	9.928682	-494.405956
227.500000	30455.344108	-69101.781361	9.830486	-494.421226
228.000000	30460.259351	-69348.991974	9.733259	-494.436212
228.500000	30465.125981	-69596.210080	9.636991	-494.450922
229.000000	30469.944476	-69843.435541	9.541672	-494.465359
229.500000	30474.715312	-70090.668221	9.447294	-494.479529
230.000000	30479.438960	-70337.907985	9.353847	-494.493436
230.500000	30484.115883	-70585.154703	9.261322	-494.507086
231.000000	30488.746544	-70832.408246	9.169711	-494.520483
231.500000	30493.331400	-71079.668487	9.079003	-494.533632
232.000000	30497.870901	-71326.935304	8.989190	-494.546538
232.500000	30502.365496	-71574.208573	8.900264	-494.559204
233.000000	30506.815628	-71821.488175	8.812216	-494.571636
233.500000	30511.221736	-72068.773993	8.725036	-494.583837
234.000000	30515.584254	-72316.065911	8.638718	-494.595813
234.500000	30519.903613	-72563.363818	8.553251	-494.607566
235.000000	30524.180239	-72810.667601	8.468629	-494.619102
235.500000	30528.414553	-73057.977152	8.384841	-494.630424
236.000000	30532.606974	-73305.292364	8.301881	-494.641535
236.500000	30536.757915	-73552.613131	8.219741	-494.652441
237.000000	30540.867785	-73799.939352	8.138411	-494.663145
237.500000	30544.936991	-74047.270925	8.057885	-494.673650
238.000000	30548.965933	-74294.607750	7.978154	-494.683960
238.500000	30552.955010	-74541.949730	7.899210	-494.694080
239.000000	30556.904615	-74789.296770	7.821047	-494.704011
239.500000	30560.815138	-75036.648775	7.743655	-494.713758
240.000000	30564.686966	-75284.005654	7.667028	-494.723325
240.500000	30568.520480	-75531.367317	7.591157	-494.732713
241.000000	30572.316058	-75778.733673	7.516037	-494.741928
241.500000	30576.074077	-76026.104637	7.441658	-494.750972
242.000000	30579.794906	-76273.480123	7.368014	-494.759847
242.500000	30583.478913	-76520.860047	7.295098	-494.768558
243.000000	30587.126462	-76768.244326	7.222903	-494.777108
243.500000	30590.737913	-77015.632880	7.151421	-494.785498
244.000000	30594.313624	-77263.025629	7.080645	-494.793733
244.500000	30597.853946	-77510.422496	7.010568	-494.801815
245.000000	30601.359230	-77757.823403	6.941185	-494.809747
245.500000	30604.829823	-78005.228277	6.872487	-494.817531
246.000000	30608.266066	-78252.637042	6.804468	-494.825171
246.500000	30611.668300	-78500.049628	6.737121	-494.832669
247.000000	30615.036860	-78747.465963	6.670440	-494.840028
247.500000	30618.372080	-78994.885977	6.604418	-494.847250
248.000000	30621.674289	-79242.309602	6.539048	-494.854338
248.500000	30624.943813	-79489.736771	6.474325	-494.861294
249.000000	30628.180975	-79737.167418	6.410242	-494.868121
249.500000	30631.386096	-79984.601478	6.346792	-494.874821
250.000000	30634.559492	-80232.038888	6.283969	-494.881396
250.500000	30637.701477	-80479.479587	6.221768	-494.887849
251.000000	30640.812361	-80726.923511	6.160182	-494.894183
251.500000	30643.892451	-80974.370603	6.099204	-494.900398
252.000000	30646.942053	-81221.820802	6.038829	-494.906498
252.500000	30649.961468	-81469.274051	5.979052	-494.912485
253.000000	30652.950994	-81716.730293	5.919865	-494.918360
253.500000	30655.910927	-81964.189473	5.861264	-494.924126
254.000000	30658.841559	-82211.651536	5.803243	-494.929784
254.500000	30661.743180	-82459.116428	5.745795	-494.935338
255.000000	30664.616078	-82706.584097	5.688915	-494.940788
255.500000	30667.460535	-82954.054491	5.632598	-494.946137
256.000000	30670.276834	-83201.527559	5.576837	-494.951386
256.500000	30673.065253	-83449.003252	5.521629	-494.956537
257.000000	30675.826067	-83696.481521	5.466966	-494.961593
257.500000	30678.559550	-83943.962317	5.412844	-494.966554
258.000000	30681.265972	-84191.445594	5.359257	-494.971424
258.500000	30683.945600	-84438.931306	5.306200	-494.976202
259.000000	30686.598700	-84686.419407	5.253669	-494.980892
259.500000	30689.225535	-84933.909853	5.201656	-494.985494
260.000000	30691.826363	-85181.402600	5.150159	-494.990011
260.500000	30694.401442	-85428.897606	5.099170	-494.994443
261.000000	30696.951027	-85676.394827	5.048686	-494.998793
261.500000	30699.475370	-85923.894224	4.998702	-495.003062
262.000000	30701.974721	-86171.395755	4.949212	-495.007252
262.500000	30704.449327	-86418.899381	4.900212	-495.011363
263.000000	30706.899433	-86666.405063	4.851696	-495.015398
263.500000	30709.325281	-86913.912762	4.803660	-495.019358
264.000000	30711.727111	-87161.422441	4.756100	-495.023244
264.500000	30714.105161	-87408.934063	4.709010	-495.027058
265.000000	30716.459666	-87656.447592	4.662386	-495.030800
265.500000	30718.790860	-87903.962992	4.616224	-495.034473
266.000000	30721.098972	-88151.480228	4.570518	-495.038077
266.500000	30723.384231	-88398.999267	4.525265	-495.041614
267.000000	30725.646863	-88646.520074	4.480459	-495.045086
267.500000	30727.887092	-88894.042617	4.436096	-495.048492
268.000000	30730.105140	-89141.566863	4.392173	-495.051835
268.500000	30732.301227	-89389.092780	4.348684	-495.055116
269.000000	30734.475569	-89636.620338	4.305626	-495.058335
269.500000	30736.628382	-89884.149506	4.262993	-495.061495
270.000000	30738.759879	-90131.680253	4.220783	-495.064595
270.500000	30740.870270	-90379.212551	4.178990	-495.067638
271.000000	30742.959765	-90626.746370	4.137611	-495.070624
271.500000	30745.028571	-90874.281682	4.096642	-495.073555
272.000000	30747.076892	-91121.818460	4.056077	-495.076430
272.500000	30749.104930	-91369.356675	4.015915	-495.079252
273.000000	30751.112888	-91616.896301	3.976149	-495.082022
273.500000	30753.100962	-91864.437312	3.936778	-495.084739
274.000000	30755.069351	-92111.979681	3.897796	-495.087407
274.500000	30757.018249	-92359.523385	3.859200	-495.090024
275.000000	30758.947849	-92607.068397	3.820985	-495.092592
275.500000	30760.858341	-92854.614693	3.783149	-495.095113
276.000000	30762.749916	-93102.162249	3.745688	-495.097586
276.500000	30764.622760	-93349.711042	3.708597	-495.100013
277.000000	30766.477059	-93597.261049	3.671874	-495.102395
277.500000	30768.312996	-93844.812247	3.635514	-495.104733
278.000000	30770.130752	-94092.364613	3.599513	-495.107027
278.500000	30771.930509	-94339.918127	3.563870	-495.109278
279.000000	30773.712444	-94587.472766	3.528579	-495.111487
279.500000	30775.476733	-94835.028509	3.493637	-495.113655
280.000000	30777.223552	-95082.585337	3.459041	-495.115782
280.500000	30778.953072	-95330.143228	3.424788	-495.117870
281.000000	30780.665466	-95577.702163	3.390873	-495.119918
281.500000	30782.360903	-95825.262122	3.357295	-495.121929
282.000000	30784.039550	-96072.823086	3.324049	-495.123902
282.500000	30785.701575	-96320.385037	3.291132	-495.125837
283.000000	30787.347140	-96567.947956	3.258540	-495.127737
283.500000	30788.976411	-96815.511824	3.226272	-495.129602
284.000000	30790.589547	-97063.076625	3.194323	-495.131431
284.500000	30792.186708	-97310.642340	3.162690	-495.133226
285.000000	30793.768053	-97558.208954	3.131370	-495.134988
285.500000	30795.333738	-97805.776448	3.100361	-495.136717
286.000000	30796.883918	-98053.344806	3.069658	-495.138413
286.500000	30798.418747	-98300.914013	3.039259	-495.140078
287.000000	30799.938377	-98548.484052	3.009161	-495.141712
287.500000	30801.442958	-98796.054908	2.979362	-495.143315
288.000000	30802.932638	-99043.626565	2.949857	-495.144888
288.500000	30804.407567	-99291.199009	2.920644	-495.146432
289.000000	30805.867889	-99538.772225	2.891721	-495.147947
289.500000	30807.313750	-99786.346199	2.863084	-495.149433
290.000000	30808.745291	-100033.920916	2.834730	-495.150892
290.500000	30810.162657	-100281.496362	2.806657	-495.152324
291.000000	30811.565985	-100529.072524	2.778862	-495.153729
291.500000	30812.955416	-100776.649388	2.751343	-495.155107
292.000000	30814.331088	-101024.226941	2.724096	-495.156460
292.500000	30815.693136	-101271.805171	2.697118	-495.157787
293.000000	30817.041695	-101519.384065	2.670408	-495.159090
293.500000	30818.376898	-101766.963610	2.643962	-495.160368
294.000000	30819.698879	-102014.543794	2.617778	-495.161622
294.500000	30821.007768	-102262.124605	2.591853	-495.162853
295.000000	30822.303695	-102509.706031	2.566185	-495.164061
295.500000	30823.586787	-102757.288062	2.540771	-495.165246
296.000000	30824.857172	-103004.870685	2.515608	-495.166409
296.500000	30826.114976	-103252.453889	2.490695	-495.167550
297.000000	30827.360324	-103500.037665	2.466029	-495.168670
297.500000	30828.593338	-103747.622000	2.441606	-495.169769
298.000000	30829.814141	-103995.206884	2.417426	-495.170848
298.500000	30831.022854	-104242.792308	2.393485	-495.171906
299.000000	30832.219597	-104490.378261	2.369781	-495.172944
299.500000	30833.404487	-104737.964733	2.346311	-495.173963
300.000000	30834.577643	-104985.551715	2.323075	-495.174963
300.500000	30835.739180	-105233.139196	2.300068	-495.175944
301.000000	30836.889214	-105480.727168	2.277289	-495.176907
301.500000	30838.027858	-105728.315622	2.254735	-495.177852
302.000000	30839.155226	-105975.904548	2.232405	-495.178779
302.500000	30840.271428	-106223.493937	2.210296	-495.179688
303.000000	30841.376576	-106471.083781	2.188406	-495.180581
303.500000	30842.470779	-106718.674072	2.166733	-495.181457
304.000000	30843.554146	-106966.264800	2.145274	-495.182317
304.500000	30844.626783	-107213.855959	2.124028	-495.183160
305.000000	30845.688797	-107461.447539	2.102992	-495.183988
305.500000	30846.740293	-107709.039532	2.082164	-495.184800
306.000000	30847.781375	-107956.631932	2.061543	-495.185597
306.500000	30848.812146	-108204.224731	2.041126	-495.186379
307.000000	30849.832709	-108451.817920	2.020911	-495.187146
307.500000	30850.843165	-108699.411493	2.000896	-495.187899
308.000000	30851.843613	-108947.005443	1.981080	-495.188638
308.500000	30852.834153	-109194.599762	1.961459	-495.189363
309.000000	30853.814882	-109442.194443	1.942033	-495.190074
309.500000	30854.785899	-109689.789480	1.922800	-495.190772
310.000000	30855.747299	-109937.384867	1.903756	-495.191457
310.500000	30856.699177	-110184.980595	1.884902	-495.192130
311.000000	30857.641628	-110432.576660	1.866234	-495.192789
311.500000	30858.574745	-110680.173055	1.847751	-495.193436
312.000000	30859.498620	-110927.769773	1.829451	-495.194071
312.500000	30860.413346	-111175.366809	1.811332	-495.194695
313.000000	30861.319012	-111422.964156	1.793393	-495.195306
313.500000	30862.215708	-111670.561809	1.775631	-495.195906
314.000000	30863.103524	-111918.159762	1.758045	-495.196495
314.500000	30863.982546	-112165.758010	1.740634	-495.197073
315.000000	30864.852863	-112413.356546	1.723394	-495.197640
315.500000	30865.714560	-112660.955366	1.706326	-495.198196
316.000000	30866.567723	-112908.554464	1.689426	-495.198742
316.500000	30867.412436	-113156.153834	1.672694	-495.199277
317.000000	30868.248784	-113403.753473	1.656128	-495.199803
317.500000	30869.076847	-113651.353374	1.639725	-495.200318
318.000000	30869.896710	-113898.953533	1.623485	-495.200824
318.500000	30870.708453	-114146.553946	1.607406	-495.201321
319.000000	30871.512156	-114394.154606	1.591486	-495.201808
319.500000	30872.307899	-114641.755510	1.575724	-495.202286
320.000000	30873.095761	-114889.356653	1.560118	-495.202755
320.500000	30873.875820	-115136.958031	1.544667	-495.203216
321.000000	30874.648154	-115384.559639	1.529368	-495.203667
321.500000	30875.412838	-115632.161472	1.514221	-495.204110
322.000000	30876.169948	-115879.763527	1.499224	-495.204545
322.500000	30876.919560	-116127.365800	1.484375	-495.204972
323.000000	30877.661748	-116374.968286	1.469674	-495.205391
323.500000	30878.396585	-116622.570981	1.455118	-495.205801
324.000000	30879.124144	-116870.173882	1.440706	-495.206205
324.500000	30879.844497	-117117.776984	1.426437	-495.206600
325.000000	30880.557715	-117365.380284	1.412310	-495.206988
325.500000	30881.263870	-117612.983778	1.398322	-495.207369
326.000000	30881.963031	-117860.587463	1.384473	-495.207743
326.500000	30882.655268	-118108.191334	1.370761	-495.208109
327.000000	30883.340648	-118355.795389	1.357184	-495.208469
327.500000	30884.019240	-118603.399623	1.343742	-495.208822
328.000000	30884.691111	-118851.004034	1.330434	-495.209169
328.500000	30885.356328	-119098.608619	1.317257	-495.209508
329.000000	30886.014956	-119346.213373	1.304210	-495.209842
329.500000	30886.667062	-119593.818294	1.291293	-495.210169
330.000000	30887.312708	-119841.423378	1.278504	-495.210490
330.500000	30887.951960	-120089.028624	1.265841	-495.210805
331.000000	30888.584881	-120336.634026	1.253304	-495.211114
331.500000	30889.211533	-120584.239583	1.240891	-495.211418
332.000000	30889.831978	-120831.845292	1.228601	-495.211715
332.500000	30890.446279	-121079.451150	1.216433	-495.212007
333.000000	30891.054495	-121327.057154	1.204385	-495.212294
333.500000	30891.656687	-121574.663301	1.192456	-495.212575
334.000000	30892.252915	-121822.269588	1.180646	-495.212851
334.500000	30892.843238	-122069.876014	1.168952	-495.213122
335.000000	30893.427714	-122317.482575	1.157375	-495.213387
335.500000	30894.006402	-122565.089269	1.145912	-495.213648
336.000000	30894.579358	-122812.696093	1.134562	-495.213904
336.500000	30895.146639	-123060.303045	1.123325	-495.214155
337.000000	30895.708301	-123307.910122	1.112199	-495.214401
337.500000	30896.264401	-123555.517322	1.101184	-495.214642
338.000000	30896.814993	-123803.124644	1.090277	-495.214879
338.500000	30897.360131	-124050.732083	1.079479	-495.215112
339.000000	30897.899871	-124298.339639	1.068787	-495.215340
339.500000	30898.434265	-124545.947309	1.058202	-495.215564
340.000000	30898.963365	-124793.555092	1.047721	-495.215784
340.500000	30899.487226	-125041.162983	1.037344	-495.215999
341.000000	30900.005898	-125288.770983	1.027070	-495.216211
341.500000	30900.519433	-125536.379089	1.016897	-495.216419
342.000000	30901.027881	-125783.987298	1.006826	-495.216622
342.500000	30901.531294	-126031.595609	0.996854	-495.216822
343.000000	30902.029721	-126279.204020	0.986980	-495.217018
343.500000	30902.523211	-126526.812529	0.977205	-495.217210
344.000000	30903.011814	-126774.421134	0.967526	-495.217399
344.500000	30903.495577	-127022.029834	0.957944	-495.217584
345.000000	30903.974549	-127269.638626	0.948456	-495.217766
345.500000	30904.448777	-127517.247509	0.939062	-495.217944
346.000000	30904.918308	-127764.856481	0.929761	-495.218119
346.500000	30905.383188	-128012.465541	0.920552	-495.218291
347.000000	30905.843465	-128260.074686	0.911435	-495.218459
347.500000	30906.299182	-128507.683916	0.902408	-495.218625
348.000000	30906.750386	-128755.293228	0.893470	-495.218787
348.500000	30907.197121	-129002.902621	0.884621	-495.218946
349.000000	30907.639431	-129250.512094	0.875859	-495.219102
349.500000	30908.077361	-129498.121645	0.867184	-495.219255
350.000000	30908.510953	-129745.731273	0.858595	-495.219405
350.500000	30908.940251	-129993.340975	0.850091	-495.219553
351.000000	30909.365296	-130240.950752	0.841672	-495.219697
351.500000	30909.786132	-130488.560600	0.833335	-495.219839
352.000000	30910.202800	-130736.170520	0.825082	-495.219979
352.500000	30910.615341	-130983.780509	0.816910	-495.220115
353.000000	30911.023796	-131231.390567	0.808819	-495.220249
353.500000	30911.428205	-131479.000691	0.800808	-495.220381
354.000000	30911.828609	-131726.610882	0.792876	-495.220510
354.500000	30912.225047	-131974.221137	0.785023	-495.220637
355.000000	30912.617559	-132221.831455	0.777248	-495.220761
355.500000	30913.006183	-132469.441835	0.769550	-495.220883
356.000000	30913.390958	-132717.052277	0.761928	-495.221002
356.500000	30913.771922	-132964.662778	0.754382	-495.221120
357.000000	30914.149113	-133212.273338	0.746910	-495.221235
357.500000	30914.522568	-133459.883955	0.739512	-495.221348
358.000000	30914.892324	-133707.494629	0.732188	-495.221459
358.500000	30915.258418	-133955.105359	0.724936	-495.221568
359.000000	30915.620886	-134202.716142	0.717756	-495.221674
359.500000	30915.979764	-134450.326980	0.710647	-495.221779
360.000000	30916.335087	-134697.937869	0.703608	-495.221882
360.500000	30916.686891	-134945.548810	0.696639	-495.221983
361.000000	30917.035211	-135193.159801	0.689740	-495.222081
361.500000	30917.380081	-135440.770842	0.682908	-495.222178
362.000000	30917.721535	-135688.381931	0.676144	-495.222274
362.500000	30918.059607	-135935.993068	0.669447	-495.222367
363.000000	30918.394330	-136183.604252	0.662817	-495.222459
363.500000	30918.725739	-136431.215481	0.656252	-495.222549
364.000000	30919.053865	-136678.826755	0.649752	-495.222637
364.500000	30919.378741	-136926.438074	0.643317	-495.222724
365.000000	30919.700399	-137174.049436	0.636945	-495.222808
365.500000	30920.018872	-137421.660840	0.630636	-495.222892
366.000000	30920.334190	-137669.272286	0.624390	-495.222974
366.500000	30920.646385	-137916.883772	0.618206	-495.223054
367.000000	30920.955488	-138164.495299	0.612083	-495.223133
367.500000	30921.261530	-138412.106866	0.606021	-495.223210
368.000000	30921.564540	-138659.718471	0.600018	-495.223286
368.500000	30921.864549	-138907.330113	0.594076	-495.223360
369.000000	30922.161587	-139154.941793	0.588191	-495.223433
369.500000	30922.455683	-139402.553510	0.582366	-495.223504
370.000000	30922.746866	-139650.165262	0.576598	-495.223575
370.500000	30923.035164	-139897.777049	0.570887	-495.223644
371.000000	30923.320608	-140145.388871	0.565233	-495.223711
371.500000	30923.603224	-140393.000726	0.559634	-495.223777
372.000000	30923.883041	-140640.612615	0.554091	-495.223843
372.500000	30924.160087	-140888.224536	0.548603	-495.223906
373.000000	30924.434389	-141135.836490	0.543170	-495.223969
373.500000	30924.705973	-141383.448474	0.537790	-495.224030
374.000000	30924.974868	-141631.060489	0.532463	-495.224091
374.500000	30925.241100	-141878.672535	0.527190	-495.224150
375.000000	30925.504695	-142126.284610	0.521968	-495.224208
375.500000	30925.765679	-142373.896714	0.516798	-495.224265
376.000000	30926.024078	-142621.508846	0.511680	-495.224321
376.500000	30926.279918	-142869.121007	0.506612	-495.224376
377.000000	30926.533223	-143116.733194	0.501594	-495.224429
377.500000	30926.784020	-143364.345409	0.496626	-495.224482
378.000000	30927.032333	-143611.957650	0.491707	-495.224534
378.500000	30927.278187	-143859.569917	0.486837	-495.224585
379.000000	30927.521605	-144107.182210	0.482015	-495.224635
379.500000	30927.762613	-144354.794527	0.477241	-495.224684
380.000000	30928.001233	-144602.406869	0.472514	-495.224731
380.500000	30928.237490	-144850.019234	0.467834	-495.224779
381.000000	30928.471407	-145097.631624	0.463200	-495.224825
381.500000	30928.703008	-145345.244036	0.458613	-495.224870
382.000000	30928.932314	-145592.856471	0.454070	-495.224915
382.500000	30929.159349	-145840.468928	0.449573	-495.224958
383.000000	30929.384135	-146088.081407	0.445120	-495.225001
383.500000	30929.606696	-146335.693908	0.440711	-495.225043
384.000000	30929.827051	-146583.306429	0.436346	-495.225084
384.500000	30930.045225	-146830.918971	0.432025	-495.225125
385.000000	30930.261237	-147078.531534	0.427746	-495.225164
385.500000	30930.475110	-147326.144116	0.423509	-495.225203
386.000000	30930.686864	-147573.756717	0.419314	-495.225241
386.500000	30930.896521	-147821.369338	0.415161	-495.225279
387.000000	30931.104102	-148068.981977	0.411049	-495.225315
387.500000	30931.309627	-148316.594635	0.406978	-495.225352
388.000000	30931.513116	-148564.207311	0.402947	-495.225387
388.500000	30931.714589	-148811.820004	0.398956	-495.225422
389.000000	30931.914068	-149059.432715	0.395005	-495.225456
389.500000	30932.111570	-149307.045443	0.391092	-495.225489
390.000000	30932.307116	-149554.658187	0.387219	-495.225522
390.500000	30932.500725	-149802.270948	0.383384	-495.225554
391.000000	30932.692417	-150049.883725	0.379586	-495.225585
391.500000	30932.882210	-150297.496518	0.375827	-495.225616
392.000000	30933.070124	-150545.109326	0.372104	-495.225647
392.500000	30933.256176	-150792.722150	0.368419	-495.225677
393.000000	30933.440385	-151040.334988	0.364770	-495.225706
393.500000	30933.622770	-151287.947841	0.361157	-495.225735
394.000000	30933.803349	-151535.560708	0.357580	-495.225763
394.500000	30933.982139	-151783.173589	0.354038	-495.225790
395.000000	30934.159158	-152030.786485	0.350532	-495.225817
395.500000	30934.334424	-152278.399393	0.347060	-495.225844
396.000000	30934.507954	-152526.012315	0.343622	-495.225870
396.500000	30934.679765	-152773.625250	0.340219	-495.225896
397.000000	30934.849874	-153021.238198	0.336849	-495.225921
397.500000	30935.018299	-153268.851158	0.333513	-495.225945
398.000000	30935.185055	-153516.464131	0.330210	-495.225969
398.500000	30935.350160	-153764.077116	0.326939	-495.225993
399.000000	30935.513630	-154011.690112	0.323701	-495.226016
399.500000	30935.675480	-154259.303120	0.320495	-495.226039
400.000000	30935.835727	-154506.916140	0.317320	-495.226062
400.500000	30935.994388	-154754.529171	0.314178	-495.226083
401.000000	30936.151476	-155002.142212	0.311066	-495.226105
401.500000	30936.307009	-155249.755265	0.307985	-495.226126
402.000000	30936.461002	-155497.368328	0.304934	-495.226147
402.500000	30936.613469	-155744.981401	0.301914	-495.226167
403.000000	30936.764426	-155992.594485	0.298924	-495.226187
403.500000	30936.913888	-156240.207578	0.295963	-495.226207
404.000000	30937.061869	-156487.820682	0.293032	-495.226226
404.500000	30937.208385	-156735.433795	0.290129	-495.226245
405.000000	30937.353450	-156983.046917	0.287256	-495.226263
405.500000	30937.497078	-157230.660049	0.284411	-495.226281
406.000000	30937.639283	-157478.273190	0.281594	-495.226299
406.500000	30937.780080	-157725.886339	0.278805	-495.226317
407.000000	30937.919482	-157973.499497	0.276043	-495.226334
407.500000	30938.057504	-158221.112664	0.273309	-495.226351
408.000000	30938.194158	-158468.725840	0.270602	-495.226367
408.500000	30938.329459	-158716.339023	0.267922	-495.226383
409.000000	30938.463420	-158963.952215	0.265268	-495.226399
409.500000	30938.596055	-159211.565414	0.262641	-495.226415
410.000000	30938.727375	-159459.178622	0.260040	-495.226430
410.500000	30938.857395	-159706.791837	0.257464	-495.226445
411.000000	30938.986127	-159954.405059	0.254914	-495.226460
411.500000	30939.113584	-160202.018289	0.252389	-495.226474
412.000000	30939.239779	-160449.631526	0.249889	-495.226488
412.500000	30939.364723	-160697.244770	0.247414	-495.226502
413.000000	30939.488430	-160944.858021	0.244964	-495.226516
413.500000	30939.610912	-161192.471279	0.242538	-495.226529
414.000000	30939.732181	-161440.084544	0.240135	-495.226542
414.500000	30939.852249	-161687.697815	0.237757	-495.226555
415.000000	30939.971127	-161935.311092	0.235402	-495.226568
415.500000	30940.088828	-162182.924376	0.233071	-495.226580
416.000000	30940.205363	-162430.537666	0.230762	-495.226592
416.500000	30940.320745	-162678.150962	0.228476	-495.226604
417.000000	30940.434983	-162925.764264	0.226214	-495.226616
417.500000	30940.548090	-163173.377572	0.223973	-495.226627
418.000000	30940.660076	-163420.990886	0.221755	-495.226639
418.500000	30940.770953	-163668.604205	0.219558	-495.226650
419.000000	30940.880732	-163916.217530	0.217384	-495.226660
419.500000	30940.989424	-164163.830860	0.215231	-495.226671
420.000000	30941.097040	-164411.444196	0.213099	-495.226681
420.500000	30941.203589	-164659.057536	0.210988	-495.226692
421.000000	30941.309083	-164906.670882	0.208898	-495.226702
421.500000	30941.413532	-165154.284233	0.206829	-495.226712
422.000000	30941.516947	-165401.897589	0.204781	-495.226721
422.500000	30941.619337	-165649.510949	0.202753	-495.226731
423.000000	30941.720714	-165897.124315	0.200744	-495.226740
423.500000	30941.821086	-166144.737685	0.198756	-495.226749
424.000000	30941.920464	-166392.351059	0.196788	-495.226758
424.500000	30942.018858	-166639.964438	0.194838	-495.226767
425.000000	30942.116277	-166887.577822	0.192909	-495.226775
425.500000	30942.212731	-167135.191209	0.190998	-495.226784
426.000000	30942.308230	-167382.804601	0.189106	-495.226792
426.500000	30942.402783	-167630.417997	0.187233	-495.226800
427.000000	30942.496400	-167878.031398	0.185379	-495.226808
427.500000	30942.589089	-168125.644802	0.183543	-495.226816
428.000000	30942.680860	-168373.258210	0.181725	-495.226824
428.500000	30942.771723	-168620.871622	0.179925	-495.226831
429.000000	30942.861685	-168868.485037	0.178143	-495.226839
429.500000	30942.950757	-169116.098457	0.176378	-495.226846
430.000000	30943.038946	-169363.711880	0.174631	-495.226853
430.500000	30943.126262	-169611.325306	0.172902	-495.226860
431.000000	30943.212712	-169858.938736	0.171189	-495.226867
431.500000	30943.298307	-170106.552169	0.169494	-495.226874
432.000000	30943.383054	-170354.165606	0.167815	-495.226880
432.500000	30943.466961	-170601.779046	0.166153	-495.226887
433.000000	30943.550038	-170849.392490	0.164507	-495.226893
433.500000	30943.632291	-171097.005936	0.162878	-495.226899
434.000000	30943.713730	-171344.619386	0.161265	-495.226905
434.500000	30943.794363	-171592.232838	0.159667	-495.226911
435.000000	30943.874196	-171839.846294	0.158086	-495.226917
435.500000	30943.953239	-172087.459752	0.156520	-495.226923
436.000000	30944.031499	-172335.073214	0.154970	-495.226929
436.500000	30944.108984	-172582.686678	0.153435	-495.226934
437.000000	30944.185702	-172830.300145	0.151915	-495.226940
437.500000	30944.261659	-173077.913615	0.150411	-495.226945
438.000000	30944.336865	-173325.527087	0.148921	-495.226950
438.500000	30944.411325	-173573.140562	0.147446	-495.226955
439.000000	30944.485048	-173820.754040	0.145985	-495.226960
439.500000	30944.558041	-174068.367520	0.144540	-495.226965
440.000000	30944.630310	-174315.981003	0.143108	-495.226970
440.500000	30944.701864	-174563.594488	0.141691	-495.226975
441.000000	30944.772710	-174811.207975	0.140287	-495.226979
441.500000	30944.842853	-175058.821465	0.138898	-495.226984
442.000000	30944.912302	-175306.434957	0.137522	-495.226989
442.500000	30944.981063	-175554.048451	0.136160	-495.226993
443.000000	30945.049143	-175801.661948	0.134811	-495.226997
443.500000	30945.116549	-176049.275446	0.133476	-495.227002
444.000000	30945.183287	-176296.888947	0.132154	-495.227006
444.500000	30945.249364	-176544.502450	0.130845	-495.227010
445.000000	30945.314786	-176792.115955	0.129549	-495.227014
445.500000	30945.379561	-177039.729462	0.128266	-495.227018
446.000000	30945.443694	-177287.342971	0.126996	-495.227022
446.500000	30945.507192	-177534.956482	0.125738	-495.227025
447.000000	30945.570060	-177782.569994	0.124492	-495.227029
447.500000	30945.632307	-178030.183509	0.123259	-495.227033
448.000000	30945.693936	-178277.797025	0.122039	-495.227036
448.500000	30945.754955	-178525.410543	0.120830	-495.227040
449.000000	30945.815370	-178773.024063	0.119633	-495.227043
449.500000	30945.875187	-179020.637585	0.118448	-495.227047
450.000000	30945.934411	-179268.251108	0.117275	-495.227050
450.500000	30945.993048	-179515.864633	0.116113	-495.227053
451.000000	30946.051105	-179763.478159	0.114963	-495.227056
451.500000	30946.108587	-180011.091688	0.113825	-495.227059
452.000000	30946.165499	-180258.705217	0.112697	-495.227062
452.500000	30946.221848	-180506.318749	0.111581	-495.227065
453.000000	30946.277638	-180753.932281	0.110476	-495.227068
453.500000	30946.332876	-181001.545816	0.109382	-495.227071
454.000000	30946.387567	-181249.159351	0.108298	-495.227074
454.500000	30946.441716	-181496.772888	0.107226	-495.227077
455.000000	30946.495329	-181744.386427	0.106164	-495.227080
455.500000	30946.548411	-181991.999967	0.105112	-495.227082
456.000000	30946.600967	-182239.613508	0.104071	-495.227085
456.500000	30946.653002	-182487.227050	0.103040	-495.227088
457.000000	30946.704523	-182734.840594	0.102020	-495.227090
457.500000	30946.755532	-182982.454139	0.101009	-495.227093
458.000000	30946.806037	-183230.067685	0.100009	-495.227095
458.500000	30946.856041	-183477.681233	0.099018	-495.227097
459.000000	30946.905551	-183725.294782	0.098038	-495.227100
459.500000	30946.954569	-183972.908331	0.097067	-495.227102
460.000000	30947.003103	-184220.521882	0.096105	-495.227104
460.500000	30947.051155	-184468.135435	0.095153	-495.227106
461.000000	30947.098732	-184715.748988	0.094211	-495.227109
461.500000	30947.145837	-184963.362542	0.093278	-495.227111
462.000000	30947.192476	-185210.976098	0.092354	-495.227113
462.500000	30947.238653	-185458.589654	0.091439	-495.227115
463.000000	30947.284372	-185706.203212	0.090533	-495.227117
463.500000	30947.329639	-185953.816770	0.089637	-495.227119
464.000000	30947.374458	-186201.430329	0.088749	-495.227121
464.500000	30947.418832	-186449.043890	0.087870	-495.227123
465.000000	30947.462767	-186696.657451	0.087000	-495.227125
465.500000	30947.506267	-186944.271014	0.086138	-495.227126
466.000000	30947.549336	-187191.884577	0.085285	-495.227128
466.500000	30947.591978	-187439.498141	0.084440	-495.227130
467.000000	30947.634198	-187687.111706	0.083604	-495.227132
467.500000	30947.676000	-187934.725272	0.082776	-495.227133
468.000000	30947.717388	-188182.338838	0.081956	-495.227135
468.500000	30947.758366	-188429.952406	0.081144	-495.227137
469.000000	30947.798938	-188677.565974	0.080340	-495.227138
469.500000	30947.839108	-188925.179543	0.079545	-495.227140
470.000000	30947.878880	-189172.793113	0.078757	-495.227141
470.500000	30947.918259	-189420.406684	0.077977	-495.227143
471.000000	30947.957247	-189668.020255	0.077204	-495.227144
471.500000	30947.995849	-189915.633828	0.076440	-495.227146
472.000000	30948.034069	-190163.247401	0.075683	-495.227147
472.500000	30948.071910	-190410.860974	0.074933	-495.227149
473.000000	30948.109377	-190658.474548	0.074191	-495.227150
473.500000	30948.146472	-190906.088123	0.073456	-495.227151
474.000000	30948.183200	-191153.701699	0.072728	-495.227153
474.500000	30948.219564	-191401.315275	0.072008	-495.227154
475.000000	30948.255568	-191648.928852	0.071295	-495.227155
475.500000	30948.291216	-191896.542430	0.070589	-495.227156
476.000000	30948.326510	-192144.156008	0.069890	-495.227158
476.500000	30948.361455	-192391.769587	0.069197	-495.227159
477.000000	30948.396054	-192639.383167	0.068512	-495.227160
477.500000	30948.430310	-192886.996747	0.067833	-495.227161
478.000000	30948.464227	-193134.610327	0.067162	-495.227162
478.500000	30948.497807	-193382.223908	0.066496	-495.227163
479.000000	30948.531056	-193629.837490	0.065838	-495.227165
479.500000	30948.563974	-193877.451072	0.065186	-495.227166
480.000000	30948.596567	-194125.064655	0.064540	-495.227167
480.500000	30948.628837	-194372.678238	0.063901	-495.227168
481.000000	30948.660788	-194620.291822	0.063268	-495.227169
481.500000	30948.692422	-194867.905407	0.062641	-495.227170
482.000000	30948.723742	-195115.518991	0.062021	-495.227171
482.500000	30948.754753	-195363.132577	0.061407	-495.227172
483.000000	30948.785456	-195610.746163	0.060798	-495.227173
483.500000	30948.815855	-195858.359749	0.060196	-495.227173
484.000000	30948.845953	-196105.973336	0.059600	-495.227174
484.500000	30948.875753	-196353.586923	0.059010	-495.227175
485.000000	30948.905258	-196601.200510	0.058425	-495.227176
485.500000	30948.934471	-196848.814098	0.057846	-495.227177
486.000000	30948.963394	-197096.427687	0.057274	-495.227178
486.500000	30948.992031	-197344.041276	0.056706	-495.227179
487.000000	30949.020384	-197591.654865	0.056145	-495.227179
487.500000	30949.048456	-197839.268455	0.055589	-495.227180
488.000000	30949.076250	-198086.882045	0.055038	-495.227181
488.500000	30949.103769	-198334.495635	0.054493	-495.227182
489.000000	30949.131016	-198582.109226	0.053953	-495.227182
489.500000	30949.157992	-198829.722817	0.053419	-495.227183
490.000000	30949.184702	-199077.336409	0.052890	-495.227184
490.500000	30949.211146	-199324.950001	0.052366	-495.227185
491.000000	30949.237329	-199572.563593	0.051847	-495.227185
491.500000	30949.263253	-199820.177186	0.051334	-495.227186
492.000000	30949.288920	-200067.790779	0.050825	-495.227187
492.500000	30949.314332	-200315.404372	0.050322	-495.227187
493.000000	30949.339493	-200563.017966	0.049823	-495.227188
493.500000	30949.364405	-200810.631559	0.049330	-495.227188
494.000000	30949.389070	-201058.245154	0.048841	-495.227189
494.500000	30949.413490	-201305.858748	0.048358	-495.227190
495.000000	30949.437669	-201553.472343	0.047879	-495.227190
495.500000	30949.461608	-201801.085938	0.047404	-495.227191
496.000000	30949.485311	-202048.699534	0.046935	-495.227191
496.500000	30949.508778	-202296.313129	0.046470	-495.227192
497.000000	30949.532013	-202543.926725	0.046010	-495.227193
497.500000	30949.555018	-202791.540322	0.045554	-495.227193
498.000000	30949.577795	-203039.153918	0.045103	-495.227194
498.500000	30949.600346	-203286.767515	0.044656	-495.227194
499.000000	30949.622674	-203534.381112	0.044214	-495.227195
499.500000	30949.644781	-203781.994709	0.043776	-495.227195
500.000000	30949.666669	-204029.608307	0.043342	-495.227196
500.500000	30949.688340	-204277.221905	0.042913	-495.227196
501.000000	30949.709797	-204524.835503	0.042488	-495.227197
501.500000	30949.731041	-204772.449101	0.042067	-495.227197
502.000000	30949.752074	-205020.062699	0.041650	-495.227197
502.500000	30949.772900	-205267.676298	0.041238	-495.227198
503.000000	30949.793519	-205515.289897	0.040830	-495.227198
503.500000	30949.813933	-205762.903496	0.040425	-495.227199
504.000000	30949.834146	-206010.517096	0.040025	-495.227199
504.500000	30949.854158	-206258.130695	0.039628	-495.227200
505.000000	30949.873973	-206505.744295	0.039236	-495.227200
505.500000	30949.893590	-206753.357895	0.038847	-495.227200
506.000000	30949.913014	-207000.971495	0.038462	-495.227201
506.500000	30949.932245	-207248.585096	0.038081	-495.227201
507.000000	30949.951286	-207496.198696	0.037704	-495.227201
507.500000	30949.970138	-207743.812297	0.037331	-495.227202
508.000000	30949.988804	-207991.425898	0.036961	-495.227202
508.500000	30950.007284	-208239.039499	0.036595	-495.227203
509.000000	30950.025582	-208486.653100	0.036233	-495.227203
509.500000	30950.043698	-208734.266702	0.035874	-495.227203
510.000000	30950.061635	-208981.880303	0.035518	-495.227204
510.500000	30950.079394	-209229.493905	0.035167	-495.227204
511.000000	30950.096977	-209477.107507	0.034818	-495.227204
511.500000	30950.114386	-209724.721109	0.034473	-495.227205
512.000000	30950.131623	-209972.334711	0.034132	-495.227205
512.500000	30950.148689	-210219.948314	0.033794	-495.227205
513.000000	30950.165586	-210467.561916	0.033459	-495.227205
513.500000	30950.182316	-210715.175519	0.033128	-495.227206
514.000000	30950.198880	-210962.789122	0.032800	-495.227206
514.500000	30950.215279	-211210.402725	0.032475	-495.227206
515.000000	30950.231517	-211458.016328	0.032153	-495.227207
515.500000	30950.247593	-211705.629931	0.031835	-495.227207
516.000000	30950.263511	-211953.243535	0.031519	-495.227207
516.500000	30950.279270	-212200.857138	0.031207	-495.227207
517.000000	30950.294874	-212448.470742	0.030898	-495.227208
517.500000	30950.310323	-212696.084346	0.030592	-495.227208
518.000000	30950.325619	-212943.697950	0.030289	-495.227208
518.500000	30950.340764	-213191.311554	0.029989	-495.227208
519.000000	30950.355758	-213438.925158	0.029692	-495.227209
519.500000	30950.370604	-213686.538762	0.029398	-495.227209
520.000000	30950.385303	-213934.152366	0.029107	-495.227209
520.500000	30950.399857	-214181.765971	0.028819	-495.227209
521.000000	30950.414266	-214429.379576	0.028533	-495.227209
521.500000	30950.428533	-214676.993180	0.028250	-495.227210
522.000000	30950.442658	-214924.606785	0.027971	-495.227210
522.500000	30950.456643	-215172.220390	0.027694	-495.227210
523.000000	30950.470490	-215419.833995	0.027419	-495.227210
523.500000	30950.484200	-215667.447600	0.027148	-495.227210
524.000000	30950.497773	-215915.061205	0.026879	-495.227211
524.500000	30950.511213	-216162.674811	0.026613	-495.227211
525.000000	30950.524519	-216410.288416	0.026349	-495.227211
525.500000	30950.537694	-216657.902022	0.026088	-495.227211
526.000000	30950.550738	-216905.515627	0.025830	-495.227211
526.500000	30950.563653	-217153.129233	0.025574	-495.227212
527.000000	30950.576440	-217400.742839	0.025321	-495.227212
527.500000	30950.589100	-217648.356445	0.025070	-495.227212
528.000000	30950.601635	-217895.970051	0.024821	-495.227212
528.500000	30950.614046	-218143.583657	0.024576	-495.227212
529.000000	30950.626333	-218391.197263	0.024332	-495.227212
529.500000	30950.638499	-218638.810869	0.024091	-495.227213
530.000000	30950.650545	-218886.424475	0.023853	-495.227213
530.500000	30950.662471	-219134.038082	0.023616	-495.227213
531.000000	30950.674280	-219381.651688	0.023382	-495.227213
531.500000	30950.685971	-219629.265295	0.023151	-495.227213
532.000000	30950.697546	-219876.878901	0.022922	-495.227213
532.500000	30950.709007	-220124.492508	0.022695	-495.227213
533.000000	30950.720354	-220372.106115	0.022470	-495.227214
533.500000	30950.731589	-220619.719721	0.022247	-495.227214
534.000000	30950.742713	-220867.333328	0.022027	-495.227214
534.500000	30950.753726	-221114.946935	0.021809	-495.227214
535.000000	30950.764631	-221362.560542	0.021593	-495.227214
535.500000	30950.775427	-221610.174149	0.021379	-495.227214
536.000000	30950.786116	-221857.787756	0.021167	-495.227214
536.500000	30950.796700	-222105.401363	0.020957	-495.227214
537.000000	30950.807179	-222353.014971	0.020750	-495.227215
537.500000	30950.817553	-222600.628578	0.020544	-495.227215
538.000000	30950.827826	-222848.242185	0.020341	-495.227215
538.500000	30950.837996	-223095.855793	0.020139	-495.227215
539.000000	30950.848066	-223343.469400	0.019940	-495.227215
539.500000	30950.858036	-223591.083008	0.019742	-495.227215
540.000000	30950.867907	-223838.696615	0.019547	-495.227215
540.500000	30950.877680	-224086.310223	0.019353	-495.227215
541.000000	30950.887357	-224333.923830	0.019162	-495.227215
541.500000	30950.896938	-224581.537438	0.018972	-495.227216
542.000000	30950.906424	-224829.151046	0.018784	-495.227216
542.500000	30950.915816	-225076.764654	0.018598	-495.227216
543.000000	30950.925115	-225324.378262	0.018414	-495.227216
543.500000	30950.934321	-225571.991869	0.018231	-495.227216
544.000000	30950.943437	-225819.605477	0.018051	-495.227216
544.500000	30950.952462	-226067.219085	0.017872	-495.227216
545.000000	30950.961398	-226314.832693	0.017695	-495.227216
545.500000	30950.970246	-226562.446302	0.017520	-495.227216
546.000000	30950.979006	-226810.059910	0.017346	-495.227216
546.500000	30950.987679	-227057.673518	0.017174	-495.227216
547.000000	30950.996266	-227305.287126	0.017004	-495.227216
547.500000	30951.004768	-227552.900734	0.016836	-495.227217
548.000000	30951.013186	-227800.514343	0.016669	-495.227217
548.500000	30951.021520	-228048.127951	0.016504	-495.227217
549.000000	30951.029772	-228295.741559	0.016340	-495.227217
549.500000	30951.037942	-228543.355168	0.016179	-495.227217
550.000000	30951.046032	-228790.968776	0.016018	-495.227217
550.500000	30951.054041	-229038.582385	0.015860	-495.227217
551.000000	30951.061971	-229286.195993	0.015703	-495.227217
551.500000	30951.069822	-229533.809602	0.015547	-495.227217
552.000000	30951.077596	-229781.423210	0.015393	-495.227217
552.500000	30951.085292	-230029.036819	0.015241	-495.227217
553.000000	30951.092913	-230276.650427	0.015090	-495.227217
553.500000	30951.100457	-230524.264036	0.014940	-495.227217
554.000000	30951.107928	-230771.877645	0.014792	-495.227217
554.500000	30951.115324	-231019.491253	0.014646	-495.227218
555.000000	30951.122647	-231267.104862	0.014501	-495.227218
555.500000	30951.129897	-231514.718471	0.014357	-495.227218
556.000000	30951.137076	-231762.332080	0.014215	-495.227218
556.500000	30951.144183	-232009.945689	0.014074	-495.227218
557.000000	30951.151220	-232257.559298	0.013935	-495.227218
557.500000	30951.158187	-232505.172906	0.013797	-495.227218
558.000000	30951.165086	-232752.786515	0.013660	-495.227218
558.500000	30951.171916	-233000.400124	0.013525	-495.227218
559.000000	30951.178678	-233248.013733	0.013391	-495.227218
559.500000	30951.185373	-233495.627342	0.013258	-495.227218
560.000000	30951.192003	-233743.240951	0.013127	-495.227218
560.500000	30951.198566	-233990.854560	0.012997	-495.227218
561.000000	30951.205064	-234238.468169	0.012868	-495.227218
561.500000	30951.211498	-234486.081779	0.012741	-495.227218
562.000000	30951.217869	-234733.695388	0.012614	-495.227218
562.500000	30951.224176	-234981.308997	0.012490	-495.227218
563.000000	30951.230421	-235228.922606	0.012366	-495.227218
563.500000	30951.236604	-235476.536215	0.012243	-495.227218
564.000000	30951.242725	-235724.149824	0.012122	-495.227218
564.500000	30951.248786	-235971.763434	0.012002	-495.227218
565.000000	30951.254787	-236219.377043	0.011883	-495.227219
565.500000	30951.260729	-236466.990652	0.011765	-495.227219
566.000000	30951.266612	-236714.604261	0.011649	-495.227219
566.500000	30951.272436	-236962.217871	0.011534	-495.227219
567.000000	30951.278203	-237209.831480	0.011419	-495.227219
567.500000	30951.283912	-237457.445089	0.011306	-495.227219
568.000000	30951.289566	-237705.058699	0.011194	-495.227219
568.500000	30951.295163	-237952.672308	0.011083	-495.227219
569.000000	30951.300704	-238200.285918	0.010974	-495.227219
569.500000	30951.306191	-238447.899527	0.010865	-495.227219
570.000000	30951.311624	-238695.513136	0.010757	-495.227219
570.500000	30951.317002	-238943.126746	0.010651	-495.227219
571.000000	30951.322328	-239190.740355	0.010545	-495.227219
571.500000	30951.327600	-239438.353965	0.010441	-495.227219
572.000000	30951.332821	-239685.967574	0.010337	-495.227219
572.500000	30951.337989	-239933.581184	0.010235	-495.227219
573.000000	30951.343107	-240181.194793	0.010134	-495.227219
573.500000	30951.348173	-240428.808403	0.010033	-495.227219
574.000000	30951.353190	-240676.422012	0.009934	-495.227219
574.500000	30951.358157	-240924.035622	0.009835	-495.227219
575.000000	30951.363075	-241171.649232	0.009738	-495.227219
575.500000	30951.367944	-241419.262841	0.009642	-495.227219
576.000000	30951.372765	-241666.876451	0.009546	-495.227219
576.500000	30951.377538	-241914.490060	0.009452	-495.227219
577.000000	30951.382263	-242162.103670	0.009358	-495.227219
577.500000	30951.386942	-242409.717280	0.009265	-495.227219
578.000000	30951.391575	-242657.330889	0.009173	-495.227219
578.500000	30951.396162	-242904.944499	0.009083	-495.227219
579.000000	30951.400703	-243152.558109	0.008993	-495.227219
579.500000	30951.405199	-243400.171718	0.008904	-495.227219
580.000000	30951.409651	-243647.785328	0.008815	-495.227219
580.500000	30951.414059	-243895.398938	0.008728	-495.227219
581.000000	30951.418423	-244143.012547	0.008642	-495.227219
581.500000	30951.422744	-244390.626157	0.008556	-495.227219
582.000000	30951.427022	-244638.239767	0.008471	-495.227220
582.500000	30951.431257	-244885.853377	0.008387	-495.227220
583.000000	30951.435451	-245133.466986	0.008304	-495.227220
583.500000	30951.439603	-245381.080596	0.008222	-495.227220
584.000000	30951.443714	-245628.694206	0.008141	-495.227220
584.500000	30951.447785	-245876.307816	0.008060	-495.227220
585.000000	30951.451815	-246123.921426	0.007980	-495.227220
585.500000	30951.455805	-246371.535035	0.007901	-495.227220
586.000000	30951.459755	-246619.148645	0.007823	-495.227220
586.500000	30951.463667	-246866.762255	0.007745	-495.227220
587.000000	30951.467540	-247114.375865	0.007669	-495.227220
587.500000	30951.471374	-247361.989475	0.007593	-495.227220
588.000000	30951.475170	-247609.603085	0.007518	-495.227220
588.500000	30951.478929	-247857.216695	0.007443	-495.227220
589.000000	30951.482651	-248104.830304	0.007369	-495.227220
589.500000	30951.486335	-248352.443914	0.007296	-495.227220
590.000000	30951.489983	-248600.057524	0.007224	-495.227220
590.500000	30951.493595	-248847.671134	0.007153	-495.227220
591.000000	30951.497172	-249095.284744	0.007082	-495.227220
591.500000	30951.500713	-249342.898354	0.007012	-495.227220
592.000000	30951.504218	-249590.511964	0.006942	-495.227220
592.500000	30951.507689	-249838.125574	0.006873	-495.227220
593.000000	30951.511126	-250085.739184	0.006805	-495.227220
593.500000	30951.514529	-250333.352794	0.006738	-495.227220
594.000000	30951.517898	-250580.966404	0.006671	-495.227220
594.500000	30951.521233	-250828.580014	0.006605	-495.227220
595.000000	30951.524536	-251076.193624	0.006540	-495.227220
595.500000	30951.527806	-251323.807234	0.006475	-495.227220
596.000000	30951.531043	-251571.420843	0.006411	-495.227220
596.500000	30951.534248	-251819.034453	0.006347	-495.227220
597.000000	30951.537422	-252066.648063	0.006284	-495.227220
597.500000	30951.540564	-252314.261673	0.006222	-495.227220
598.000000	30951.543675	-252561.875283	0.006161	-495.227220
598.500000	30951.546756	-252809.488893	0.006099	-495.227220
599.000000	30951.549805	-253057.102503	0.006039	-495.227220
599.500000	30951.552825	-253304.716113	0.005979	-495.227220
600.000000	30951.555815	-253552.329723	0.005920	-495.227220
600.500000	30951.558775	-253799.943334	0.005861	-495.227220
601.000000	30951.561705	-254047.556944	0.005803	-495.227220
601.500000	30951.564607	-254295.170554	0.005746	-495.227220
602.000000	30951.567480	-254542.784164	0.005689	-495.227220
602.500000	30951.570324	-254790.397774	0.005633	-495.227220
603.000000	30951.573141	-255038.011384	0.005577	-495.227220
603.500000	30951.575929	-255285.624994	0.005522	-495.227220
604.000000	30951.578690	-255533.238604	0.005467	-495.227220
604.500000	30951.581423	-255780.852214	0.005413	-495.227220
605.000000	30951.584130	-256028.465824	0.005359	-495.227220
605.500000	30951.586809	-256276.079434	0.005306	-495.227220
606.000000	30951.589462	-256523.693044	0.005254	-495.227220
606.500000	30951.592089	-256771.306654	0.005201	-495.227220
607.000000	30951.594690	-257018.920264	0.005150	-495.227220
607.500000	30951.597265	-257266.533874	0.005099	-495.227220
608.000000	30951.599814	-257514.147484	0.005048	-495.227220
608.500000	30951.602339	-257761.761095	0.004998	-495.227220
609.000000	30951.604838	-258009.374705	0.004949	-495.227220
609.500000	30951.607312	-258256.988315	0.004900	-495.227220
610.000000	30951.609762	-258504.601925	0.004851	-495.227220
610.500000	30951.612188	-258752.215535	0.004803	-495.227220
611.000000	30951.614590	-258999.829145	0.004756	-495.227220
611.500000	30951.616967	-259247.442755	0.004709	-495.227220
612.000000	30951.619322	-259495.056365	0.004662	-495.227220
612.500000	30951.621653	-259742.669975	0.004616	-495.227220
613.000000	30951.623961	-259990.283586	0.004570	-495.227220
613.500000	30951.626246	-260237.897196	0.004525	-495.227220
614.000000	30951.628508	-260485.510806	0.004480	-495.227220
614.500000	30951.630748	-260733.124416	0.004436	-495.227220
615.000000	30951.632966	-260980.738026	0.004392	-495.227220
615.500000	30951.635162	-261228.351636	0.004348	-495.227220
616.000000	30951.637336	-261475.965246	0.004305	-495.227220
616.500000	30951.639489	-261723.578856	0.004263	-495.227220
617.000000	30951.641620	-261971.192467	0.004220	-495.227220
617.500000	30951.643730	-262218.806077	0.004179	-495.227220
618.000000	30951.645819	-262466.419687	0.004137	-495.227220
618.500000	30951.647888	-262714.033297	0.004096	-495.227220
619.000000	30951.649936	-262961.646907	0.004056	-495.227220
619.500000	30951.651964	-263209.260517	0.004015	-495.227220
620.000000	30951.653972	-263456.874128	0.003976	-495.227220
620.500000	30951.655959	-263704.487738	0.003936	-495.227220
621.000000	30951.657928	-263952.101348	0.003897	-495.227220
621.500000	30951.659876	-264199.714958	0.003859	-495.227220
622.000000	30951.661806	-264447.328568	0.003820	-495.227220
622.500000	30951.663716	-264694.942178	0.003783	-495.227220
623.000000	30951.665607	-264942.555789	0.003745	-495.227220
623.500000	30951.667480	-265190.169399	0.003708	-495.227220
624.000000	30951.669334	-265437.783009	0.003671	-495.227220
624.500000	30951.671169	-265685.396619	0.003635	-495.227220
625.000000	30951.672987	-265933.010229	0.003599	-495.227220
625.500000	30951.674786	-266180.623840	0.003563	-495.227220
626.000000	30951.676568	-266428.237450	0.003528	-495.227220
626.500000	30951.678332	-266675.851060	0.003493	-495.227220
627.000000	30951.680079	-266923.464670	0.003458	-495.227220
627.500000	30951.681808	-267171.078280	0.003424	-495.227220
628.000000	30951.683520	-267418.691891	0.003390	-495.227220
628.500000	30951.685215	-267666.305501	0.003357	-495.227220
629.000000	30951.686893	-267913.919111	0.003323	-495.227220
629.500000	30951.688555	-268161.532721	0.003291	-495.227220
630.000000	30951.690200	-268409.146331	0.003258	-495.227220
630.500000	30951.691829	-268656.759942	0.003226	-495.227220
631.000000	30951.693442	-268904.373552	0.003194	-495.227220
631.500000	30951.695039	-269151.987162	0.003162	-495.227220
632.000000	30951.696620	-269399.600772	0.003131	-495.227220
632.500000	30951.698186	-269647.214382	0.003100	-495.227220
633.000000	30951.699736	-269894.827993	0.003069	-495.227220
633.500000	30951.701270	-270142.441603	0.003039	-495.227220
634.000000	30951.702790	-270390.055213	0.003009	-495.227220
634.500000	30951.704294	-270637.668823	0.002979	-495.227220
635.000000	30951.705783	-270885.282433	0.002949	-495.227220
635.500000	30951.707258	-271132.896044	0.002920	-495.227220
636.000000	30951.708718	-271380.509654	0.002891	-495.227220
636.500000	30951.710164	-271628.123264	0.002863	-495.227220
637.000000	30951.711595	-271875.736874	0.002834	-495.227220
637.500000	30951.713012	-272123.350485	0.002806	-495.227220
638.000000	30951.714415	-272370.964095	0.002778	-495.227220
638.500000	30951.715804	-272618.577705	0.002751	-495.227220
639.000000	30951.717179	-272866.191315	0.002724	-495.227220
639.500000	30951.718541	-273113.804925	0.002697	-495.227220
640.000000	30951.719890	-273361.418536	0.002670	-495.227220
640.500000	30951.721224	-273609.032146	0.002643	-495.227220
641.000000	30951.722546	-273856.645756	0.002617	-495.227220
641.500000	30951.723855	-274104.259366	0.002591	-495.227220
642.000000	30951.725150	-274351.872977	0.002566	-495.227220
642.500000	30951.726433	-274599.486587	0.002540	-495.227220
643.000000	30951.727703	-274847.100197	0.002515	-495.227220
643.500000	30951.728961	-275094.713807	0.002490	-495.227220
644.000000	30951.730206	-275342.327418	0.002466	-495.227220
644.500000	30951.731439	-275589.941028	0.002441	-495.227220
645.000000	30951.732659	-275837.554638	0.002417	-495.227220
645.500000	30951.733868	-276085.168248	0.002393	-495.227220
646.000000	30951.735064	-276332.781859	0.002369	-495.227220
646.500000	30951.736249	-276580.395469	0.002346	-495.227220
647.000000	30951.737422	-276828.009079	0.002323	-495.227220
647.500000	30951.738583	-277075.622689	0.002300	-495.227220
648.000000	30951.739733	-277323.236300	0.002277	-495.227220
648.500000	30951.740871	-277570.849910	0.002254	-495.227220
649.000000	30951.741998	-277818.463520	0.002232	-495.227220
649.500000	30951.743114	-278066.077130	0.002210	-495.227220
