0.000000	0.000000	0.000000	606.217783	350.000000
0.500000	303.108891	175.000000	597.730734	340.195000
1.000000	601.974258	345.097500	589.586536	330.654777
1.500000	896.767526	510.424888	581.763762	321.362571
2.000000	1187.649407	671.106174	574.242731	312.303001
2.500000	1474.770773	827.257674	567.005331	303.461928
3.000000	1758.273438	978.988638	560.034863	294.826325
3.500000	2038.290869	1126.401801	553.315904	286.384177
4.000000	2314.948821	1269.593889	546.834187	278.124383
4.500000	2588.365915	1408.656081	540.576488	270.036666
5.000000	2858.654159	1543.674413	534.530537	262.111504
5.500000	3125.919428	1674.730165	528.684927	254.340060
6.000000	3390.261891	1801.900195	523.029038	246.714122
6.500000	3651.776410	1925.257256	517.552973	239.226048
7.000000	3910.552897	2044.870280	512.247493	231.868721
7.500000	4166.676643	2160.804641	507.103962	224.635503
8.000000	4420.228624	2273.122392	502.114297	217.520195
8.500000	4671.285773	2381.882489	497.270926	210.517006
9.000000	4919.921236	2487.140992	492.566746	203.620516
9.500000	5166.204609	2588.951250	487.995082	196.825651
10.000000	5410.202150	2687.364075	483.549662	190.127656
10.500000	5651.976981	2782.427903	479.224580	183.522070
11.000000	5891.589271	2874.188938	475.014271	177.004706
11.500000	6129.096406	2962.691291	470.913486	170.571629
12.000000	6364.553149	3047.977106	466.917269	164.219142
12.500000	6598.011784	3130.086677	463.020934	157.943765
13.000000	6829.522251	3209.058559	459.220051	151.742223
13.500000	7059.132276	3284.929671	455.510422	145.611433
14.000000	7286.887487	3357.735387	451.888069	139.548488
14.500000	7512.831522	3427.509632	448.349219	133.550649
15.000000	7737.006132	3494.284956	444.890289	127.615330
15.500000	7959.451276	3558.092621	441.507872	121.740095
16.000000	8180.205212	3618.962669	438.198731	115.922642
16.500000	8399.304577	3676.923990	434.959782	110.160799
17.000000	8616.784468	3732.004390	431.788088	104.452515
17.500000	8832.678512	3784.230647	428.680849	98.795853
18.000000	9047.018937	3833.628574	425.635392	93.188982
18.500000	9259.836633	3880.223065	422.649167	87.630175
19.000000	9471.161216	3924.038152	419.719733	82.117800
19.500000	9681.021083	3965.097052	416.844760	76.650314
20.000000	9889.443463	4003.422209	414.022016	71.226261
20.500000	10096.454471	4039.035339	411.249364	65.844268
21.000000	10302.079153	4071.957473	408.524755	60.503037
21.500000	10506.341531	4102.208992	405.846225	55.201343
22.000000	10709.264643	4129.809663	403.211890	49.938033
22.500000	10910.870588	4154.778680	400.619938	44.712018
23.000000	11111.180557	4177.134689	398.068632	39.522274
23.500000	11310.214873	4196.895826	395.556299	34.367837
24.000000	11507.993023	4214.079745	393.081330	29.247800
24.500000	11704.533688	4228.703645	390.642177	24.161311
25.000000	11899.854776	4240.784300	388.237349	19.107572
25.500000	12093.973451	4250.338086	385.865410	14.085834
26.000000	12286.906156	4257.381003	383.524972	9.095398
26.500000	12478.668642	4261.928702	381.214700	4.135609
27.000000	12669.275992	4263.996507	378.933304	-0.794141
27.500000	12858.742644	4263.599436	376.679538	-5.694418
28.000000	13047.082413	4260.752227	374.452200	-10.565746
28.500000	13234.308513	4255.469354	372.250126	-15.408611
29.000000	13420.433576	4247.765049	370.072192	-20.223460
29.500000	13605.469672	4237.653319	367.917311	-25.010701
30.000000	13789.428327	4225.147968	365.784431	-29.770710
30.500000	13972.320542	4210.262614	363.672533	-34.503825
31.000000	14154.156809	4193.010701	361.580633	-39.210354
31.500000	14334.947126	4173.405524	359.507775	-43.890570
32.000000	14514.701013	4151.460239	357.453035	-48.544717
32.500000	14693.427531	4127.187881	355.415516	-53.173007
33.000000	14871.135289	4100.601377	353.394350	-57.775624
33.500000	15047.832464	4071.713565	351.388697	-62.352725
34.000000	15223.526812	4040.537203	349.397739	-66.904436
34.500000	15398.225681	4007.084985	347.420685	-71.430860
35.000000	15571.936024	3971.369555	345.456770	-75.932072
35.500000	15744.664409	3933.403519	343.505248	-80.408124
36.000000	15916.417033	3893.199457	341.565400	-84.859042
36.500000	16087.199733	3850.769936	339.636525	-89.284829
37.000000	16257.017996	3806.127522	337.717947	-93.685467
37.500000	16425.876969	3759.284788	335.809006	-98.060912
38.000000	16593.781472	3710.254332	333.909067	-102.411104
38.500000	16760.736006	3659.048780	332.017512	-106.735957
39.000000	16926.744762	3605.680802	330.133743	-111.035369
39.500000	17091.811633	3550.163117	328.257179	-115.309216
40.000000	17255.940223	3492.508510	326.387259	-119.557356
40.500000	17419.133853	3432.729832	324.523441	-123.779629
41.000000	17581.395573	3370.840017	322.665196	-127.975858
41.500000	17742.728171	3306.852088	320.812018	-132.145848
42.000000	17903.134180	3240.779164	318.963413	-136.289388
42.500000	18062.615886	3172.634470	317.118906	-140.406252
43.000000	18221.175339	3102.431344	315.278037	-144.496197
43.500000	18378.814358	3030.183246	313.440365	-148.558966
44.000000	18535.534540	2955.903763	311.605460	-152.594290
44.500000	18691.337270	2879.606617	309.772911	-156.601885
45.000000	18846.223726	2801.305675	307.942322	-160.581453
45.500000	19000.194887	2721.014949	306.113311	-164.532686
46.000000	19153.251542	2638.748606	304.285510	-168.455262
46.500000	19305.394297	2554.520975	302.458569	-172.348850
47.000000	19456.623581	2468.346550	300.632149	-176.213109
47.500000	19606.939656	2380.239995	298.805928	-180.047684
48.000000	19756.342620	2290.216153	296.979598	-183.852215
48.500000	19904.832419	2198.290046	295.152863	-187.626332
49.000000	20052.408850	2104.476880	293.325443	-191.369655
49.500000	20199.071572	2008.792052	291.497071	-195.081800
50.000000	20344.820107	1911.251152	289.667494	-198.762372
50.500000	20489.653854	1811.869966	287.836474	-202.410973
51.000000	20633.572091	1710.664480	286.003783	-206.027197
51.500000	20776.573982	1607.650881	284.169210	-209.610634
52.000000	20918.658587	1502.845564	282.332555	-213.160870
52.500000	21059.824865	1396.265129	280.493634	-216.677485
53.000000	21200.071682	1287.926386	278.652271	-220.160058
53.500000	21339.397818	1177.846357	276.808309	-223.608164
54.000000	21477.801972	1066.042275	274.961600	-227.021377
54.500000	21615.282772	952.531587	273.112010	-230.399267
55.000000	21751.838777	837.331953	271.259417	-233.741406
55.500000	21887.468485	720.461250	269.403713	-237.047366
56.000000	22022.170342	601.937567	267.544802	-240.316717
56.500000	22155.942743	481.779209	265.682600	-243.549031
57.000000	22288.784044	360.004693	263.817036	-246.743884
57.500000	22420.692562	236.632751	261.948050	-249.900851
58.000000	22551.666587	111.682326	260.075596	-253.019512
58.500000	22681.704384	-14.827430	258.199638	-256.099451
59.000000	22810.804203	-142.877156	256.320153	-259.140254
59.500000	22938.964280	-272.447282	254.437131	-262.141514
60.000000	23066.182845	-403.518040	252.550571	-265.102829
60.500000	23192.458131	-536.069454	250.660486	-268.023804
61.000000	23317.788374	-670.081356	248.766900	-270.904048
61.500000	23442.171824	-805.533380	246.869847	-273.743180
62.000000	23565.606747	-942.404970	244.969372	-276.540827
62.500000	23688.091433	-1080.675384	243.065534	-279.296624
63.000000	23809.624200	-1220.323696	241.158399	-282.010214
63.500000	23930.203400	-1361.328803	239.248048	-284.681252
64.000000	24049.827424	-1503.669429	237.334568	-287.309402
64.500000	24168.494707	-1647.324130	235.418059	-289.894340
65.000000	24286.203737	-1792.271300	233.498631	-292.435752
65.500000	24402.953052	-1938.489175	231.576404	-294.933338
66.000000	24518.741254	-2085.955844	229.651507	-297.386809
66.500000	24633.567008	-2234.649249	227.724080	-299.795890
67.000000	24747.429048	-2384.547194	225.794271	-302.160321
67.500000	24860.326183	-2535.627355	223.862238	-304.479854
68.000000	24972.257302	-2687.867281	221.928147	-306.754256
68.500000	25083.221376	-2841.244409	219.992175	-308.983310
69.000000	25193.217463	-2995.736064	218.054505	-311.166814
69.500000	25302.244716	-3151.319471	216.115329	-313.304583
70.000000	25410.302380	-3307.971763	214.174848	-315.396447
70.500000	25517.389804	-3465.669986	212.233268	-317.442254
71.000000	25623.506438	-3624.391113	210.290807	-319.441869
71.500000	25728.651841	-3784.112048	208.347685	-321.395173
72.000000	25832.825684	-3944.809635	206.404132	-323.302068
72.500000	25936.027750	-4106.460668	204.460385	-325.162470
73.000000	26038.257942	-4269.041903	202.516684	-326.976316
73.500000	26139.516284	-4432.530061	200.573279	-328.743562
74.000000	26239.802924	-4596.901843	198.630423	-330.464182
74.500000	26339.118135	-4762.133934	196.688374	-332.138169
75.000000	26437.462322	-4928.203018	194.747397	-333.765535
75.500000	26534.836021	-5095.085786	192.807760	-335.346312
76.000000	26631.239901	-5262.758942	190.869737	-336.880550
76.500000	26726.674769	-5431.199217	188.933604	-338.368321
77.000000	26821.141571	-5600.383377	186.999641	-339.809714
77.500000	26914.641392	-5770.288234	185.068133	-341.204839
78.000000	27007.175458	-5940.890654	183.139365	-342.553826
78.500000	27098.745140	-6112.167567	181.213628	-343.856823
79.000000	27189.351955	-6284.095978	179.291213	-345.113999
79.500000	27278.997561	-6456.652977	177.372414	-346.325540
80.000000	27367.683768	-6629.815748	175.457524	-347.491655
80.500000	27455.412530	-6803.561575	173.546841	-348.612569
81.000000	27542.185951	-6977.867859	171.640662	-349.688526
81.500000	27628.006282	-7152.712122	169.739282	-350.719791
82.000000	27712.875923	-7328.072018	167.843001	-351.706645
82.500000	27796.797424	-7503.925340	165.952116	-352.649388
83.000000	27879.773481	-7680.250034	164.066922	-353.548339
83.500000	27961.806943	-7857.024204	162.187717	-354.403833
84.000000	28042.900801	-8034.226121	160.314794	-355.216223
84.500000	28123.058198	-8211.834232	158.448446	-355.985878
85.000000	28202.282421	-8389.827171	156.588965	-356.713185
85.500000	28280.576903	-8568.183763	154.736639	-357.398545
86.000000	28357.945223	-8746.883036	152.891756	-358.042378
86.500000	28434.391100	-8925.904225	151.054597	-358.645115
87.000000	28509.918399	-9105.226782	149.225445	-359.207205
87.500000	28584.531122	-9284.830385	147.404576	-359.729110
88.000000	28658.233410	-9464.694940	145.592263	-360.211304
88.500000	28731.029541	-9644.800592	143.788776	-360.654278
89.000000	28802.923929	-9825.127731	141.994379	-361.058533
89.500000	28873.921119	-10005.656997	140.209335	-361.424582
90.000000	28944.025786	-10186.369288	138.433899	-361.752951
90.500000	29013.242735	-10367.245764	136.668321	-362.044176
91.000000	29081.576896	-10548.267852	134.912849	-362.298804
91.500000	29149.033320	-10729.417254	133.167722	-362.517391
92.000000	29215.617181	-10910.675949	131.433176	-362.700504
92.500000	29281.333769	-11092.026201	129.709441	-362.848716
93.000000	29346.188490	-11273.450559	127.996739	-362.962611
93.500000	29410.186860	-11454.931865	126.295289	-363.042778
94.000000	29473.334504	-11636.453254	124.605301	-363.089814
94.500000	29535.637154	-11817.998161	122.926980	-363.104323
95.000000	29597.100644	-11999.550322	121.260525	-363.086912
95.500000	29657.730907	-12181.093778	119.606127	-363.038197
96.000000	29717.533971	-12362.612876	117.963972	-362.958795
96.500000	29776.515957	-12544.092274	116.334238	-362.849328
97.000000	29834.683076	-12725.516938	114.717096	-362.710422
97.500000	29892.041624	-12906.872149	113.112710	-362.542705
98.000000	29948.597979	-13088.143501	111.521239	-362.346808
98.500000	30004.358598	-13269.316905	109.942832	-362.123362
99.000000	30059.330014	-13450.378586	108.377633	-361.872999
99.500000	30113.518831	-13631.315086	106.825778	-361.596355
100.000000	30166.931720	-13812.113263	105.287396	-361.294060
100.500000	30219.575418	-13992.760293	103.762610	-360.966749
101.000000	30271.456723	-14173.243668	102.251533	-360.615053
101.500000	30322.582489	-14353.551195	100.754273	-360.239602
102.000000	30372.959626	-14533.670996	99.270932	-359.841024
102.500000	30422.595092	-14713.591508	97.801603	-359.419944
103.000000	30471.495894	-14893.301480	96.346372	-358.976984
103.500000	30519.669080	-15072.789972	94.905319	-358.512765
104.000000	30567.121740	-15252.046354	93.478517	-358.027900
104.500000	30613.860998	-15431.060304	92.066031	-357.523000
105.000000	30659.894014	-15609.821804	90.667921	-356.998673
105.500000	30705.227974	-15788.321140	89.284238	-356.455518
106.000000	30749.870093	-15966.548899	87.915029	-355.894132
106.500000	30793.827608	-16144.495965	86.560333	-355.315105
107.000000	30837.107774	-16322.153518	85.220183	-354.719022
107.500000	30879.717865	-16499.513029	83.894605	-354.106458
108.000000	30921.665168	-16676.566258	82.583619	-353.477987
108.500000	30962.956977	-16853.305252	81.287241	-352.834171
109.000000	31003.600598	-17029.722337	80.005477	-352.175568
109.500000	31043.603336	-17205.810121	78.738331	-351.502727
110.000000	31082.972502	-17381.561485	77.485800	-350.816191
110.500000	31121.715402	-17556.969580	76.247874	-350.116492
111.000000	31159.839339	-17732.027826	75.024538	-349.404158
111.500000	31197.351608	-17906.729905	73.815775	-348.679705
112.000000	31234.259495	-18081.069757	72.621557	-347.943643
112.500000	31270.570274	-18255.041579	71.441857	-347.196473
113.000000	31306.291202	-18428.639816	70.276638	-346.438687
113.500000	31341.429521	-18601.859159	69.125861	-345.670769
114.000000	31375.992451	-18774.694543	67.989482	-344.893192
114.500000	31409.987192	-18947.141139	66.867452	-344.106422
115.000000	31443.420918	-19119.194350	65.759718	-343.310916
115.500000	31476.300777	-19290.849808	64.666223	-342.507120
116.000000	31508.633888	-19462.103368	63.586905	-341.695474
116.500000	31540.427341	-19632.951105	62.521700	-340.876405
117.000000	31571.688191	-19803.389307	61.470538	-340.050333
117.500000	31602.423460	-19973.414474	60.433346	-339.217669
118.000000	31632.640133	-20143.023309	59.410050	-338.378814
118.500000	31662.345158	-20312.212716	58.400568	-337.534159
119.000000	31691.545442	-20480.979795	57.404818	-336.684088
119.500000	31720.247851	-20649.321839	56.422716	-335.828973
120.000000	31748.459209	-20817.236325	55.454171	-334.969179
120.500000	31776.186294	-20984.720915	54.499093	-334.105060
121.000000	31803.435841	-21151.773445	53.557388	-333.236963
121.500000	31830.214535	-21318.391926	52.628958	-332.365225
122.000000	31856.529014	-21484.574538	51.713706	-331.490173
122.500000	31882.385866	-21650.319625	50.811529	-330.612126
123.000000	31907.791631	-21815.625688	49.922324	-329.731396
123.500000	31932.752793	-21980.491386	49.045986	-328.848282
124.000000	31957.275786	-22144.915527	48.182408	-327.963079
124.500000	31981.366990	-22308.897066	47.331480	-327.076070
125.000000	32005.032730	-22472.435101	46.493092	-326.187531
125.500000	32028.279276	-22635.528867	45.667131	-325.297730
126.000000	32051.112841	-22798.177732	44.853483	-324.406927
126.500000	32073.539583	-22960.381195	44.052034	-323.515371
127.000000	32095.565600	-23122.138881	43.262667	-322.623308
127.500000	32117.196933	-23283.450534	42.485264	-321.730971
128.000000	32138.439565	-23444.316020	41.719707	-320.838589
128.500000	32159.299419	-23604.735314	40.965877	-319.946381
129.000000	32179.782357	-23764.708505	40.223653	-319.054561
129.500000	32199.894184	-23924.235785	39.492915	-318.163333
130.000000	32219.640641	-24083.317452	38.773540	-317.272895
130.500000	32239.027411	-24241.953899	38.065406	-316.383438
131.000000	32258.060114	-24400.145618	37.368391	-315.495147
131.500000	32276.744309	-24557.893191	36.682372	-314.608197
132.000000	32295.085495	-24715.197290	36.007224	-313.722761
132.500000	32313.089107	-24872.058670	35.342825	-312.839000
133.000000	32330.760519	-25028.478171	34.689050	-311.957074
133.500000	32348.105044	-25184.456708	34.045775	-311.077134
134.000000	32365.127932	-25339.995275	33.412877	-310.199324
134.500000	32381.834370	-25495.094937	32.790230	-309.323783
135.000000	32398.229485	-25649.756828	32.177712	-308.450646
135.500000	32414.318341	-25803.982151	31.575198	-307.580039
136.000000	32430.105940	-25957.772171	30.982565	-306.712086
136.500000	32445.597222	-26111.128214	30.399689	-305.846901
137.000000	32460.797067	-26264.051664	29.826447	-304.984598
137.500000	32475.710290	-26416.543963	29.262717	-304.125281
138.000000	32490.341649	-26568.606604	28.708375	-303.269053
138.500000	32504.695836	-26720.241130	28.163301	-302.416010
139.000000	32518.777487	-26871.449135	27.627373	-301.566242
139.500000	32532.591174	-27022.232256	27.100470	-300.719838
140.000000	32546.141409	-27172.592175	26.582472	-299.876879
140.500000	32559.432644	-27322.530614	26.073258	-299.037444
141.000000	32572.469274	-27472.049336	25.572711	-298.201606
141.500000	32585.255629	-27621.150139	25.080712	-297.369435
142.000000	32597.795985	-27769.834857	24.597143	-296.540997
142.500000	32610.094557	-27918.105355	24.121887	-295.716354
143.000000	32622.155500	-28065.963532	23.654828	-294.895563
143.500000	32633.982914	-28213.411314	23.195851	-294.078679
144.000000	32645.580840	-28360.450653	22.744842	-293.265753
144.500000	32656.953261	-28507.083530	22.301687	-292.456832
145.000000	32668.104104	-28653.311946	21.866273	-291.651961
145.500000	32679.037241	-28799.137926	21.438489	-290.851179
146.000000	32689.756486	-28944.563516	21.018223	-290.054526
146.500000	32700.265597	-29089.590779	20.605366	-289.262035
147.000000	32710.568280	-29234.221796	20.199808	-288.473739
147.500000	32720.668184	-29378.458666	19.801442	-287.689666
148.000000	32730.568905	-29522.303499	19.410160	-286.909844
148.500000	32740.273985	-29665.758421	19.025857	-286.134295
149.000000	32749.786913	-29808.825568	18.648427	-285.363041
149.500000	32759.111127	-29951.507089	18.277767	-284.596101
150.000000	32768.250010	-30093.805139	17.913773	-283.833490
150.500000	32777.206897	-30235.721885	17.556343	-283.075225
151.000000	32785.985068	-30377.259497	17.205377	-282.321315
151.500000	32794.587757	-30518.420154	16.860775	-281.571771
152.000000	32803.018145	-30659.206040	16.522438	-280.826602
152.500000	32811.279364	-30799.619341	16.190268	-280.085813
153.000000	32819.374498	-30939.662248	15.864168	-279.349408
153.500000	32827.306582	-31079.336951	15.544044	-278.617389
154.000000	32835.078604	-31218.645646	15.229800	-277.889757
154.500000	32842.693503	-31357.590525	14.921343	-277.166512
155.000000	32850.154175	-31496.173781	14.618580	-276.447650
155.500000	32857.463465	-31634.397605	14.321421	-275.733167
156.000000	32864.624176	-31772.264189	14.029776	-275.023058
156.500000	32871.639064	-31909.775718	13.743555	-274.317316
157.000000	32878.510841	-32046.934376	13.462670	-273.615932
157.500000	32885.242176	-32183.742342	13.187034	-272.918897
158.000000	32891.835692	-32320.201790	12.916561	-272.226201
158.500000	32898.293973	-32456.314891	12.651168	-271.537831
159.000000	32904.619557	-32592.083806	12.390769	-270.853774
159.500000	32910.814942	-32727.510693	12.135283	-270.174017
160.000000	32916.882583	-32862.597702	11.884627	-269.498544
160.500000	32922.824896	-32997.346974	11.638722	-268.827340
161.000000	32928.644257	-33131.760644	11.397488	-268.160387
161.500000	32934.343001	-33265.840838	11.160846	-267.497668
162.000000	32939.923424	-33399.589672	10.928719	-266.839165
162.500000	32945.387783	-33533.009254	10.701031	-266.184857
163.000000	32950.738299	-33666.101683	10.477706	-265.534726
163.500000	32955.977152	-33798.869046	10.258671	-264.888750
164.000000	32961.106487	-33931.313421	10.043851	-264.246909
164.500000	32966.128412	-34063.436876	9.833176	-263.609179
165.000000	32971.045000	-34195.241465	9.626573	-262.975539
165.500000	32975.858287	-34326.729235	9.423972	-262.345966
166.000000	32980.570273	-34457.902218	9.225305	-261.720437
166.500000	32985.182925	-34588.762436	9.030503	-261.098926
167.000000	32989.698177	-34719.311899	8.839498	-260.481410
167.500000	32994.117926	-34849.552605	8.652225	-259.867865
168.000000	32998.444038	-34979.486537	8.468618	-259.258264
168.500000	33002.678347	-35109.115669	8.288613	-258.652582
169.000000	33006.822654	-35238.441960	8.112146	-258.050794
169.500000	33010.878727	-35367.467356	7.939155	-257.452873
170.000000	33014.848304	-35496.193793	7.769578	-256.858792
170.500000	33018.733093	-35624.623189	7.603355	-256.268526
171.000000	33022.534770	-35752.757452	7.440425	-255.682048
171.500000	33026.254983	-35880.598476	7.280731	-255.099329
172.000000	33029.895348	-36008.148140	7.124214	-254.520344
172.500000	33033.457455	-36135.408312	6.970817	-253.945064
173.000000	33036.942863	-36262.380844	6.820483	-253.373462
173.500000	33040.353105	-36389.067575	6.673159	-252.805510
174.000000	33043.689684	-36515.470330	6.528788	-252.241181
174.500000	33046.954078	-36641.590920	6.387318	-251.680446
175.000000	33050.147737	-36767.431144	6.248695	-251.123279
175.500000	33053.272085	-36892.992783	6.112868	-250.569650
176.000000	33056.328519	-37018.277608	5.979786	-250.019532
176.500000	33059.318412	-37143.287374	5.849398	-249.472897
177.000000	33062.243111	-37268.023823	5.721654	-248.929716
177.500000	33065.103937	-37392.488681	5.596506	-248.389963
178.000000	33067.902191	-37516.683662	5.473906	-247.853608
178.500000	33070.639144	-37640.610466	5.353807	-247.320624
179.000000	33073.316047	-37764.270778	5.236162	-246.790983
179.500000	33075.934128	-37887.666270	5.120926	-246.264657
180.000000	33078.494591	-38010.798598	5.008053	-245.741618
180.500000	33080.998618	-38133.669407	4.897499	-245.221838
181.000000	33083.447367	-38256.280326	4.789222	-244.705291
181.500000	33085.841978	-38378.632972	4.683177	-244.191948
182.000000	33088.183567	-38500.728946	4.579324	-243.681782
182.500000	33090.473229	-38622.569836	4.477620	-243.174765
183.000000	33092.712039	-38744.157219	4.378025	-242.670870
183.500000	33094.901052	-38865.492654	4.280499	-242.170071
184.000000	33097.041301	-38986.577690	4.185003	-241.672341
184.500000	33099.133803	-39107.413860	4.091497	-241.177651
185.000000	33101.179551	-39228.002686	3.999944	-240.685977
185.500000	33103.179523	-39348.345674	3.910307	-240.197290
186.000000	33105.134677	-39468.444319	3.822548	-239.711566
186.500000	33107.045951	-39588.300102	3.736632	-239.228778
187.000000	33108.914267	-39707.914491	3.652523	-238.748899
187.500000	33110.740529	-39827.288940	3.570186	-238.271904
188.000000	33112.525622	-39946.424892	3.489587	-237.797767
188.500000	33114.270415	-40065.323776	3.410692	-237.326462
189.000000	33115.975761	-40183.987007	3.333468	-236.857965
189.500000	33117.642495	-40302.415989	3.257882	-236.392250
190.000000	33119.271436	-40420.612114	3.183902	-235.929292
190.500000	33120.863387	-40538.576761	3.111498	-235.469067
191.000000	33122.419136	-40656.311294	3.040637	-235.011549
191.500000	33123.939455	-40773.817069	2.971291	-234.556715
192.000000	33125.425100	-40891.095426	2.903428	-234.104540
192.500000	33126.876814	-41008.147696	2.837019	-233.655000
193.000000	33128.295324	-41124.975196	2.772036	-233.208071
193.500000	33129.681342	-41241.579231	2.708451	-232.763730
194.000000	33131.035567	-41357.961096	2.646236	-232.321954
194.500000	33132.358685	-41474.122073	2.585363	-231.882719
195.000000	33133.651367	-41590.063433	2.525806	-231.446002
195.500000	33134.914270	-41705.786434	2.467538	-231.011781
196.000000	33136.148039	-41821.292324	2.410534	-230.580032
196.500000	33137.353306	-41936.582340	2.354768	-230.150734
197.000000	33138.530690	-42051.657707	2.300215	-229.723865
197.500000	33139.680798	-42166.519640	2.246852	-229.299401
198.000000	33140.804223	-42281.169340	2.194653	-228.877323
198.500000	33141.901550	-42395.608002	2.143595	-228.457608
199.000000	33142.973348	-42509.836806	2.093656	-228.040234
199.500000	33144.020176	-42623.856923	2.044812	-227.625182
200.000000	33145.042582	-42737.669514	1.997042	-227.212429
200.500000	33146.041103	-42851.275728	1.950322	-226.801955
201.000000	33147.016264	-42964.676706	1.904633	-226.393740
201.500000	33147.968580	-43077.873576	1.859952	-225.987764
202.000000	33148.898556	-43190.867458	1.816259	-225.584005
202.500000	33149.806686	-43303.659461	1.773534	-225.182445
203.000000	33150.693453	-43416.250683	1.731757	-224.783064
203.500000	33151.559331	-43528.642215	1.690908	-224.385842
204.000000	33152.404785	-43640.835136	1.650968	-223.990759
204.500000	33153.230269	-43752.830515	1.611918	-223.597798
205.000000	33154.036228	-43864.629414	1.573740	-223.206939
205.500000	33154.823098	-43976.232884	1.536416	-222.818163
206.000000	33155.591306	-44087.641965	1.499928	-222.431451
206.500000	33156.341270	-44198.857691	1.464258	-222.046787
207.000000	33157.073399	-44309.881084	1.429389	-221.664151
207.500000	33157.788094	-44420.713159	1.395305	-221.283525
208.000000	33158.485746	-44531.354922	1.361989	-220.904892
208.500000	33159.166741	-44641.807368	1.329425	-220.528235
209.000000	33159.831453	-44752.071486	1.297597	-220.153536
209.500000	33160.480252	-44862.148253	1.266490	-219.780777
210.000000	33161.113497	-44972.038642	1.236088	-219.409943
210.500000	33161.731541	-45081.743613	1.206376	-219.041015
211.000000	33162.334729	-45191.264121	1.177340	-218.673978
211.500000	33162.923399	-45300.601110	1.148966	-218.308816
212.000000	33163.497881	-45409.755518	1.121238	-217.945511
212.500000	33164.058501	-45518.728274	1.094145	-217.584048
213.000000	33164.605573	-45627.520298	1.067671	-217.224411
213.500000	33165.139408	-45736.132504	1.041804	-216.866585
214.000000	33165.660310	-45844.565796	1.016530	-216.510553
214.500000	33166.168575	-45952.821073	0.991838	-216.156301
215.000000	33166.664494	-46060.899223	0.967714	-215.803813
215.500000	33167.148351	-46168.801130	0.944146	-215.453074
216.000000	33167.620424	-46276.527667	0.921122	-215.104070
216.500000	33168.080985	-46384.079702	0.898630	-214.756785
217.000000	33168.530300	-46491.458094	0.876660	-214.411205
217.500000	33168.968630	-46598.663697	0.855199	-214.067317
218.000000	33169.396229	-46705.697355	0.834236	-213.725105
218.500000	33169.813347	-46812.559908	0.813761	-213.384555
219.000000	33170.220228	-46919.252185	0.793763	-213.045654
219.500000	33170.617109	-47025.775012	0.774232	-212.708388
220.000000	33171.004225	-47132.129206	0.755156	-212.372743
220.500000	33171.381803	-47238.315578	0.736527	-212.038707
221.000000	33171.750067	-47344.334931	0.718335	-211.706265
221.500000	33172.109234	-47450.188064	0.700569	-211.375404
222.000000	33172.459519	-47555.875766	0.683221	-211.046112
222.500000	33172.801129	-47661.398822	0.666281	-210.718376
223.000000	33173.134270	-47766.758009	0.649740	-210.392182
223.500000	33173.459140	-47871.954100	0.633590	-210.067519
224.000000	33173.775935	-47976.987860	0.617821	-209.744374
224.500000	33174.084845	-48081.860047	0.602425	-209.422734
225.000000	33174.386058	-48186.571414	0.587395	-209.102588
225.500000	33174.679755	-48291.122708	0.572721	-208.783924
226.000000	33174.966116	-48395.514670	0.558396	-208.466729
226.500000	33175.245314	-48499.748035	0.544412	-208.150992
227.000000	33175.517520	-48603.823531	0.530761	-207.836702
227.500000	33175.782900	-48707.741882	0.517436	-207.523846
228.000000	33176.041618	-48811.503805	0.504429	-207.212413
228.500000	33176.293832	-48915.110012	0.491734	-206.902393
229.000000	33176.539699	-49018.561208	0.479343	-206.593774
229.500000	33176.779371	-49121.858095	0.467249	-206.286544
230.000000	33177.012995	-49225.001367	0.455447	-205.980694
230.500000	33177.240719	-49327.991714	0.443928	-205.676212
231.000000	33177.462683	-49430.829821	0.432687	-205.373088
231.500000	33177.679026	-49533.516365	0.421717	-205.071312
232.000000	33177.889884	-49636.052021	0.411012	-204.770872
232.500000	33178.095391	-49738.437456	0.400567	-204.471758
233.000000	33178.295674	-49840.673335	0.390374	-204.173961
233.500000	33178.490861	-49942.760316	0.380429	-203.877470
234.000000	33178.681075	-50044.699051	0.370726	-203.582275
234.500000	33178.866438	-50146.490188	0.361258	-203.288367
235.000000	33179.047068	-50248.134372	0.352022	-202.995735
235.500000	33179.223078	-50349.632239	0.343011	-202.704370
236.000000	33179.394584	-50450.984425	0.334220	-202.414263
236.500000	33179.561694	-50552.191556	0.325644	-202.125404
237.000000	33179.724515	-50653.254258	0.317278	-201.837783
237.500000	33179.883154	-50754.173150	0.309117	-201.551392
238.000000	33180.037713	-50854.948846	0.301157	-201.266221
238.500000	33180.188292	-50955.581957	0.293393	-200.982262
239.000000	33180.334988	-51056.073088	0.285820	-200.699504
239.500000	33180.477898	-51156.422840	0.278434	-200.417940
240.000000	33180.617115	-51256.631810	0.271230	-200.137561
240.500000	33180.752730	-51356.700590	0.264204	-199.858357
241.000000	33180.884832	-51456.629769	0.257352	-199.580321
241.500000	33181.013508	-51556.419929	0.250670	-199.303444
242.000000	33181.138843	-51656.071651	0.244154	-199.027717
242.500000	33181.260920	-51755.585510	0.237800	-198.753132
243.000000	33181.379820	-51854.962076	0.231605	-198.479682
243.500000	33181.495623	-51954.201917	0.225563	-198.207357
244.000000	33181.608404	-52053.305595	0.219673	-197.936149
244.500000	33181.718241	-52152.273670	0.213929	-197.666052
245.000000	33181.825205	-52251.106696	0.208330	-197.397056
245.500000	33181.929370	-52349.805224	0.202870	-197.129154
246.000000	33182.030805	-52448.369801	0.197548	-196.862339
246.500000	33182.129579	-52546.800971	0.192359	-196.596602
247.000000	33182.225758	-52645.099272	0.187301	-196.331936
247.500000	33182.319409	-52743.265240	0.182370	-196.068334
248.000000	33182.410594	-52841.299407	0.177563	-195.805788
248.500000	33182.499375	-52939.202300	0.172878	-195.544290
249.000000	33182.585814	-53036.974445	0.168311	-195.283834
249.500000	33182.669970	-53134.616362	0.163860	-195.024412
250.000000	33182.751900	-53232.128569	0.159522	-194.766018
250.500000	33182.831661	-53329.511577	0.155294	-194.508643
251.000000	33182.909308	-53426.765899	0.151173	-194.252281
251.500000	33182.984895	-53523.892039	0.147157	-193.996926
252.000000	33183.058473	-53620.890502	0.143243	-193.742570
252.500000	33183.130095	-53717.761787	0.139430	-193.489206
253.000000	33183.199810	-53814.506390	0.135713	-193.236828
253.500000	33183.267667	-53911.124804	0.132092	-192.985429
254.000000	33183.333712	-54007.617519	0.128563	-192.735003
254.500000	33183.397994	-54103.985021	0.125125	-192.485543
255.000000	33183.460556	-54200.227792	0.121775	-192.237042
255.500000	33183.521444	-54296.346313	0.118511	-191.989495
256.000000	33183.580699	-54392.341061	0.115331	-191.742894
256.500000	33183.638365	-54488.212508	0.112233	-191.497234
257.000000	33183.694481	-54583.961125	0.109215	-191.252508
257.500000	33183.749088	-54679.587378	0.106274	-191.008710
258.000000	33183.802226	-54775.091734	0.103410	-190.765834
258.500000	33183.853931	-54870.474651	0.100620	-190.523875
259.000000	33183.904241	-54965.736588	0.097902	-190.282825
259.500000	33183.953192	-55060.878001	0.095255	-190.042680
260.000000	33184.000820	-55155.899340	0.092677	-189.803432
260.500000	33184.047158	-55250.801057	0.090165	-189.565078
261.000000	33184.092241	-55345.583595	0.087719	-189.327609
261.500000	33184.136100	-55440.247400	0.085337	-189.091022
262.000000	33184.178769	-55534.792911	0.083017	-188.855310
262.500000	33184.220277	-55629.220566	0.080758	-188.620468
263.000000	33184.260656	-55723.530800	0.078558	-188.386490
263.500000	33184.299935	-55817.724045	0.076415	-188.153371
264.000000	33184.338143	-55911.800731	0.074329	-187.921105
264.500000	33184.375307	-56005.761283	0.072297	-187.689687
265.000000	33184.411455	-56099.606126	0.070319	-187.459111
265.500000	33184.446615	-56193.335682	0.068393	-187.229372
266.000000	33184.480811	-56286.950368	0.066517	-187.000466
266.500000	33184.514070	-56380.450601	0.064691	-186.772386
267.000000	33184.546415	-56473.836794	0.062914	-186.545128
267.500000	33184.577872	-56567.109357	0.061183	-186.318686
268.000000	33184.608464	-56660.268700	0.059498	-186.093055
268.500000	33184.638213	-56753.315228	0.057858	-185.868232
269.000000	33184.667142	-56846.249344	0.056262	-185.644209
269.500000	33184.695273	-56939.071448	0.054707	-185.420983
270.000000	33184.722627	-57031.781940	0.053195	-185.198549
270.500000	33184.749224	-57124.381214	0.051722	-184.976901
271.000000	33184.775085	-57216.869665	0.050289	-184.756036
271.500000	33184.800229	-57309.247683	0.048894	-184.535948
272.000000	33184.824676	-57401.515657	0.047536	-184.316632
272.500000	33184.848444	-57493.673973	0.046215	-184.098084
273.000000	33184.871552	-57585.723015	0.044929	-183.880300
273.500000	33184.894016	-57677.663164	0.043677	-183.663274
274.000000	33184.915855	-57769.494801	0.042459	-183.447002
274.500000	33184.937084	-57861.218302	0.041274	-183.231480
275.000000	33184.957722	-57952.834042	0.040121	-183.016703
275.500000	33184.977782	-58044.342393	0.038999	-182.802666
276.000000	33184.997281	-58135.743727	0.037907	-182.589366
276.500000	33185.016235	-58227.038410	0.036844	-182.376798
277.000000	33185.034657	-58318.226809	0.035811	-182.164958
277.500000	33185.052562	-58409.309288	0.034805	-181.953841
278.000000	33185.069965	-58500.286209	0.033826	-181.743443
278.500000	33185.086878	-58591.157930	0.032874	-181.533760
279.000000	33185.103315	-58681.924810	0.031948	-181.324788
279.500000	33185.119289	-58772.587205	0.031047	-181.116523
280.000000	33185.134813	-58863.145466	0.030171	-180.908960
280.500000	33185.149899	-58953.599946	0.029318	-180.702095
281.000000	33185.164558	-59043.950993	0.028489	-180.495925
281.500000	33185.178802	-59134.198956	0.027683	-180.290445
282.000000	33185.192644	-59224.344178	0.026898	-180.085652
282.500000	33185.206093	-59314.387004	0.026135	-179.881541
283.000000	33185.219160	-59404.327775	0.025393	-179.678109
283.500000	33185.231856	-59494.166829	0.024671	-179.475351
284.000000	33185.244192	-59583.904505	0.023969	-179.273265
284.500000	33185.256176	-59673.541137	0.023286	-179.071846
285.000000	33185.267819	-59763.077060	0.022622	-178.871090
285.500000	33185.279130	-59852.512605	0.021976	-178.670993
286.000000	33185.290119	-59941.848101	0.021349	-178.471553
286.500000	33185.300793	-60031.083878	0.020738	-178.272764
287.000000	33185.311162	-60120.220260	0.020145	-178.074624
287.500000	33185.321234	-60209.257572	0.019567	-177.877130
288.000000	33185.331018	-60298.196137	0.019006	-177.680276
288.500000	33185.340521	-60387.036275	0.018460	-177.484060
289.000000	33185.349751	-60475.778305	0.017930	-177.288479
289.500000	33185.358716	-60564.422544	0.017414	-177.093528
290.000000	33185.367423	-60652.969309	0.016913	-176.899205
290.500000	33185.375879	-60741.418911	0.016425	-176.705505
291.000000	33185.384092	-60829.771664	0.015951	-176.512426
291.500000	33185.392068	-60918.027876	0.015491	-176.319964
292.000000	33185.399813	-61006.187858	0.015043	-176.128115
292.500000	33185.407334	-61094.251916	0.014608	-175.936877
293.000000	33185.414638	-61182.220354	0.014185	-175.746245
293.500000	33185.421731	-61270.093477	0.013773	-175.556217
294.000000	33185.428617	-61357.871585	0.013374	-175.366790
294.500000	33185.435304	-61445.554980	0.012985	-175.177960
295.000000	33185.441797	-61533.143960	0.012608	-174.989724
295.500000	33185.448100	-61620.638822	0.012241	-174.802078
296.000000	33185.454221	-61708.039862	0.011884	-174.615021
296.500000	33185.460163	-61795.347372	0.011538	-174.428547
297.000000	33185.465932	-61882.561645	0.011201	-174.242655
297.500000	33185.471532	-61969.682973	0.010874	-174.057341
298.000000	33185.476969	-62056.711644	0.010556	-173.872603
298.500000	33185.482247	-62143.647945	0.010247	-173.688437
299.000000	33185.487370	-62230.492163	0.009947	-173.504839
299.500000	33185.492343	-62317.244583	0.009655	-173.321808
300.000000	33185.497171	-62403.905487	0.009371	-173.139340
300.500000	33185.501857	-62490.475157	0.009096	-172.957432
301.000000	33185.506405	-62576.953873	0.008829	-172.776082
301.500000	33185.510819	-62663.341914	0.008569	-172.595286
302.000000	33185.515103	-62749.639557	0.008316	-172.415041
302.500000	33185.519261	-62835.847077	0.008071	-172.235345
303.000000	33185.523297	-62921.964750	0.007833	-172.056194
303.500000	33185.527213	-63007.992847	0.007601	-171.877587
304.000000	33185.531014	-63093.931640	0.007377	-171.699520
304.500000	33185.534702	-63179.781400	0.007158	-171.521990
305.000000	33185.538281	-63265.542395	0.006946	-171.344995
305.500000	33185.541754	-63351.214893	0.006740	-171.168531
306.000000	33185.545125	-63436.799158	0.006540	-170.992597
306.500000	33185.548395	-63522.295457	0.006346	-170.817189
307.000000	33185.551567	-63607.704051	0.006157	-170.642305
307.500000	33185.554646	-63693.025204	0.005974	-170.467942
308.000000	33185.557633	-63778.259175	0.005796	-170.294097
308.500000	33185.560531	-63863.406223	0.005623	-170.120769
309.000000	33185.563342	-63948.466608	0.005455	-169.947953
309.500000	33185.566070	-64033.440584	0.005292	-169.775649
310.000000	33185.568716	-64118.328409	0.005134	-169.603852
310.500000	33185.571283	-64203.130335	0.004980	-169.432561
311.000000	33185.573773	-64287.846615	0.004831	-169.261773
311.500000	33185.576188	-64372.477501	0.004686	-169.091485
312.000000	33185.578531	-64457.023244	0.004546	-168.921696
312.500000	33185.580804	-64541.484092	0.004409	-168.752402
313.000000	33185.583009	-64625.860293	0.004276	-168.583601
313.500000	33185.585147	-64710.152093	0.004148	-168.415290
314.000000	33185.587221	-64794.359738	0.004023	-168.247468
314.500000	33185.589232	-64878.483472	0.003902	-168.080132
315.000000	33185.591183	-64962.523538	0.003784	-167.913279
315.500000	33185.593075	-65046.480178	0.003669	-167.746907
316.000000	33185.594909	-65130.353631	0.003559	-167.581014
316.500000	33185.596689	-65214.144139	0.003451	-167.415598
317.000000	33185.598414	-65297.851937	0.003346	-167.250655
317.500000	33185.600087	-65381.477265	0.003245	-167.086184
318.000000	33185.601710	-65465.020357	0.003147	-166.922183
318.500000	33185.603283	-65548.481449	0.003051	-166.758649
319.000000	33185.604809	-65631.860773	0.002958	-166.595579
319.500000	33185.606288	-65715.158563	0.002868	-166.432973
320.000000	33185.607722	-65798.375049	0.002781	-166.270827
320.500000	33185.609112	-65881.510462	0.002696	-166.109139
321.000000	33185.610460	-65964.565032	0.002614	-165.947907
321.500000	33185.611767	-66047.538985	0.002534	-165.787129
322.000000	33185.613034	-66130.432550	0.002457	-165.626803
322.500000	33185.614263	-66213.245951	0.002382	-165.466926
323.000000	33185.615454	-66295.979414	0.002309	-165.307497
323.500000	33185.616608	-66378.633163	0.002238	-165.148513
324.000000	33185.617727	-66461.207420	0.002169	-164.989972
324.500000	33185.618812	-66543.702406	0.002103	-164.831873
325.000000	33185.619863	-66626.118342	0.002038	-164.674212
325.500000	33185.620882	-66708.455448	0.001976	-164.516989
326.000000	33185.621870	-66790.713943	0.001915	-164.360200
326.500000	33185.622827	-66872.894043	0.001856	-164.203844
327.000000	33185.623755	-66954.995965	0.001799	-164.047919
327.500000	33185.624655	-67037.019925	0.001743	-163.892423
328.000000	33185.625526	-67118.966136	0.001689	-163.737354
328.500000	33185.626371	-67200.834813	0.001637	-163.582710
329.000000	33185.627189	-67282.626168	0.001586	-163.428488
329.500000	33185.627983	-67364.340412	0.001537	-163.274688
330.000000	33185.628751	-67445.977756	0.001490	-163.121306
330.500000	33185.629496	-67527.538409	0.001444	-162.968341
331.000000	33185.630218	-67609.022580	0.001399	-162.815792
331.500000	33185.630917	-67690.430476	0.001355	-162.663656
332.000000	33185.631595	-67771.762304	0.001313	-162.511931
332.500000	33185.632252	-67853.018269	0.001272	-162.360616
333.000000	33185.632888	-67934.198577	0.001233	-162.209708
333.500000	33185.633504	-68015.303431	0.001194	-162.059206
334.000000	33185.634101	-68096.333035	0.001157	-161.909108
334.500000	33185.634680	-68177.287589	0.001121	-161.759412
335.000000	33185.635240	-68258.167295	0.001086	-161.610117
335.500000	33185.635783	-68338.972354	0.001052	-161.461219
336.000000	33185.636309	-68419.702963	0.001019	-161.312719
336.500000	33185.636819	-68500.359323	0.000987	-161.164613
337.000000	33185.637312	-68580.941629	0.000956	-161.016900
337.500000	33185.637790	-68661.450079	0.000926	-160.869579
338.000000	33185.638253	-68741.884869	0.000897	-160.722647
338.500000	33185.638702	-68822.246193	0.000869	-160.576103
339.000000	33185.639136	-68902.534244	0.000842	-160.429945
339.500000	33185.639557	-68982.749217	0.000815	-160.284172
340.000000	33185.639964	-69062.891303	0.000789	-160.138781
340.500000	33185.640359	-69142.960694	0.000764	-159.993771
341.000000	33185.640741	-69222.957579	0.000740	-159.849141
341.500000	33185.641112	-69302.882150	0.000717	-159.704888
342.000000	33185.641470	-69382.734594	0.000694	-159.561011
342.500000	33185.641817	-69462.515099	0.000672	-159.417508
343.000000	33185.642153	-69542.223853	0.000651	-159.274378
343.500000	33185.642479	-69621.861043	0.000630	-159.131620
344.000000	33185.642794	-69701.426852	0.000610	-158.989230
344.500000	33185.643099	-69780.921467	0.000591	-158.847208
345.000000	33185.643395	-69860.345072	0.000572	-158.705553
345.500000	33185.643681	-69939.697848	0.000554	-158.564262
346.000000	33185.643958	-70018.979979	0.000536	-158.423334
346.500000	33185.644226	-70098.191646	0.000519	-158.282767
347.000000	33185.644486	-70177.333029	0.000503	-158.142561
347.500000	33185.644737	-70256.404310	0.000487	-158.002712
348.000000	33185.644980	-70335.405666	0.000471	-157.863221
348.500000	33185.645216	-70414.337277	0.000456	-157.724085
349.000000	33185.645444	-70493.199319	0.000442	-157.585302
349.500000	33185.645665	-70571.991970	0.000427	-157.446872
350.000000	33185.645879	-70650.715406	0.000414	-157.308792
350.500000	33185.646086	-70729.369802	0.000400	-157.171062
351.000000	33185.646286	-70807.955333	0.000388	-157.033679
351.500000	33185.646480	-70886.472173	0.000375	-156.896643
352.000000	33185.646667	-70964.920494	0.000363	-156.759951
352.500000	33185.646849	-71043.300469	0.000351	-156.623602
353.000000	33185.647024	-71121.612270	0.000340	-156.487596
353.500000	33185.647194	-71199.856068	0.000329	-156.351930
354.000000	33185.647359	-71278.032033	0.000319	-156.216603
354.500000	33185.647518	-71356.140335	0.000308	-156.081613
355.000000	33185.647673	-71434.181141	0.000298	-155.946959
355.500000	33185.647822	-71512.154621	0.000289	-155.812641
356.000000	33185.647966	-71590.060941	0.000279	-155.678655
356.500000	33185.648106	-71667.900268	0.000270	-155.545001
357.000000	33185.648241	-71745.672769	0.000262	-155.411678
357.500000	33185.648372	-71823.378608	0.000253	-155.278685
358.000000	33185.648498	-71901.017951	0.000245	-155.146019
358.500000	33185.648621	-71978.590960	0.000237	-155.013679
359.000000	33185.648739	-72056.097799	0.000229	-154.881664
359.500000	33185.648854	-72133.538632	0.000222	-154.749973
360.000000	33185.648965	-72210.913618	0.000215	-154.618605
360.500000	33185.649072	-72288.222921	0.000208	-154.487558
361.000000	33185.649176	-72365.466700	0.000201	-154.356830
361.500000	33185.649276	-72442.645115	0.000194	-154.226421
362.000000	33185.649373	-72519.758325	0.000188	-154.096329
362.500000	33185.649467	-72596.806490	0.000182	-153.966553
363.000000	33185.649558	-72673.789766	0.000176	-153.837091
363.500000	33185.649646	-72750.708312	0.000170	-153.707943
364.000000	33185.649731	-72827.562283	0.000164	-153.579106
364.500000	33185.649813	-72904.351836	0.000159	-153.450581
365.000000	33185.649893	-72981.077126	0.000154	-153.322365
365.500000	33185.649970	-73057.738309	0.000149	-153.194457
366.000000	33185.650044	-73134.335537	0.000144	-153.066855
366.500000	33185.650116	-73210.868965	0.000139	-152.939560
367.000000	33185.650186	-73287.338745	0.000135	-152.812569
367.500000	33185.650253	-73363.745030	0.000130	-152.685882
368.000000	33185.650318	-73440.087970	0.000126	-152.559496
368.500000	33185.650381	-73516.367719	0.000122	-152.433412
369.000000	33185.650442	-73592.584424	0.000118	-152.307627
369.500000	33185.650501	-73668.738238	0.000114	-152.182140
370.000000	33185.650558	-73744.829308	0.000110	-152.056951
370.500000	33185.650613	-73820.857783	0.000106	-151.932058
371.000000	33185.650666	-73896.823812	0.000103	-151.807459
371.500000	33185.650717	-73972.727542	0.000100	-151.683155
372.000000	33185.650767	-74048.569119	0.000096	-151.559142
372.500000	33185.650815	-74124.348690	0.000093	-151.435422
373.000000	33185.650862	-74200.066401	0.000090	-151.311991
373.500000	33185.650907	-74275.722397	0.000087	-151.188850
374.000000	33185.650950	-74351.316822	0.000084	-151.065997
374.500000	33185.650992	-74426.849820	0.000081	-150.943430
375.000000	33185.651033	-74502.321535	0.000079	-150.821149
375.500000	33185.651072	-74577.732110	0.000076	-150.699153
376.000000	33185.651110	-74653.081686	0.000073	-150.577440
376.500000	33185.651147	-74728.370406	0.000071	-150.456010
377.000000	33185.651182	-74803.598411	0.000069	-150.334861
377.500000	33185.651217	-74878.765842	0.000066	-150.213992
378.000000	33185.651250	-74953.872837	0.000064	-150.093402
378.500000	33185.651282	-75028.919539	0.000062	-149.973090
379.000000	33185.651313	-75103.906084	0.000060	-149.853055
379.500000	33185.651343	-75178.832611	0.000058	-149.733296
380.000000	33185.651372	-75253.699259	0.000056	-149.613812
380.500000	33185.651400	-75328.506165	0.000054	-149.494602
381.000000	33185.651427	-75403.253466	0.000052	-149.375664
381.500000	33185.651453	-75477.941298	0.000050	-149.256998
382.000000	33185.651478	-75552.569797	0.000049	-149.138602
382.500000	33185.651502	-75627.139098	0.000047	-149.020476
383.000000	33185.651526	-75701.649336	0.000046	-148.902619
383.500000	33185.651549	-75776.100646	0.000044	-148.785029
384.000000	33185.651571	-75850.493160	0.000043	-148.667705
384.500000	33185.651592	-75924.827013	0.000041	-148.550647
385.000000	33185.651612	-75999.102336	0.000040	-148.433854
385.500000	33185.651632	-76073.319263	0.000038	-148.317324
386.000000	33185.651651	-76147.477925	0.000037	-148.201056
386.500000	33185.651670	-76221.578453	0.000036	-148.085050
387.000000	33185.651688	-76295.620979	0.000035	-147.969305
387.500000	33185.651705	-76369.605631	0.000033	-147.853819
388.000000	33185.651722	-76443.532540	0.000032	-147.738591
388.500000	33185.651738	-76517.401836	0.000031	-147.623621
389.000000	33185.651753	-76591.213646	0.000030	-147.508908
389.500000	33185.651768	-76664.968100	0.000029	-147.394450
390.000000	33185.651783	-76738.665325	0.000028	-147.280247
390.500000	33185.651797	-76812.305449	0.000027	-147.166298
391.000000	33185.651811	-76885.888598	0.000026	-147.052601
391.500000	33185.651824	-76959.414898	0.000025	-146.939157
392.000000	33185.651836	-77032.884477	0.000024	-146.825963
392.500000	33185.651849	-77106.297458	0.000024	-146.713019
393.000000	33185.651860	-77179.653968	0.000023	-146.600324
393.500000	33185.651872	-77252.954130	0.000022	-146.487878
394.000000	33185.651883	-77326.198069	0.000021	-146.375679
394.500000	33185.651894	-77399.385908	0.000021	-146.263726
395.000000	33185.651904	-77472.517771	0.000020	-146.152018
395.500000	33185.651914	-77545.593780	0.000019	-146.040555
396.000000	33185.651923	-77618.614057	0.000018	-145.929335
396.500000	33185.651933	-77691.578725	0.000018	-145.818359
397.000000	33185.651941	-77764.487904	0.000017	-145.707624
397.500000	33185.651950	-77837.341716	0.000017	-145.597130
398.000000	33185.651958	-77910.140281	0.000016	-145.486876
398.500000	33185.651966	-77982.883719	0.000016	-145.376861
399.000000	33185.651974	-78055.572149	0.000015	-145.267084
399.500000	33185.651982	-78128.205691	0.000014	-145.157545
400.000000	33185.651989	-78200.784464	0.000014	-145.048243
400.500000	33185.651996	-78273.308586	0.000013	-144.939176
401.000000	33185.652003	-78345.778174	0.000013	-144.830345
401.500000	33185.652009	-78418.193346	0.000013	-144.721747
402.000000	33185.652015	-78490.554220	0.000012	-144.613383
402.500000	33185.652022	-78562.860911	0.000012	-144.505250
403.000000	33185.652027	-78635.113536	0.000011	-144.397350
403.500000	33185.652033	-78707.312211	0.000011	-144.289680
404.000000	33185.652039	-78779.457051	0.000011	-144.182240
404.500000	33185.652044	-78851.548171	0.000010	-144.075029
405.000000	33185.652049	-78923.585685	0.000010	-143.968046
405.500000	33185.652054	-78995.569709	0.000009	-143.861291
406.000000	33185.652059	-79067.500354	0.000009	-143.754762
406.500000	33185.652063	-79139.377735	0.000009	-143.648459
407.000000	33185.652068	-79211.201965	0.000009	-143.542381
407.500000	33185.652072	-79282.973155	0.000008	-143.436528
408.000000	33185.652076	-79354.691419	0.000008	-143.330897
408.500000	33185.652080	-79426.356868	0.000008	-143.225490
409.000000	33185.652084	-79497.969613	0.000007	-143.120304
409.500000	33185.652087	-79569.529765	0.000007	-143.015339
410.000000	33185.652091	-79641.037434	0.000007	-142.910595
410.500000	33185.652094	-79712.492731	0.000007	-142.806070
411.000000	33185.652098	-79783.895766	0.000006	-142.701763
411.500000	33185.652101	-79855.246648	0.000006	-142.597675
412.000000	33185.652104	-79926.545485	0.000006	-142.493804
412.500000	33185.652107	-79997.792387	0.000006	-142.390149
413.000000	33185.652110	-80068.987462	0.000006	-142.286710
413.500000	33185.652113	-80140.130817	0.000005	-142.183487
414.000000	33185.652115	-80211.222561	0.000005	-142.080477
414.500000	33185.652118	-80282.262799	0.000005	-141.977680
415.000000	33185.652120	-80353.251639	0.000005	-141.875097
415.500000	33185.652123	-80424.189188	0.000005	-141.772725
416.000000	33185.652125	-80495.075550	0.000004	-141.670565
416.500000	33185.652127	-80565.910833	0.000004	-141.568615
417.000000	33185.652130	-80636.695140	0.000004	-141.466875
417.500000	33185.652132	-80707.428577	0.000004	-141.365344
418.000000	33185.652134	-80778.111249	0.000004	-141.264021
418.500000	33185.652136	-80848.743260	0.000004	-141.162906
419.000000	33185.652137	-80919.324713	0.000004	-141.061998
419.500000	33185.652139	-80989.855712	0.000003	-140.961296
420.000000	33185.652141	-81060.336360	0.000003	-140.860800
420.500000	33185.652143	-81130.766760	0.000003	-140.760508
421.000000	33185.652144	-81201.147014	0.000003	-140.660421
421.500000	33185.652146	-81271.477225	0.000003	-140.560537
422.000000	33185.652147	-81341.757493	0.000003	-140.460856
422.500000	33185.652149	-81411.987921	0.000003	-140.361376
423.000000	33185.652150	-81482.168609	0.000003	-140.262098
423.500000	33185.652152	-81552.299659	0.000003	-140.163021
424.000000	33185.652153	-81622.381169	0.000003	-140.064144
424.500000	33185.652154	-81692.413241	0.000002	-139.965466
425.000000	33185.652155	-81762.395974	0.000002	-139.866987
425.500000	33185.652156	-81832.329468	0.000002	-139.768706
426.000000	33185.652158	-81902.213820	0.000002	-139.670622
426.500000	33185.652159	-81972.049131	0.000002	-139.572734
427.000000	33185.652160	-82041.835498	0.000002	-139.475043
427.500000	33185.652161	-82111.573020	0.000002	-139.377547
428.000000	33185.652162	-82181.261793	0.000002	-139.280246
428.500000	33185.652163	-82250.901916	0.000002	-139.183138
429.000000	33185.652164	-82320.493485	0.000002	-139.086225
429.500000	33185.652164	-82390.036598	0.000002	-138.989503
430.000000	33185.652165	-82459.531349	0.000002	-138.892974
430.500000	33185.652166	-82528.977836	0.000002	-138.796637
431.000000	33185.652167	-82598.376155	0.000002	-138.700490
431.500000	33185.652168	-82667.726400	0.000001	-138.604534
432.000000	33185.652168	-82737.028667	0.000001	-138.508767
432.500000	33185.652169	-82806.283050	0.000001	-138.413189
433.000000	33185.652170	-82875.489645	0.000001	-138.317799
433.500000	33185.652170	-82944.648544	0.000001	-138.222597
434.000000	33185.652171	-83013.759843	0.000001	-138.127582
434.500000	33185.652172	-83082.823634	0.000001	-138.032754
435.000000	33185.652172	-83151.840011	0.000001	-137.938111
435.500000	33185.652173	-83220.809067	0.000001	-137.843654
436.000000	33185.652173	-83289.730894	0.000001	-137.749382
436.500000	33185.652174	-83358.605585	0.000001	-137.655293
437.000000	33185.652174	-83427.433231	0.000001	-137.561388
437.500000	33185.652175	-83496.213925	0.000001	-137.467666
438.000000	33185.652175	-83564.947758	0.000001	-137.374126
438.500000	33185.652176	-83633.634821	0.000001	-137.280767
439.000000	33185.652176	-83702.275204	0.000001	-137.187590
439.500000	33185.652177	-83770.868999	0.000001	-137.094593
440.000000	33185.652177	-83839.416296	0.000001	-137.001776
440.500000	33185.652177	-83907.917184	0.000001	-136.909139
441.000000	33185.652178	-83976.371754	0.000001	-136.816680
441.500000	33185.652178	-84044.780094	0.000001	-136.724399
442.000000	33185.652178	-84113.142293	0.000001	-136.632296
442.500000	33185.652179	-84181.458442	0.000001	-136.540370
443.000000	33185.652179	-84249.728627	0.000001	-136.448621
443.500000	33185.652179	-84317.952937	0.000001	-136.357047
444.000000	33185.652180	-84386.131461	0.000001	-136.265649
444.500000	33185.652180	-84454.264285	0.000001	-136.174425
445.000000	33185.652180	-84522.351498	0.000001	-136.083376
445.500000	33185.652180	-84590.393186	0.000001	-135.992500
446.000000	33185.652181	-84658.389436	0.000000	-135.901798
446.500000	33185.652181	-84726.340335	0.000000	-135.811268
447.000000	33185.652181	-84794.245969	0.000000	-135.720910
447.500000	33185.652181	-84862.106423	0.000000	-135.630723
448.000000	33185.652182	-84929.921785	0.000000	-135.540707
448.500000	33185.652182	-84997.692139	0.000000	-135.450862
449.000000	33185.652182	-85065.417570	0.000000	-135.361187
449.500000	33185.652182	-85133.098163	0.000000	-135.271681
450.000000	33185.652182	-85200.734004	0.000000	-135.182343
450.500000	33185.652183	-85268.325175	0.000000	-135.093174
451.000000	33185.652183	-85335.871762	0.000000	-135.004173
451.500000	33185.652183	-85403.373849	0.000000	-134.915339
452.000000	33185.652183	-85470.831518	0.000000	-134.826671
452.500000	33185.652183	-85538.244854	0.000000	-134.738170
453.000000	33185.652183	-85605.613939	0.000000	-134.649834
453.500000	33185.652184	-85672.938856	0.000000	-134.561663
454.000000	33185.652184	-85740.219687	0.000000	-134.473657
454.500000	33185.652184	-85807.456516	0.000000	-134.385815
455.000000	33185.652184	-85874.649423	0.000000	-134.298137
455.500000	33185.652184	-85941.798492	0.000000	-134.210621
456.000000	33185.652184	-86008.903802	0.000000	-134.123269
456.500000	33185.652184	-86075.965437	0.000000	-134.036078
457.000000	33185.652185	-86142.983476	0.000000	-133.949049
457.500000	33185.652185	-86209.958000	0.000000	-133.862180
458.000000	33185.652185	-86276.889090	0.000000	-133.775473
458.500000	33185.652185	-86343.776826	0.000000	-133.688925
459.000000	33185.652185	-86410.621289	0.000000	-133.602537
459.500000	33185.652185	-86477.422557	0.000000	-133.516308
460.000000	33185.652185	-86544.180712	0.000000	-133.430238
460.500000	33185.652185	-86610.895831	0.000000	-133.344326
461.000000	33185.652185	-86677.567993	0.000000	-133.258571
461.500000	33185.652185	-86744.197279	0.000000	-133.172973
462.000000	33185.652185	-86810.783766	0.000000	-133.087533
462.500000	33185.652185	-86877.327532	0.000000	-133.002248
463.000000	33185.652186	-86943.828656	0.000000	-132.917119
463.500000	33185.652186	-87010.287215	0.000000	-132.832145
464.000000	33185.652186	-87076.703288	0.000000	-132.747326
464.500000	33185.652186	-87143.076951	0.000000	-132.662662
465.000000	33185.652186	-87209.408282	0.000000	-132.578151
465.500000	33185.652186	-87275.697357	0.000000	-132.493793
466.000000	33185.652186	-87341.944254	0.000000	-132.409588
466.500000	33185.652186	-87408.149048	0.000000	-132.325536
467.000000	33185.652186	-87474.311816	0.000000	-132.241636
467.500000	33185.652186	-87540.432634	0.000000	-132.157887
468.000000	33185.652186	-87606.511578	0.000000	-132.074290
468.500000	33185.652186	-87672.548723	0.000000	-131.990842
469.000000	33185.652186	-87738.544144	0.000000	-131.907546
469.500000	33185.652186	-87804.497917	0.000000	-131.824398
470.000000	33185.652186	-87870.410116	0.000000	-131.741400
470.500000	33185.652186	-87936.280816	0.000000	-131.658551
471.000000	33185.652186	-88002.110091	0.000000	-131.575850
471.500000	33185.652186	-88067.898016	0.000000	-131.493297
472.000000	33185.652186	-88133.644665	0.000000	-131.410892
472.500000	33185.652187	-88199.350111	0.000000	-131.328633
473.000000	33185.652187	-88265.014428	0.000000	-131.246522
473.500000	33185.652187	-88330.637688	0.000000	-131.164556
474.000000	33185.652187	-88396.219966	0.000000	-131.082736
474.500000	33185.652187	-88461.761334	0.000000	-131.001061
475.000000	33185.652187	-88527.261865	0.000000	-130.919531
475.500000	33185.652187	-88592.721631	0.000000	-130.838146
476.000000	33185.652187	-88658.140704	0.000000	-130.756905
476.500000	33185.652187	-88723.519156	0.000000	-130.675807
477.000000	33185.652187	-88788.857060	0.000000	-130.594853
477.500000	33185.652187	-88854.154486	0.000000	-130.514041
478.000000	33185.652187	-88919.411506	0.000000	-130.433371
478.500000	33185.652187	-88984.628192	0.000000	-130.352844
479.000000	33185.652187	-89049.804614	0.000000	-130.272457
479.500000	33185.652187	-89114.940842	0.000000	-130.192212
480.000000	33185.652187	-89180.036949	0.000000	-130.112108
480.500000	33185.652187	-89245.093003	0.000000	-130.032144
481.000000	33185.652187	-89310.109075	0.000000	-129.952320
481.500000	33185.652187	-89375.085235	0.000000	-129.872635
482.000000	33185.652187	-89440.021552	0.000000	-129.793089
482.500000	33185.652187	-89504.918097	0.000000	-129.713682
483.000000	33185.652187	-89569.774938	0.000000	-129.634413
483.500000	33185.652187	-89634.592144	0.000000	-129.555282
484.000000	33185.652187	-89699.369785	0.000000	-129.476288
484.500000	33185.652187	-89764.107929	0.000000	-129.397432
485.000000	33185.652187	-89828.806645	0.000000	-129.318712
485.500000	33185.652187	-89893.466001	0.000000	-129.240128
486.000000	33185.652187	-89958.086065	0.000000	-129.161680
486.500000	33185.652187	-90022.666905	0.000000	-129.083368
487.000000	33185.652187	-90087.208589	0.000000	-129.005190
487.500000	33185.652187	-90151.711184	0.000000	-128.927147
488.000000	33185.652187	-90216.174757	0.000000	-128.849239
488.500000	33185.652187	-90280.599377	0.000000	-128.771464
489.000000	33185.652187	-90344.985109	0.000000	-128.693824
489.500000	33185.652187	-90409.332021	0.000000	-128.616316
490.000000	33185.652187	-90473.640179	0.000000	-128.538941
490.500000	33185.652187	-90537.909649	0.000000	-128.461698
491.000000	33185.652187	-90602.140498	0.000000	-128.384587
491.500000	33185.652187	-90666.332792	0.000000	-128.307608
492.000000	33185.652187	-90730.486596	0.000000	-128.230760
492.500000	33185.652187	-90794.601976	0.000000	-128.154043
493.000000	33185.652187	-90858.678998	0.000000	-128.077457
493.500000	33185.652187	-90922.717726	0.000000	-128.001001
494.000000	33185.652187	-90986.718227	0.000000	-127.924674
494.500000	33185.652187	-91050.680564	0.000000	-127.848477
495.000000	33185.652187	-91114.604802	0.000000	-127.772409
495.500000	33185.652187	-91178.491007	0.000000	-127.696470
496.000000	33185.652187	-91242.339242	0.000000	-127.620659
496.500000	33185.652187	-91306.149572	0.000000	-127.544976
497.000000	33185.652187	-91369.922060	0.000000	-127.469421
497.500000	33185.652187	-91433.656770	0.000000	-127.393992
498.000000	33185.652187	-91497.353766	0.000000	-127.318691
498.500000	33185.652187	-91561.013112	0.000000	-127.243516
499.000000	33185.652187	-91624.634870	0.000000	-127.168468
499.500000	33185.652187	-91688.219104	0.000000	-127.093545
500.000000	33185.652187	-91751.765876	0.000000	-127.018748
500.500000	33185.652187	-91815.275250	0.000000	-126.944075
501.000000	33185.652187	-91878.747288	0.000000	-126.869528
501.500000	33185.652187	-91942.182052	0.000000	-126.795105
502.000000	33185.652187	-92005.579604	0.000000	-126.720806
502.500000	33185.652187	-92068.940007	0.000000	-126.646631
503.000000	33185.652187	-92132.263323	0.000000	-126.572579
503.500000	33185.652187	-92195.549612	0.000000	-126.498651
504.000000	33185.652187	-92258.798938	0.000000	-126.424845
504.500000	33185.652187	-92322.011360	0.000000	-126.351161
505.000000	33185.652187	-92385.186940	0.000000	-126.277599
505.500000	33185.652187	-92448.325740	0.000000	-126.204160
506.000000	33185.652187	-92511.427820	0.000000	-126.130841
506.500000	33185.652187	-92574.493240	0.000000	-126.057644
507.000000	33185.652187	-92637.522062	0.000000	-125.984567
507.500000	33185.652187	-92700.514346	0.000000	-125.911610
508.000000	33185.652187	-92763.470151	0.000000	-125.838774
508.500000	33185.652187	-92826.389538	0.000000	-125.766057
509.000000	33185.652187	-92889.272567	0.000000	-125.693460
509.500000	33185.652187	-92952.119297	0.000000	-125.620982
510.000000	33185.652187	-93014.929788	0.000000	-125.548623
510.500000	33185.652187	-93077.704099	0.000000	-125.476382
511.000000	33185.652187	-93140.442290	0.000000	-125.404259
511.500000	33185.652187	-93203.144419	0.000000	-125.332253
512.000000	33185.652187	-93265.810546	0.000000	-125.260366
512.500000	33185.652187	-93328.440729	0.000000	-125.188595
513.000000	33185.652187	-93391.035026	0.000000	-125.116941
513.500000	33185.652187	-93453.593497	0.000000	-125.045404
514.000000	33185.652187	-93516.116199	0.000000	-124.973983
514.500000	33185.652187	-93578.603190	0.000000	-124.902678
515.000000	33185.652187	-93641.054529	0.000000	-124.831488
515.500000	33185.652187	-93703.470273	0.000000	-124.760413
516.000000	33185.652187	-93765.850480	0.000000	-124.689454
516.500000	33185.652187	-93828.195207	0.000000	-124.618609
517.000000	33185.652187	-93890.504511	0.000000	-124.547878
517.500000	33185.652187	-93952.778451	0.000000	-124.477262
518.000000	33185.652187	-94015.017081	0.000000	-124.406759
518.500000	33185.652187	-94077.220461	0.000000	-124.336370
519.000000	33185.652187	-94139.388646	0.000000	-124.266093
519.500000	33185.652187	-94201.521692	0.000000	-124.195930
520.000000	33185.652187	-94263.619657	0.000000	-124.125879
520.500000	33185.652187	-94325.682597	0.000000	-124.055940
521.000000	33185.652187	-94387.710566	0.000000	-123.986113
521.500000	33185.652187	-94449.703623	0.000000	-123.916397
522.000000	33185.652187	-94511.661822	0.000000	-123.846793
522.500000	33185.652187	-94573.585218	0.000000	-123.777300
523.000000	33185.652187	-94635.473868	0.000000	-123.707918
523.500000	33185.652187	-94697.327827	0.000000	-123.638646
524.000000	33185.652187	-94759.147150	0.000000	-123.569484
524.500000	33185.652187	-94820.931892	0.000000	-123.500432
525.000000	33185.652187	-94882.682108	0.000000	-123.431490
525.500000	33185.652187	-94944.397853	0.000000	-123.362657
526.000000	33185.652187	-95006.079182	0.000000	-123.293932
526.500000	33185.652187	-95067.726148	0.000000	-123.225317
527.000000	33185.652187	-95129.338806	0.000000	-123.156810
527.500000	33185.652187	-95190.917211	0.000000	-123.088411
528.000000	33185.652187	-95252.461417	0.000000	-123.020120
528.500000	33185.652187	-95313.971476	0.000000	-122.951936
529.000000	33185.652187	-95375.447444	0.000000	-122.883860
529.500000	33185.652187	-95436.889374	0.000000	-122.815890
530.000000	33185.652187	-95498.297319	0.000000	-122.748028
530.500000	33185.652187	-95559.671333	0.000000	-122.680271
531.000000	33185.652187	-95621.011469	0.000000	-122.612621
531.500000	33185.652187	-95682.317779	0.000000	-122.545077
532.000000	33185.652187	-95743.590318	0.000000	-122.477638
532.500000	33185.652187	-95804.829137	0.000000	-122.410305
533.000000	33185.652187	-95866.034289	0.000000	-122.343077
533.500000	33185.652187	-95927.205828	0.000000	-122.275953
534.000000	33185.652187	-95988.343805	0.000000	-122.208934
534.500000	33185.652187	-96049.448272	0.000000	-122.142020
535.000000	33185.652187	-96110.519282	0.000000	-122.075209
535.500000	33185.652187	-96171.556886	0.000000	-122.008502
536.000000	33185.652187	-96232.561137	0.000000	-121.941898
536.500000	33185.652187	-96293.532086	0.000000	-121.875398
537.000000	33185.652187	-96354.469785	0.000000	-121.809000
537.500000	33185.652187	-96415.374285	0.000000	-121.742705
538.000000	33185.652187	-96476.245638	0.000000	-121.676513
538.500000	33185.652187	-96537.083894	0.000000	-121.610422
539.000000	33185.652187	-96597.889105	0.000000	-121.544434
539.500000	33185.652187	-96658.661322	0.000000	-121.478547
540.000000	33185.652187	-96719.400596	0.000000	-121.412761
540.500000	33185.652187	-96780.106976	0.000000	-121.347077
541.000000	33185.652187	-96840.780515	0.000000	-121.281493
541.500000	33185.652187	-96901.421261	0.000000	-121.216010
542.000000	33185.652187	-96962.029266	0.000000	-121.150627
542.500000	33185.652187	-97022.604579	0.000000	-121.085344
543.000000	33185.652187	-97083.147251	0.000000	-121.020161
543.500000	33185.652187	-97143.657331	0.000000	-120.955077
544.000000	33185.652187	-97204.134870	0.000000	-120.890093
544.500000	33185.652187	-97264.579916	0.000000	-120.825207
545.000000	33185.652187	-97324.992520	0.000000	-120.760421
545.500000	33185.652187	-97385.372730	0.000000	-120.695733
546.000000	33185.652187	-97445.720597	0.000000	-120.631143
546.500000	33185.652187	-97506.036168	0.000000	-120.566652
547.000000	33185.652187	-97566.319494	0.000000	-120.502258
547.500000	33185.652187	-97626.570623	0.000000	-120.437962
548.000000	33185.652187	-97686.789604	0.000000	-120.373763
548.500000	33185.652187	-97746.976485	0.000000	-120.309661
549.000000	33185.652187	-97807.131316	0.000000	-120.245656
549.500000	33185.652187	-97867.254143	0.000000	-120.181747
550.000000	33185.652187	-97927.345017	0.000000	-120.117935
550.500000	33185.652187	-97987.403984	0.000000	-120.054219
551.000000	33185.652187	-98047.431094	0.000000	-119.990598
551.500000	33185.652187	-98107.426393	0.000000	-119.927073
552.000000	33185.652187	-98167.389929	0.000000	-119.863644
552.500000	33185.652187	-98227.321751	0.000000	-119.800310
553.000000	33185.652187	-98287.221906	0.000000	-119.737071
553.500000	33185.652187	-98347.090442	0.000000	-119.673926
554.000000	33185.652187	-98406.927405	0.000000	-119.610876
554.500000	33185.652187	-98466.732842	0.000000	-119.547920
555.000000	33185.652187	-98526.506802	0.000000	-119.485057
555.500000	33185.652187	-98586.249331	0.000000	-119.422289
556.000000	33185.652187	-98645.960475	0.000000	-119.359614
556.500000	33185.652187	-98705.640282	0.000000	-119.297032
557.000000	33185.652187	-98765.288799	0.000000	-119.234544
557.500000	33185.652187	-98824.906070	0.000000	-119.172148
558.000000	33185.652187	-98884.492144	0.000000	-119.109845
558.500000	33185.652187	-98944.047067	0.000000	-119.047634
559.000000	33185.652187	-99003.570883	0.000000	-118.985515
559.500000	33185.652187	-99063.063641	0.000000	-118.923488
560.000000	33185.652187	-99122.525385	0.000000	-118.861552
560.500000	33185.652187	-99181.956161	0.000000	-118.799709
561.000000	33185.652187	-99241.356015	0.000000	-118.737956
561.500000	33185.652187	-99300.724993	0.000000	-118.676294
562.000000	33185.652187	-99360.063140	0.000000	-118.614723
562.500000	33185.652187	-99419.370502	0.000000	-118.553243
563.000000	33185.652187	-99478.647123	0.000000	-118.491853
563.500000	33185.652187	-99537.893050	0.000000	-118.430553
564.000000	33185.652187	-99597.108326	0.000000	-118.369343
564.500000	33185.652187	-99656.292998	0.000000	-118.308223
565.000000	33185.652187	-99715.447109	0.000000	-118.247192
565.500000	33185.652187	-99774.570705	0.000000	-118.186250
566.000000	33185.652187	-99833.663830	0.000000	-118.125397
566.500000	33185.652187	-99892.726529	0.000000	-118.064633
567.000000	33185.652187	-99951.758845	0.000000	-118.003958
567.500000	33185.652187	-100010.760824	0.000000	-117.943371
568.000000	33185.652187	-100069.732510	0.000000	-117.882872
568.500000	33185.652187	-100128.673946	0.000000	-117.822461
569.000000	33185.652187	-100187.585177	0.000000	-117.762138
569.500000	33185.652187	-100246.466246	0.000000	-117.701903
570.000000	33185.652187	-100305.317197	0.000000	-117.641754
570.500000	33185.652187	-100364.138074	0.000000	-117.581693
571.000000	33185.652187	-100422.928921	0.000000	-117.521719
571.500000	33185.652187	-100481.689780	0.000000	-117.461831
572.000000	33185.652187	-100540.420696	0.000000	-117.402030
572.500000	33185.652187	-100599.121711	0.000000	-117.342315
573.000000	33185.652187	-100657.792869	0.000000	-117.282686
573.500000	33185.652187	-100716.434212	0.000000	-117.223143
574.000000	33185.652187	-100775.045783	0.000000	-117.163686
574.500000	33185.652187	-100833.627626	0.000000	-117.104314
575.000000	33185.652187	-100892.179783	0.000000	-117.045027
575.500000	33185.652187	-100950.702297	0.000000	-116.985826
576.000000	33185.652187	-101009.195209	0.000000	-116.926709
576.500000	33185.652187	-101067.658564	0.000000	-116.867677
577.000000	33185.652187	-101126.092402	0.000000	-116.808729
577.500000	33185.652187	-101184.496767	0.000000	-116.749865
578.000000	33185.652187	-101242.871699	0.000000	-116.691086
578.500000	33185.652187	-101301.217242	0.000000	-116.632390
579.000000	33185.652187	-101359.533437	0.000000	-116.573778
579.500000	33185.652187	-101417.820326	0.000000	-116.515250
580.000000	33185.652187	-101476.077951	0.000000	-116.456804
580.500000	33185.652187	-101534.306353	0.000000	-116.398442
581.000000	33185.652187	-101592.505574	0.000000	-116.340162
581.500000	33185.652187	-101650.675656	0.000000	-116.281966
582.000000	33185.652187	-101708.816638	0.000000	-116.223851
582.500000	33185.652187	-101766.928564	0.000000	-116.165819
583.000000	33185.652187	-101825.011474	0.000000	-116.107869
583.500000	33185.652187	-101883.065408	0.000000	-116.050001
584.000000	33185.652187	-101941.090409	0.000000	-115.992215
584.500000	33185.652187	-101999.086516	0.000000	-115.934510
585.000000	33185.652187	-102057.053771	0.000000	-115.876886
585.500000	33185.652187	-102114.992214	0.000000	-115.819343
586.000000	33185.652187	-102172.901886	0.000000	-115.761882
586.500000	33185.652187	-102230.782827	0.000000	-115.704501
587.000000	33185.652187	-102288.635077	0.000000	-115.647201
587.500000	33185.652187	-102346.458677	0.000000	-115.589981
588.000000	33185.652187	-102404.253668	0.000000	-115.532841
588.500000	33185.652187	-102462.020088	0.000000	-115.475781
589.000000	33185.652187	-102519.757979	0.000000	-115.418801
589.500000	33185.652187	-102577.467379	0.000000	-115.361901
590.000000	33185.652187	-102635.148330	0.000000	-115.305080
590.500000	33185.652187	-102692.800869	0.000000	-115.248338
591.000000	33185.652187	-102750.425038	0.000000	-115.191675
591.500000	33185.652187	-102808.020876	0.000000	-115.135092
592.000000	33185.652187	-102865.588422	0.000000	-115.078586
592.500000	33185.652187	-102923.127715	0.000000	-115.022160
593.000000	33185.652187	-102980.638795	0.000000	-114.965812
593.500000	33185.652187	-103038.121701	0.000000	-114.909542
594.000000	33185.652187	-103095.576472	0.000000	-114.853350
594.500000	33185.652187	-103153.003147	0.000000	-114.797235
595.000000	33185.652187	-103210.401764	0.000000	-114.741199
595.500000	33185.652187	-103267.772364	0.000000	-114.685239
596.000000	33185.652187	-103325.114983	0.000000	-114.629358
596.500000	33185.652187	-103382.429662	0.000000	-114.573553
597.000000	33185.652187	-103439.716438	0.000000	-114.517825
597.500000	33185.652187	-103496.975351	0.000000	-114.462173
598.000000	33185.652187	-103554.206437	0.000000	-114.406599
598.500000	33185.652187	-103611.409737	0.000000	-114.351101
599.000000	33185.652187	-103668.585287	0.000000	-114.295678
599.500000	33185.652187	-103725.733126	0.000000	-114.240332
600.000000	33185.652187	-103782.853293	0.000000	-114.185062
600.500000	33185.652187	-103839.945824	0.000000	-114.129868
601.000000	33185.652187	-103897.010758	0.000000	-114.074749
601.500000	33185.652187	-103954.048132	0.000000	-114.019705
602.000000	33185.652187	-104011.057985	0.000000	-113.964737
602.500000	33185.652187	-104068.040353	0.000000	-113.909843
603.000000	33185.652187	-104124.995275	0.000000	-113.855025
603.500000	33185.652187	-104181.922787	0.000000	-113.800281
604.000000	33185.652187	-104238.822928	0.000000	-113.745612
604.500000	33185.652187	-104295.695734	0.000000	-113.691017
605.000000	33185.652187	-104352.541242	0.000000	-113.636496
605.500000	33185.652187	-104409.359490	0.000000	-113.582049
606.000000	33185.652187	-104466.150514	0.000000	-113.527676
606.500000	33185.652187	-104522.914352	0.000000	-113.473376
607.000000	33185.652187	-104579.651040	0.000000	-113.419150
607.500000	33185.652187	-104636.360616	0.000000	-113.364998
608.000000	33185.652187	-104693.043115	0.000000	-113.310918
608.500000	33185.652187	-104749.698574	0.000000	-113.256912
609.000000	33185.652187	-104806.327030	0.000000	-113.202979
609.500000	33185.652187	-104862.928519	0.000000	-113.149118
610.000000	33185.652187	-104919.503078	0.000000	-113.095329
610.500000	33185.652187	-104976.050743	0.000000	-113.041613
611.000000	33185.652187	-105032.571549	0.000000	-112.987970
611.500000	33185.652187	-105089.065534	0.000000	-112.934398
612.000000	33185.652187	-105145.532733	0.000000	-112.880898
612.500000	33185.652187	-105201.973182	0.000000	-112.827470
613.000000	33185.652187	-105258.386917	0.000000	-112.774113
613.500000	33185.652187	-105314.773974	0.000000	-112.720828
614.000000	33185.652187	-105371.134388	0.000000	-112.667614
614.500000	33185.652187	-105427.468195	0.000000	-112.614471
615.000000	33185.652187	-105483.775430	0.000000	-112.561399
615.500000	33185.652187	-105540.056130	0.000000	-112.508398
616.000000	33185.652187	-105596.310329	0.000000	-112.455467
616.500000	33185.652187	-105652.538063	0.000000	-112.402607
617.000000	33185.652187	-105708.739366	0.000000	-112.349818
617.500000	33185.652187	-105764.914275	0.000000	-112.297098
618.000000	33185.652187	-105821.062824	0.000000	-112.244448
618.500000	33185.652187	-105877.185048	0.000000	-112.191868
619.000000	33185.652187	-105933.280982	0.000000	-112.139358
619.500000	33185.652187	-105989.350661	0.000000	-112.086917
620.000000	33185.652187	-106045.394120	0.000000	-112.034546
620.500000	33185.652187	-106101.411393	0.000000	-111.982244
621.000000	33185.652187	-106157.402515	0.000000	-111.930011
621.500000	33185.652187	-106213.367521	0.000000	-111.877847
622.000000	33185.652187	-106269.306445	0.000000	-111.825752
622.500000	33185.652187	-106325.219321	0.000000	-111.773725
623.000000	33185.652187	-106381.106183	0.000000	-111.721767
623.500000	33185.652187	-106436.967067	0.000000	-111.669877
624.000000	33185.652187	-106492.802005	0.000000	-111.618055
624.500000	33185.652187	-106548.611033	0.000000	-111.566302
625.000000	33185.652187	-106604.394184	0.000000	-111.514616
625.500000	33185.652187	-106660.151492	0.000000	-111.462998
626.000000	33185.652187	-106715.882991	0.000000	-111.411448
626.500000	33185.652187	-106771.588715	0.000000	-111.359964
627.000000	33185.652187	-106827.268697	0.000000	-111.308549
627.500000	33185.652187	-106882.922971	0.000000	-111.257200
628.000000	33185.652187	-106938.551571	0.000000	-111.205919
628.500000	33185.652187	-106994.154531	0.000000	-111.154704
629.000000	33185.652187	-107049.731882	0.000000	-111.103556
629.500000	33185.652187	-107105.283660	0.000000	-111.052474
630.000000	33185.652187	-107160.809897	0.000000	-111.001459
630.500000	33185.652187	-107216.310627	0.000000	-110.950510
631.000000	33185.652187	-107271.785882	0.000000	-110.899628
631.500000	33185.652187	-107327.235696	0.000000	-110.848811
632.000000	33185.652187	-107382.660102	0.000000	-110.798060
632.500000	33185.652187	-107438.059132	0.000000	-110.747375
633.000000	33185.652187	-107493.432819	0.000000	-110.696756
633.500000	33185.652187	-107548.781197	0.000000	-110.646202
634.000000	33185.652187	-107604.104298	0.000000	-110.595713
634.500000	33185.652187	-107659.402155	0.000000	-110.545289
635.000000	33185.652187	-107714.674799	0.000000	-110.494931
635.500000	33185.652187	-107769.922265	0.000000	-110.444637
636.000000	33185.652187	-107825.144583	0.000000	-110.394408
636.500000	33185.652187	-107880.341787	0.000000	-110.344243
637.000000	33185.652187	-107935.513909	0.000000	-110.294143
637.500000	33185.652187	-107990.660980	0.000000	-110.244108
638.000000	33185.652187	-108045.783034	0.000000	-110.194136
638.500000	33185.652187	-108100.880102	0.000000	-110.144229
639.000000	33185.652187	-108155.952217	0.000000	-110.094385
639.500000	33185.652187	-108210.999409	0.000000	-110.044606
640.000000	33185.652187	-108266.021712	0.000000	-109.994890
640.500000	33185.652187	-108321.019157	0.000000	-109.945237
641.000000	33185.652187	-108375.991775	0.000000	-109.895648
641.500000	33185.652187	-108430.939599	0.000000	-109.846122
642.000000	33185.652187	-108485.862660	0.000000	-109.796659
642.500000	33185.652187	-108540.760990	0.000000	-109.747259
643.000000	33185.652187	-108595.634619	0.000000	-109.697922
643.500000	33185.652187	-108650.483580	0.000000	-109.648648
644.000000	33185.652187	-108705.307904	0.000000	-109.599436
644.500000	33185.652187	-108760.107622	0.000000	-109.550286
645.000000	33185.652187	-108814.882765	0.000000	-109.501199
645.500000	33185.652187	-108869.633365	0.000000	-109.452175
646.000000	33185.652187	-108924.359452	0.000000	-109.403212
646.500000	33185.652187	-108979.061058	0.000000	-109.354311
647.000000	33185.652187	-109033.738213	0.000000	-109.305472
647.500000	33185.652187	-109088.390949	0.000000	-109.256694
648.000000	33185.652187	-109143.019297	0.000000	-109.207979
648.500000	33185.652187	-109197.623286	0.000000	-109.159324
649.000000	33185.652187	-109252.202948	0.000000	-109.110731
649.500000	33185.652187	-109306.758313	0.000000	-109.062199
