0.000000	0.000000	0.000000	606.217783	350.000000
0.500000	303.108891	175.000000	597.730734	340.195000
1.000000	601.974258	345.097500	589.508821	330.610545
1.500000	896.728668	510.402773	581.539987	321.236434
2.000000	1187.498662	671.020990	573.812884	312.063066
2.500000	1474.405104	827.052523	566.316818	303.081397
3.000000	1757.563513	978.593221	559.041703	294.282901
3.500000	2037.084364	1125.734672	551.978016	285.659534
4.000000	2313.073372	1268.564438	545.116762	277.203699
4.500000	2585.631753	1407.166288	538.449432	268.908217
5.000000	2854.856469	1541.620397	531.967973	260.766298
5.500000	3120.840456	1672.003546	525.664756	252.771513
6.000000	3383.672834	1798.389302	519.532550	244.917776
6.500000	3643.439109	1920.848190	513.564491	237.199317
7.000000	3900.221354	2039.447848	507.754063	229.610662
7.500000	4154.098386	2154.253179	502.095074	222.146620
8.000000	4405.145923	2265.326489	496.581635	214.802257
8.500000	4653.436740	2372.727618	491.208141	207.572889
9.000000	4899.040811	2476.514063	485.969255	200.454061
9.500000	5142.025438	2576.741093	480.859891	193.441534
10.000000	5382.455384	2673.461860	475.875195	186.531278
10.500000	5620.392981	2766.727499	471.010539	179.719454
11.000000	5855.898251	2856.587226	466.261501	173.002404
11.500000	6089.029001	2943.088428	461.623854	166.376644
12.000000	6319.840928	3026.276750	457.093560	159.838854
12.500000	6548.387708	3106.196177	452.666751	153.385864
13.000000	6774.721084	3182.889109	448.339727	147.014654
13.500000	6998.890947	3256.396436	444.108940	140.722341
14.000000	7220.945417	3326.757607	439.970993	134.506173
14.500000	7440.930914	3394.010694	435.922625	128.363522
15.000000	7658.892227	3458.192455	431.960708	122.291880
15.500000	7874.872580	3519.338394	428.082236	116.288850
16.000000	8088.913698	3577.482820	424.284324	110.352145
16.500000	8301.055860	3632.658892	420.564196	104.479577
17.000000	8511.337958	3684.898680	416.919186	98.669057
17.500000	8719.797551	3734.233209	413.346724	92.918590
18.000000	8926.470913	3780.692504	409.844339	87.226269
18.500000	9131.393083	3824.305638	406.409650	81.590271
19.000000	9334.597908	3865.100773	403.040362	76.008857
19.500000	9536.118089	3903.105202	399.734262	70.480364
20.000000	9735.985220	3938.345384	396.489218	65.003204
20.500000	9934.229829	3970.846986	393.303170	59.575862
21.000000	10130.881414	4000.634917	390.174131	54.196888
21.500000	10325.968480	4027.733361	387.100181	48.864903
22.000000	10519.518571	4052.165813	384.079467	43.578589
22.500000	10711.558304	4073.955107	381.110196	38.336688
23.000000	10902.113402	4093.123451	378.190636	33.138003
23.500000	11091.208720	4109.692453	375.319113	27.981393
24.000000	11278.868277	4123.683150	372.494005	22.865771
24.500000	11465.115279	4135.116035	369.713746	17.790103
25.000000	11649.972152	4144.011087	366.976818	12.753406
25.500000	11833.460561	4150.387790	364.281752	7.754746
26.000000	12015.601438	4154.265163	361.627127	2.793235
26.500000	12196.415001	4155.661780	359.011566	-2.131968
27.000000	12375.920784	4154.595796	356.433734	-7.021660
27.500000	12554.137651	4151.084966	353.892341	-11.876595
28.000000	12731.083821	4145.146669	351.386135	-16.697487
28.500000	12906.776889	4136.797925	348.913904	-21.485009
29.000000	13081.233841	4126.055421	346.474474	-26.239797
29.500000	13254.471078	4112.935522	344.066708	-30.962448
30.000000	13426.504432	4097.454298	341.689502	-35.653524
30.500000	13597.349183	4079.627536	339.341791	-40.313552
31.000000	13767.020078	4059.470760	337.022539	-44.943027
31.500000	13935.531348	4036.999247	334.730745	-49.542409
32.000000	14102.896720	4012.228042	332.465440	-54.112129
32.500000	14269.129440	3985.171978	330.225685	-58.652586
33.000000	14434.242283	3955.845685	328.010571	-63.164151
33.500000	14598.247568	3924.263609	325.819218	-67.647168
34.000000	14761.157177	3890.440025	323.650776	-72.101952
34.500000	14922.982565	3854.389049	321.504422	-76.528794
35.000000	15083.734776	3816.124652	319.379361	-80.927958
35.500000	15243.424457	3775.660673	317.274823	-85.299687
36.000000	15402.061868	3733.010830	315.190065	-89.644197
36.500000	15559.656901	3688.188731	313.124372	-93.961687
37.000000	15716.219087	3641.207888	311.077049	-98.252331
37.500000	15871.757611	3592.081722	309.047430	-102.516284
38.000000	16026.281326	3540.823580	307.034870	-106.753684
38.500000	16179.798761	3487.446738	305.038748	-110.964648
39.000000	16332.318135	3431.964414	303.058469	-115.149277
39.500000	16483.847369	3374.389776	301.093455	-119.307655
40.000000	16634.394097	3314.735948	299.143154	-123.439853
40.500000	16783.965673	3253.016022	297.207034	-127.545923
41.000000	16932.569190	3189.243060	295.284585	-131.625907
41.500000	17080.211483	3123.430107	293.375316	-135.679832
42.000000	17226.899141	3055.590190	291.478758	-139.707715
42.500000	17372.638520	2985.736333	289.594460	-143.709558
43.000000	17517.435750	2913.881554	287.721991	-147.685357
43.500000	17661.296745	2840.038876	285.860940	-151.635094
44.000000	17804.227215	2764.221329	284.010912	-155.558746
44.500000	17946.232671	2686.441956	282.171532	-159.456279
45.000000	18087.318438	2606.713816	280.342442	-163.327652
45.500000	18227.489659	2525.049990	278.523300	-167.172819
46.000000	18366.751309	2441.463581	276.713782	-170.991726
46.500000	18505.108199	2355.967718	274.913579	-174.784314
47.000000	18642.564989	2268.575561	273.122399	-178.550519
47.500000	18779.126188	2179.300301	271.339965	-182.290274
48.000000	18914.796170	2088.155164	269.566015	-186.003507
48.500000	19049.579178	1995.153411	267.800301	-189.690145
49.000000	19183.479328	1900.308338	266.042589	-193.350111
49.500000	19316.500623	1803.633282	264.292660	-196.983326
50.000000	19448.646953	1705.141619	262.550308	-200.589711
50.500000	19579.922106	1604.846764	260.815338	-204.169186
51.000000	19710.329775	1502.762171	259.087569	-207.721669
51.500000	19839.873560	1398.901336	257.366832	-211.247080
52.000000	19968.556976	1293.277796	255.652970	-214.745339
52.500000	20096.383460	1185.905127	253.945836	-218.216368
53.000000	20223.356378	1076.796943	252.245294	-221.660088
53.500000	20349.479025	965.966899	250.551221	-225.076424
54.000000	20474.754636	853.428687	248.863500	-228.465302
54.500000	20599.186385	739.196036	247.182026	-231.826651
55.000000	20722.777398	623.282711	245.506704	-235.160403
55.500000	20845.530751	505.702509	243.837446	-238.466492
56.000000	20967.449474	386.469263	242.174175	-241.744857
56.500000	21088.536561	265.596835	240.516819	-244.995440
57.000000	21208.794971	143.099115	238.865317	-248.218185
57.500000	21328.227630	18.990022	237.219614	-251.413044
58.000000	21446.837437	-106.716500	235.579662	-254.579969
58.500000	21564.627267	-234.006484	233.945420	-257.718920
59.000000	21681.599977	-362.865944	232.316854	-260.829859
59.500000	21797.758404	-493.280874	230.693936	-263.912755
60.000000	21913.105372	-625.237251	229.076644	-266.967581
60.500000	22027.643694	-758.721042	227.464961	-269.994314
61.000000	22141.376174	-893.718199	225.858876	-272.992938
61.500000	22254.305612	-1030.214668	224.258384	-275.963442
62.000000	22366.434804	-1168.196389	222.663481	-278.905819
62.500000	22477.766545	-1307.649298	221.074173	-281.820068
63.000000	22588.303631	-1448.559332	219.490465	-284.706195
63.500000	22698.048864	-1590.912430	217.912368	-287.564209
64.000000	22807.005048	-1734.694534	216.339899	-290.394127
64.500000	22915.174997	-1879.891598	214.773074	-293.195971
65.000000	23022.561534	-2026.489583	213.211915	-295.969766
65.500000	23129.167491	-2174.474466	211.656447	-298.715546
66.000000	23234.995715	-2323.832239	210.106698	-301.433349
66.500000	23340.049064	-2474.548913	208.562696	-304.123219
67.000000	23444.330412	-2626.610523	207.024473	-306.785204
67.500000	23547.842648	-2780.003125	205.492066	-309.419361
68.000000	23650.588681	-2934.712806	203.965508	-312.025750
68.500000	23752.571435	-3090.725680	202.444839	-314.604435
69.000000	23853.793855	-3248.027898	200.930097	-317.155489
69.500000	23954.258903	-3406.605642	199.421325	-319.678987
70.000000	24053.969566	-3566.445136	197.918564	-322.175011
70.500000	24152.928848	-3727.532641	196.421857	-324.643647
71.000000	24251.139776	-3889.854465	194.931249	-327.084989
71.500000	24348.605401	-4053.396959	193.446785	-329.499132
72.000000	24445.328794	-4218.146525	191.968511	-331.886178
72.500000	24541.313049	-4384.089614	190.496472	-334.246233
73.000000	24636.561285	-4551.212730	189.030717	-336.579409
73.500000	24731.076644	-4719.502435	187.571290	-338.885822
74.000000	24824.862289	-4888.945346	186.118240	-341.165591
74.500000	24917.921409	-5059.528141	184.671614	-343.418841
75.000000	25010.257216	-5231.237561	183.231460	-345.645701
75.500000	25101.872946	-5404.060412	181.797823	-347.846305
76.000000	25192.771857	-5577.983565	180.370750	-350.020789
76.500000	25282.957232	-5752.993959	178.950289	-352.169295
77.000000	25372.432377	-5929.078607	177.536484	-354.291966
77.500000	25461.200619	-6106.224590	176.129383	-356.388953
78.000000	25549.265310	-6284.419066	174.729028	-358.460406
78.500000	25636.629824	-6463.649269	173.335466	-360.506482
79.000000	25723.297557	-6643.902510	171.948738	-362.527339
79.500000	25809.271926	-6825.166179	170.568888	-364.523139
80.000000	25894.556370	-7007.427749	169.195959	-366.494048
80.500000	25979.154350	-7190.674773	167.829990	-368.440234
81.000000	26063.069345	-7374.894890	166.471023	-370.361868
81.500000	26146.304856	-7560.075824	165.119096	-372.259124
82.000000	26228.864404	-7746.205386	163.774247	-374.132178
82.500000	26310.751528	-7933.271475	162.436513	-375.981208
83.000000	26391.969784	-8121.262079	161.105931	-377.806396
83.500000	26472.522750	-8310.165277	159.782535	-379.607926
84.000000	26552.414018	-8499.969240	158.466359	-381.385983
84.500000	26631.647197	-8690.662232	157.157435	-383.140755
85.000000	26710.225915	-8882.232609	155.855795	-384.872430
85.500000	26788.153812	-9074.668824	154.561468	-386.581202
86.000000	26865.434546	-9267.959425	153.274483	-388.267261
86.500000	26942.071788	-9462.093056	151.994868	-389.930803
87.000000	27018.069222	-9657.058458	150.722648	-391.572025
87.500000	27093.430545	-9852.844470	149.457849	-393.191122
88.000000	27168.159470	-10049.440031	148.200494	-394.788294
88.500000	27242.259717	-10246.834178	146.950605	-396.363740
89.000000	27315.735019	-10445.016048	145.708203	-397.917662
89.500000	27388.589121	-10643.974879	144.473308	-399.450260
90.000000	27460.825775	-10843.700009	143.245938	-400.961738
90.500000	27532.448744	-11044.180878	142.026109	-402.452297
91.000000	27603.461798	-11245.407027	140.813837	-403.922143
91.500000	27673.868716	-11447.368098	139.609137	-405.371480
92.000000	27743.673285	-11650.053839	138.412020	-406.800513
92.500000	27812.879295	-11853.454095	137.222499	-408.209446
93.000000	27881.490544	-12057.558818	136.040584	-409.598485
93.500000	27949.510837	-12262.358060	134.866284	-410.967837
94.000000	28016.943978	-12467.841979	133.699606	-412.317706
94.500000	28083.793781	-12674.000832	132.540556	-413.648300
95.000000	28150.064059	-12880.824982	131.389139	-414.959823
95.500000	28215.758629	-13088.304893	130.245360	-416.252481
96.000000	28280.881309	-13296.431134	129.109220	-417.526481
96.500000	28345.435919	-13505.194374	127.980721	-418.782026
97.000000	28409.426280	-13714.585387	126.859863	-420.019323
97.500000	28472.856211	-13924.595049	125.746645	-421.238576
98.000000	28535.729534	-14135.214337	124.641063	-422.439989
98.500000	28598.050065	-14346.434332	123.543115	-423.623766
99.000000	28659.821622	-14558.246215	122.452795	-424.790109
99.500000	28721.048020	-14770.641269	121.370098	-425.939222
100.000000	28781.733069	-14983.610880	120.295017	-427.071305
100.500000	28841.880577	-15197.146533	119.227543	-428.186560
101.000000	28901.494349	-15411.239812	118.167667	-429.285186
101.500000	28960.578183	-15625.882406	117.115379	-430.367384
102.000000	29019.135872	-15841.066098	116.070668	-431.433352
102.500000	29077.171206	-16056.782774	115.033521	-432.483287
103.000000	29134.687967	-16273.024417	114.003924	-433.517385
103.500000	29191.689928	-16489.783110	112.981863	-434.535842
104.000000	29248.180860	-16707.051031	111.967323	-435.538852
104.500000	29304.164521	-16924.820457	110.960287	-436.526609
105.000000	29359.644665	-17143.083762	109.960738	-437.499305
105.500000	29414.625034	-17361.833414	108.968658	-438.457130
106.000000	29469.109363	-17581.061979	107.984028	-439.400274
106.500000	29523.101377	-17800.762116	107.006828	-440.328926
107.000000	29576.604790	-18020.926579	106.037036	-441.243273
107.500000	29629.623309	-18241.548216	105.074632	-442.143500
108.000000	29682.160625	-18462.619966	104.119594	-443.029792
108.500000	29734.220422	-18684.134861	103.171896	-443.902332
109.000000	29785.806370	-18906.086027	102.231517	-444.761302
109.500000	29836.922128	-19128.466678	101.298431	-445.606882
110.000000	29887.571344	-19351.270119	100.372612	-446.439251
110.500000	29937.757650	-19574.489745	99.454035	-447.258586
111.000000	29987.484667	-19798.119038	98.542673	-448.065063
111.500000	30036.756004	-20022.151569	97.638498	-448.858858
112.000000	30085.575253	-20246.580998	96.741482	-449.640141
112.500000	30133.945994	-20471.401069	95.851597	-450.409086
113.000000	30181.871792	-20696.605611	94.968813	-451.165861
113.500000	30229.356198	-20922.188542	94.093100	-451.910635
114.000000	30276.402748	-21148.143859	93.224428	-452.643574
114.500000	30323.014962	-21374.465646	92.362766	-453.364845
115.000000	30369.196345	-21601.148069	91.508082	-454.074610
115.500000	30414.950386	-21828.185374	90.660345	-454.773031
116.000000	30460.280559	-22055.571889	89.819522	-455.460268
116.500000	30505.190320	-22283.302023	88.985579	-456.136481
117.000000	30549.683109	-22511.370264	88.158484	-456.801827
117.500000	30593.762351	-22739.771177	87.338203	-457.456460
118.000000	30637.431453	-22968.499407	86.524702	-458.100535
118.500000	30680.693804	-23197.549675	85.717945	-458.734203
119.000000	30723.552776	-23426.916776	84.917898	-459.357617
119.500000	30766.011725	-23656.595585	84.124526	-459.970924
120.000000	30808.073988	-23886.581047	83.337793	-460.574271
120.500000	30849.742885	-24116.868182	82.557662	-461.167806
121.000000	30891.021716	-24347.452085	81.784098	-461.751671
121.500000	30931.913765	-24578.327920	81.017064	-462.326009
122.000000	30972.422297	-24809.490925	80.256523	-462.890961
122.500000	31012.550559	-25040.936405	79.502438	-463.446666
123.000000	31052.301777	-25272.659738	78.754771	-463.993261
123.500000	31091.679163	-25504.656368	78.013484	-464.530884
124.000000	31130.685905	-25736.921810	77.278541	-465.059667
124.500000	31169.325175	-25969.451644	76.549902	-465.579744
125.000000	31207.600127	-26202.241516	75.827530	-466.091246
125.500000	31245.513892	-26435.287138	75.111386	-466.594302
126.000000	31283.069585	-26668.584290	74.401431	-467.089041
126.500000	31320.270300	-26902.128810	73.697627	-467.575589
127.000000	31357.119114	-27135.916604	72.999935	-468.054070
127.500000	31393.619081	-27369.943639	72.308315	-468.524608
128.000000	31429.773239	-27604.205943	71.622729	-468.987324
128.500000	31465.584603	-27838.699605	70.943137	-469.442340
129.000000	31501.056172	-28073.420775	70.269500	-469.889772
129.500000	31536.190921	-28308.365661	69.601778	-470.329739
130.000000	31570.991810	-28543.530531	68.939932	-470.762356
130.500000	31605.461776	-28778.911709	68.283922	-471.187737
131.000000	31639.603737	-29014.505578	67.633709	-471.605995
131.500000	31673.420592	-29250.308575	66.989253	-472.017240
132.000000	31706.915219	-29486.317195	66.350515	-472.421583
132.500000	31740.090476	-29722.527987	65.717454	-472.819131
133.000000	31772.949203	-29958.937552	65.090030	-473.209991
133.500000	31805.494218	-30195.542548	64.468205	-473.594269
134.000000	31837.728321	-30432.339682	63.851938	-473.972067
134.500000	31869.654289	-30669.325716	63.241189	-474.343490
135.000000	31901.274884	-30906.497461	62.635920	-474.708636
135.500000	31932.592844	-31143.851779	62.036089	-475.067607
136.000000	31963.610888	-31381.385582	61.441658	-475.420500
136.500000	31994.331718	-31619.095833	60.852587	-475.767413
137.000000	32024.758011	-31856.979539	60.268836	-476.108440
137.500000	32054.892429	-32095.033759	59.690367	-476.443676
138.000000	32084.737613	-32333.255597	59.117138	-476.773214
138.500000	32114.296182	-32571.642204	58.549112	-477.097145
139.000000	32143.570738	-32810.190777	57.986249	-477.415559
139.500000	32172.563862	-33048.898557	57.428509	-477.728546
140.000000	32201.278117	-33287.762830	56.875854	-478.036193
140.500000	32229.716044	-33526.780926	56.328244	-478.338586
141.000000	32257.880166	-33765.950219	55.785641	-478.635810
141.500000	32285.772986	-34005.268124	55.248006	-478.927950
142.000000	32313.396989	-34244.732099	54.715301	-479.215088
142.500000	32340.754640	-34484.339644	54.187485	-479.497305
143.000000	32367.848383	-34724.088296	53.664523	-479.774682
143.500000	32394.680644	-34963.975637	53.146374	-480.047298
144.000000	32421.253831	-35203.999286	52.633001	-480.315231
144.500000	32447.570331	-35444.156902	52.124366	-480.578557
145.000000	32473.632514	-35684.446180	51.620430	-480.837351
145.500000	32499.442729	-35924.864856	51.121157	-481.091690
146.000000	32525.003308	-36165.410701	50.626509	-481.341645
146.500000	32550.316562	-36406.081523	50.136448	-481.587290
147.000000	32575.384786	-36646.875168	49.650936	-481.828695
147.500000	32600.210254	-36887.789515	49.169938	-482.065930
148.000000	32624.795223	-37128.822480	48.693415	-482.299064
148.500000	32649.141930	-37369.972012	48.221331	-482.528166
149.000000	32673.252596	-37611.236095	47.753650	-482.753302
149.500000	32697.129421	-37852.612746	47.290336	-482.974539
150.000000	32720.774589	-38094.100016	46.831350	-483.191940
150.500000	32744.190264	-38335.695986	46.376659	-483.405571
151.000000	32767.378594	-38577.398771	45.926226	-483.615493
151.500000	32790.341707	-38819.206518	45.480015	-483.821769
152.000000	32813.081714	-39061.117402	45.037990	-484.024460
152.500000	32835.600709	-39303.129632	44.600117	-484.223626
153.000000	32857.900768	-39545.241446	44.166360	-484.419326
153.500000	32879.983948	-39787.451109	43.736684	-484.611618
154.000000	32901.852290	-40029.756918	43.311055	-484.800560
154.500000	32923.507817	-40272.157198	42.889438	-484.986207
155.000000	32944.952537	-40514.650301	42.471799	-485.168615
155.500000	32966.188436	-40757.234608	42.058103	-485.347839
156.000000	32987.217488	-40999.908528	41.648317	-485.523933
156.500000	33008.041646	-41242.670495	41.242407	-485.696949
157.000000	33028.662850	-41485.518969	40.840339	-485.866940
157.500000	33049.083019	-41728.452439	40.442080	-486.033956
158.000000	33069.304059	-41971.469417	40.047597	-486.198049
158.500000	33089.327858	-42214.568442	39.656857	-486.359267
159.000000	33109.156286	-42457.748075	39.269827	-486.517660
159.500000	33128.791200	-42701.006905	38.886475	-486.673275
160.000000	33148.234437	-42944.343542	38.506769	-486.826160
160.500000	33167.487822	-43187.756622	38.130675	-486.976361
161.000000	33186.553159	-43431.244803	37.758164	-487.123924
161.500000	33205.432241	-43674.806765	37.389203	-487.268894
162.000000	33224.126843	-43918.441212	37.023759	-487.411316
162.500000	33242.638722	-44162.146870	36.661804	-487.551232
163.000000	33260.969624	-44405.922486	36.303304	-487.688686
163.500000	33279.121276	-44649.766829	35.948230	-487.823720
164.000000	33297.095392	-44893.678689	35.596551	-487.956375
164.500000	33314.893667	-45137.656876	35.248237	-488.086692
165.000000	33332.517786	-45381.700222	34.903257	-488.214712
165.500000	33349.969414	-45625.807578	34.561582	-488.340473
166.000000	33367.250205	-45869.977815	34.223181	-488.464014
166.500000	33384.361796	-46114.209822	33.888025	-488.585374
167.000000	33401.305808	-46358.502509	33.556086	-488.704591
167.500000	33418.083851	-46602.854804	33.227333	-488.821700
168.000000	33434.697518	-46847.265655	32.901739	-488.936740
168.500000	33451.148387	-47091.734024	32.579274	-489.049744
169.000000	33467.438024	-47336.258896	32.259910	-489.160748
169.500000	33483.567979	-47580.839270	31.943619	-489.269788
170.000000	33499.539789	-47825.474164	31.630372	-489.376896
170.500000	33515.354975	-48070.162613	31.320143	-489.482107
171.000000	33531.015046	-48314.903666	31.012903	-489.585453
171.500000	33546.521498	-48559.696393	30.708625	-489.686966
172.000000	33561.875810	-48804.539876	30.407282	-489.786679
172.500000	33577.079451	-49049.433215	30.108847	-489.884622
173.000000	33592.133874	-49294.375526	29.813293	-489.980826
173.500000	33607.040521	-49539.365939	29.520594	-490.075322
174.000000	33621.800818	-49784.403600	29.230723	-490.168139
174.500000	33636.416179	-50029.487669	28.943654	-490.259306
175.000000	33650.888006	-50274.617322	28.659362	-490.348852
175.500000	33665.217687	-50519.791748	28.377821	-490.436805
176.000000	33679.406598	-50765.010151	28.099005	-490.523194
176.500000	33693.456100	-51010.271748	27.822889	-490.608045
177.000000	33707.367545	-51255.575770	27.549447	-490.691385
177.500000	33721.142268	-51500.921462	27.278656	-490.773240
178.000000	33734.781596	-51746.308083	27.010490	-490.853637
178.500000	33748.286842	-51991.734901	26.744925	-490.932601
179.000000	33761.659304	-52237.201202	26.481936	-491.010157
179.500000	33774.900272	-52482.706281	26.221501	-491.086330
180.000000	33788.011023	-52728.249446	25.963593	-491.161144
180.500000	33800.992819	-52973.830017	25.708191	-491.234622
181.000000	33813.846915	-53219.447328	25.455270	-491.306788
181.500000	33826.574550	-53465.100722	25.204808	-491.377666
182.000000	33839.176954	-53710.789555	24.956781	-491.447277
182.500000	33851.655344	-53956.513193	24.711166	-491.515644
183.000000	33864.010927	-54202.271015	24.467940	-491.582789
183.500000	33876.244897	-54448.062410	24.227082	-491.648733
184.000000	33888.358438	-54693.886776	23.988569	-491.713497
184.500000	33900.352723	-54939.743525	23.752378	-491.777103
185.000000	33912.228912	-55185.632076	23.518488	-491.839570
185.500000	33923.988156	-55431.551861	23.286878	-491.900919
186.000000	33935.631595	-55677.502321	23.057524	-491.961169
186.500000	33947.160357	-55923.482905	22.830407	-492.020339
187.000000	33958.575560	-56169.493075	22.605505	-492.078450
187.500000	33969.878313	-56415.532300	22.382797	-492.135518
188.000000	33981.069711	-56661.600059	22.162262	-492.191564
188.500000	33992.150842	-56907.695841	21.943879	-492.246604
189.000000	34003.122781	-57153.819142	21.727628	-492.300656
189.500000	34013.986596	-57399.969471	21.513490	-492.353739
190.000000	34024.743340	-57646.146340	21.301442	-492.405869
190.500000	34035.394062	-57892.349274	21.091467	-492.457063
191.000000	34045.939795	-58138.577806	20.883544	-492.507337
191.500000	34056.381567	-58384.831474	20.677653	-492.556708
192.000000	34066.720394	-58631.109828	20.473775	-492.605192
192.500000	34076.957281	-58877.412425	20.271891	-492.652805
193.000000	34087.093227	-59123.738827	20.071982	-492.699561
193.500000	34097.129218	-59370.088608	19.874029	-492.745477
194.000000	34107.066233	-59616.461346	19.678013	-492.790567
194.500000	34116.905239	-59862.856629	19.483916	-492.834845
195.000000	34126.647197	-60109.274052	19.291719	-492.878327
195.500000	34136.293057	-60355.713215	19.101404	-492.921026
196.000000	34145.843759	-60602.173728	18.912953	-492.962956
196.500000	34155.300235	-60848.655206	18.726348	-493.004130
197.000000	34164.663409	-61095.157271	18.541571	-493.044563
197.500000	34173.934194	-61341.679553	18.358606	-493.084268
198.000000	34183.113497	-61588.221687	18.177433	-493.123257
198.500000	34192.202214	-61834.783315	17.998037	-493.161543
199.000000	34201.201233	-62081.364086	17.820400	-493.199138
199.500000	34210.111433	-62327.963656	17.644506	-493.236056
200.000000	34218.933686	-62574.581684	17.470336	-493.272308
200.500000	34227.668854	-62821.217837	17.297875	-493.307905
201.000000	34236.317791	-63067.871790	17.127107	-493.342860
201.500000	34244.881345	-63314.543220	16.958014	-493.377184
202.000000	34253.360352	-63561.231812	16.790582	-493.410888
202.500000	34261.755643	-63807.937256	16.624793	-493.443984
203.000000	34270.068039	-64054.659248	16.460631	-493.476481
203.500000	34278.298355	-64301.397488	16.298082	-493.508392
204.000000	34286.447396	-64548.151684	16.137130	-493.539725
204.500000	34294.515961	-64794.921547	15.977758	-493.570493
205.000000	34302.504840	-65041.706793	15.819953	-493.600704
205.500000	34310.414817	-65288.507145	15.663698	-493.630369
206.000000	34318.246665	-65535.322330	15.508978	-493.659497
206.500000	34326.001155	-65782.152078	15.355780	-493.688099
207.000000	34333.679045	-66028.996128	15.204087	-493.716182
207.500000	34341.281088	-66275.854219	15.053886	-493.743758
208.000000	34348.808031	-66522.726098	14.905162	-493.770834
208.500000	34356.260612	-66769.611515	14.757900	-493.797420
209.000000	34363.639562	-67016.510225	14.612087	-493.823525
209.500000	34370.945605	-67263.421987	14.467708	-493.849157
210.000000	34378.179459	-67510.346566	14.324749	-493.874324
210.500000	34385.341834	-67757.283728	14.183197	-493.899036
211.000000	34392.433432	-68004.233246	14.043038	-493.923299
211.500000	34399.454951	-68251.194896	13.904258	-493.947123
212.000000	34406.407080	-68498.168457	13.766844	-493.970515
212.500000	34413.290502	-68745.153715	13.630783	-493.993483
213.000000	34420.105894	-68992.150456	13.496062	-494.016034
213.500000	34426.853924	-69239.158473	13.362666	-494.038176
214.000000	34433.535258	-69486.177561	13.230585	-494.059916
214.500000	34440.150550	-69733.207520	13.099804	-494.081262
215.000000	34446.700452	-69980.248151	12.970311	-494.102221
215.500000	34453.185608	-70227.299261	12.842094	-494.122799
216.000000	34459.606654	-70474.360660	12.715139	-494.143003
216.500000	34465.964224	-70721.432162	12.589436	-494.162840
217.000000	34472.258942	-70968.513582	12.464971	-494.182317
217.500000	34478.491427	-71215.604741	12.341732	-494.201441
218.000000	34484.662294	-71462.705461	12.219708	-494.220216
218.500000	34490.772148	-71709.815569	12.098887	-494.238651
219.000000	34496.821591	-71956.934894	11.979256	-494.256750
219.500000	34502.811219	-72204.063270	11.860805	-494.274521
220.000000	34508.741622	-72451.200530	11.743521	-494.291968
220.500000	34514.613382	-72698.346514	11.627394	-494.309098
221.000000	34520.427079	-72945.501063	11.512412	-494.325917
221.500000	34526.183285	-73192.664022	11.398563	-494.342429
222.000000	34531.882567	-73439.835236	11.285837	-494.358642
222.500000	34537.525485	-73687.014557	11.174223	-494.374559
223.000000	34543.112597	-73934.201837	11.063710	-494.390186
223.500000	34548.644452	-74181.396930	10.954287	-494.405529
224.000000	34554.121595	-74428.599694	10.845943	-494.420593
224.500000	34559.544567	-74675.809991	10.738668	-494.435382
225.000000	34564.913901	-74923.027682	10.632451	-494.449902
225.500000	34570.230126	-75170.252633	10.527283	-494.464158
226.000000	34575.493768	-75417.484711	10.423152	-494.478153
226.500000	34580.705344	-75664.723788	10.320049	-494.491894
227.000000	34585.865368	-75911.969735	10.217963	-494.505385
227.500000	34590.974349	-76159.222428	10.116884	-494.518629
228.000000	34596.032792	-76406.481742	10.016804	-494.531632
228.500000	34601.041193	-76653.747558	9.917711	-494.544398
229.000000	34606.000049	-76901.019758	9.819596	-494.556932
229.500000	34610.909847	-77148.298223	9.722450	-494.569236
230.000000	34615.771072	-77395.582842	9.626263	-494.581317
230.500000	34620.584204	-77642.873500	9.531026	-494.593176
231.000000	34625.349716	-77890.170088	9.436728	-494.604820
231.500000	34630.068081	-78137.472498	9.343362	-494.616251
232.000000	34634.739762	-78384.780623	9.250918	-494.627473
232.500000	34639.365221	-78632.094360	9.159387	-494.638491
233.000000	34643.944915	-78879.413605	9.068760	-494.649307
233.500000	34648.479295	-79126.738259	8.979028	-494.659926
234.000000	34652.968809	-79374.068222	8.890182	-494.670351
234.500000	34657.413899	-79621.403398	8.802213	-494.680586
235.000000	34661.815006	-79868.743690	8.715114	-494.690633
235.500000	34666.172563	-80116.089007	8.628875	-494.700497
236.000000	34670.487001	-80363.439256	8.543488	-494.710181
236.500000	34674.758745	-80610.794346	8.458944	-494.719688
237.000000	34678.988217	-80858.154190	8.375236	-494.729021
237.500000	34683.175834	-81105.518701	8.292354	-494.738184
238.000000	34687.322012	-81352.887793	8.210292	-494.747179
238.500000	34691.427158	-81600.261382	8.129040	-494.756009
239.000000	34695.491678	-81847.639387	8.048592	-494.764678
239.500000	34699.515974	-82095.021726	7.968938	-494.773189
240.000000	34703.500443	-82342.408321	7.890072	-494.781544
240.500000	34707.445479	-82589.799092	7.811984	-494.789746
241.000000	34711.351471	-82837.193965	7.734669	-494.797798
241.500000	34715.218805	-83084.592864	7.658118	-494.805702
242.000000	34719.047864	-83331.995715	7.582323	-494.813462
242.500000	34722.839026	-83579.402446	7.507277	-494.821080
243.000000	34726.592664	-83826.812986	7.432974	-494.828558
243.500000	34730.309151	-84074.227265	7.359404	-494.835900
244.000000	34733.988853	-84321.645215	7.286562	-494.843107
244.500000	34737.632135	-84569.066769	7.214441	-494.850182
245.000000	34741.239355	-84816.491860	7.143032	-494.857127
245.500000	34744.810871	-85063.920423	7.072329	-494.863946
246.000000	34748.347035	-85311.352396	7.002325	-494.870639
246.500000	34751.848197	-85558.787716	6.933013	-494.877210
247.000000	34755.314704	-85806.226321	6.864386	-494.883660
247.500000	34758.746897	-86053.668151	6.796438	-494.889992
248.000000	34762.145116	-86301.113147	6.729162	-494.896208
248.500000	34765.509697	-86548.561251	6.662551	-494.902310
249.000000	34768.840973	-86796.012406	6.596599	-494.908300
249.500000	34772.139272	-87043.466556	6.531299	-494.914181
250.000000	34775.404922	-87290.923647	6.466645	-494.919953
250.500000	34778.638244	-87538.383623	6.402630	-494.925620
251.000000	34781.839559	-87785.846433	6.339248	-494.931183
251.500000	34785.009183	-88033.312025	6.276493	-494.936643
252.000000	34788.147430	-88280.780346	6.214359	-494.942004
252.500000	34791.254609	-88528.251348	6.152839	-494.947266
253.000000	34794.331028	-88775.724981	6.091928	-494.952431
253.500000	34797.376992	-89023.201197	6.031619	-494.957502
254.000000	34800.392802	-89270.679948	5.971906	-494.962480
254.500000	34803.378755	-89518.161188	5.912785	-494.967366
255.000000	34806.335147	-89765.644871	5.854248	-494.972163
255.500000	34809.262271	-90013.130952	5.796290	-494.976871
256.000000	34812.160416	-90260.619388	5.738905	-494.981493
256.500000	34815.029869	-90508.110134	5.682089	-494.986030
257.000000	34817.870913	-90755.603149	5.625834	-494.990484
257.500000	34820.683830	-91003.098391	5.570136	-494.994856
258.000000	34823.468898	-91250.595819	5.514988	-494.999147
258.500000	34826.226392	-91498.095392	5.460387	-495.003360
259.000000	34828.956585	-91745.597072	5.406325	-495.007495
259.500000	34831.659748	-91993.100820	5.352799	-495.011555
260.000000	34834.336147	-92240.606597	5.299801	-495.015539
260.500000	34836.986048	-92488.114367	5.247329	-495.019451
261.000000	34839.609712	-92735.624093	5.195375	-495.023290
261.500000	34842.207400	-92983.135738	5.143936	-495.027059
262.000000	34844.779368	-93230.649267	5.093005	-495.030759
262.500000	34847.325870	-93478.164647	5.042579	-495.034390
263.000000	34849.847160	-93725.681842	4.992651	-495.037955
263.500000	34852.343485	-93973.200820	4.943218	-495.041454
264.000000	34854.815094	-94220.721547	4.894273	-495.044889
264.500000	34857.262231	-94468.243992	4.845813	-495.048261
265.000000	34859.685137	-94715.768122	4.797833	-495.051570
265.500000	34862.084054	-94963.293907	4.750327	-495.054819
266.000000	34864.459217	-95210.821317	4.703291	-495.058008
266.500000	34866.810863	-95458.350321	4.656721	-495.061138
267.000000	34869.139223	-95705.880890	4.610612	-495.064211
267.500000	34871.444529	-95953.412995	4.564959	-495.067227
268.000000	34873.727009	-96200.946609	4.519758	-495.070187
268.500000	34875.986888	-96448.481702	4.475004	-495.073093
269.000000	34878.224390	-96696.018249	4.430693	-495.075945
269.500000	34880.439736	-96943.556222	4.386821	-495.078745
270.000000	34882.633147	-97191.095594	4.343383	-495.081494
270.500000	34884.804838	-97438.636341	4.300374	-495.084191
271.000000	34886.955025	-97686.178437	4.257792	-495.086839
271.500000	34889.083921	-97933.721856	4.215631	-495.089438
272.000000	34891.191736	-98181.266575	4.173887	-495.091990
272.500000	34893.278680	-98428.812570	4.132556	-495.094494
273.000000	34895.344958	-98676.359817	4.091635	-495.096952
273.500000	34897.390775	-98923.908293	4.051118	-495.099365
274.000000	34899.416334	-99171.457975	4.011003	-495.101733
274.500000	34901.421836	-99419.008842	3.971284	-495.104057
275.000000	34903.407478	-99666.560871	3.931959	-495.106339
275.500000	34905.373457	-99914.114040	3.893023	-495.108579
276.000000	34907.319969	-100161.668330	3.854473	-495.110777
276.500000	34909.247205	-100409.223718	3.816304	-495.112935
277.000000	34911.155357	-100656.780186	3.778512	-495.115053
277.500000	34913.044613	-100904.337712	3.741095	-495.117132
278.000000	34914.915161	-101151.896278	3.704049	-495.119173
278.500000	34916.767185	-101399.455864	3.667369	-495.121175
279.000000	34918.600870	-101647.016452	3.631052	-495.123141
279.500000	34920.416396	-101894.578023	3.595095	-495.125071
280.000000	34922.213943	-102142.140558	3.559493	-495.126965
280.500000	34923.993690	-102389.704041	3.524244	-495.128824
281.000000	34925.755812	-102637.268453	3.489344	-495.130649
281.500000	34927.500484	-102884.833777	3.454790	-495.132440
282.000000	34929.227879	-103132.399997	3.420577	-495.134198
282.500000	34930.938168	-103379.967096	3.386704	-495.135923
283.000000	34932.631520	-103627.535058	3.353165	-495.137617
283.500000	34934.308102	-103875.103867	3.319959	-495.139279
284.000000	34935.968082	-104122.673506	3.287081	-495.140911
284.500000	34937.611623	-104370.243962	3.254529	-495.142513
285.000000	34939.238887	-104617.815218	3.222300	-495.144085
285.500000	34940.850037	-104865.387260	3.190389	-495.145627
286.000000	34942.445231	-105112.960074	3.158794	-495.147142
286.500000	34944.024629	-105360.533645	3.127512	-495.148628
287.000000	34945.588385	-105608.107959	3.096540	-495.150087
287.500000	34947.136654	-105855.683003	3.065874	-495.151519
288.000000	34948.669592	-106103.258762	3.035512	-495.152924
288.500000	34950.187348	-106350.835224	3.005451	-495.154304
289.000000	34951.690073	-106598.412376	2.975687	-495.155658
289.500000	34953.177916	-106845.990205	2.946218	-495.156987
290.000000	34954.651025	-107093.568699	2.917040	-495.158291
290.500000	34956.109546	-107341.147844	2.888152	-495.159571
291.000000	34957.553622	-107588.727630	2.859550	-495.160828
291.500000	34958.983396	-107836.308044	2.831230	-495.162061
292.000000	34960.399012	-108083.889075	2.803192	-495.163272
292.500000	34961.800607	-108331.470711	2.775430	-495.164460
293.000000	34963.188323	-108579.052941	2.747944	-495.165626
293.500000	34964.562295	-108826.635754	2.720730	-495.166771
294.000000	34965.922660	-109074.219139	2.693785	-495.167894
294.500000	34967.269552	-109321.803086	2.667107	-495.168997
295.000000	34968.603106	-109569.387584	2.640694	-495.170079
295.500000	34969.923453	-109816.972624	2.614541	-495.171141
296.000000	34971.230723	-110064.558194	2.588648	-495.172183
296.500000	34972.525047	-110312.144286	2.563011	-495.173207
297.000000	34973.806553	-110559.730889	2.537628	-495.174211
297.500000	34975.075367	-110807.317994	2.512496	-495.175196
298.000000	34976.331615	-111054.905593	2.487614	-495.176164
298.500000	34977.575422	-111302.493675	2.462977	-495.177113
299.000000	34978.806911	-111550.082231	2.438585	-495.178045
299.500000	34980.026203	-111797.671254	2.414434	-495.178960
300.000000	34981.233420	-112045.260733	2.390522	-495.179857
300.500000	34982.428681	-112292.850662	2.366847	-495.180738
301.000000	34983.612104	-112540.441031	2.343406	-495.181603
301.500000	34984.783807	-112788.031833	2.320198	-495.182452
302.000000	34985.943906	-113035.623059	2.297219	-495.183285
302.500000	34987.092516	-113283.214701	2.274468	-495.184102
303.000000	34988.229750	-113530.806752	2.251942	-495.184905
303.500000	34989.355721	-113778.399204	2.229639	-495.185692
304.000000	34990.470540	-114025.992051	2.207557	-495.186465
304.500000	34991.574319	-114273.585283	2.185694	-495.187224
305.000000	34992.667166	-114521.178895	2.164047	-495.187968
305.500000	34993.749190	-114768.772879	2.142615	-495.188699
306.000000	34994.820497	-115016.367228	2.121395	-495.189416
306.500000	34995.881195	-115263.961936	2.100385	-495.190120
307.000000	34996.931387	-115511.556996	2.079583	-495.190811
307.500000	34997.971178	-115759.152401	2.058987	-495.191488
308.000000	34999.000672	-116006.748145	2.038595	-495.192154
308.500000	35000.019969	-116254.344222	2.018405	-495.192807
309.000000	35001.029171	-116501.940626	1.998414	-495.193448
309.500000	35002.028379	-116749.537350	1.978622	-495.194077
310.000000	35003.017690	-116997.134388	1.959026	-495.194694
310.500000	35003.997203	-117244.731735	1.939624	-495.195300
311.000000	35004.967015	-117492.329386	1.920414	-495.195895
311.500000	35005.927222	-117739.927333	1.901394	-495.196479
312.000000	35006.877919	-117987.525572	1.882563	-495.197051
312.500000	35007.819200	-118235.124098	1.863918	-495.197614
313.000000	35008.751159	-118482.722905	1.845458	-495.198165
313.500000	35009.673888	-118730.321987	1.827180	-495.198707
314.000000	35010.587478	-118977.921341	1.809084	-495.199238
314.500000	35011.492020	-119225.520960	1.791166	-495.199760
315.000000	35012.387603	-119473.120840	1.773427	-495.200272
315.500000	35013.274316	-119720.720975	1.755862	-495.200774
316.000000	35014.152247	-119968.321362	1.738472	-495.201267
316.500000	35015.021484	-120215.921996	1.721254	-495.201751
317.000000	35015.882111	-120463.522871	1.704207	-495.202226
317.500000	35016.734214	-120711.123984	1.687328	-495.202692
318.000000	35017.577878	-120958.725330	1.670617	-495.203149
318.500000	35018.413186	-121206.326905	1.654071	-495.203598
319.000000	35019.240222	-121453.928704	1.637689	-495.204039
319.500000	35020.059066	-121701.530723	1.621469	-495.204471
320.000000	35020.869800	-121949.132959	1.605409	-495.204895
320.500000	35021.672505	-122196.735406	1.589509	-495.205312
321.000000	35022.467260	-122444.338062	1.573766	-495.205721
321.500000	35023.254143	-122691.940923	1.558180	-495.206122
322.000000	35024.033233	-122939.543984	1.542747	-495.206515
322.500000	35024.804606	-123187.147241	1.527467	-495.206902
323.000000	35025.568340	-123434.750692	1.512339	-495.207281
323.500000	35026.324509	-123682.354333	1.497361	-495.207653
324.000000	35027.073190	-123929.958159	1.482530	-495.208018
324.500000	35027.814455	-124177.562168	1.467847	-495.208377
325.000000	35028.548379	-124425.166357	1.453309	-495.208728
325.500000	35029.275033	-124672.770721	1.438915	-495.209074
326.000000	35029.994491	-124920.375257	1.424664	-495.209412
326.500000	35030.706823	-125167.979964	1.410554	-495.209745
327.000000	35031.412100	-125415.584836	1.396583	-495.210071
327.500000	35032.110392	-125663.189871	1.382751	-495.210391
328.000000	35032.801767	-125910.795067	1.369056	-495.210705
328.500000	35033.486295	-126158.400420	1.355497	-495.211014
329.000000	35034.164044	-126406.005927	1.342072	-495.211317
329.500000	35034.835080	-126653.611585	1.328779	-495.211614
330.000000	35035.499469	-126901.217392	1.315619	-495.211905
330.500000	35036.157279	-127148.823344	1.302588	-495.212191
331.000000	35036.808573	-127396.429440	1.289687	-495.212472
331.500000	35037.453416	-127644.035676	1.276914	-495.212747
332.000000	35038.091873	-127891.642050	1.264267	-495.213018
332.500000	35038.724007	-128139.248558	1.251745	-495.213283
333.000000	35039.349880	-128386.855200	1.239348	-495.213544
333.500000	35039.969553	-128634.461972	1.227073	-495.213799
334.000000	35040.583090	-128882.068871	1.214919	-495.214050
334.500000	35041.190549	-129129.675896	1.202887	-495.214296
335.000000	35041.791993	-129377.283044	1.190973	-495.214538
335.500000	35042.387479	-129624.890313	1.179177	-495.214775
336.000000	35042.977068	-129872.497700	1.167498	-495.215007
336.500000	35043.560817	-130120.105204	1.155935	-495.215236
337.000000	35044.138784	-130367.712822	1.144486	-495.215460
337.500000	35044.711027	-130615.320552	1.133151	-495.215680
338.000000	35045.277602	-130862.928392	1.121927	-495.215895
338.500000	35045.838566	-131110.536339	1.110816	-495.216107
339.000000	35046.393974	-131358.144393	1.099814	-495.216315
339.500000	35046.943880	-131605.752550	1.088921	-495.216519
340.000000	35047.488341	-131853.360810	1.078136	-495.216719
340.500000	35048.027409	-132100.969169	1.067457	-495.216915
341.000000	35048.561137	-132348.577627	1.056885	-495.217108
341.500000	35049.089580	-132596.186181	1.046417	-495.217297
342.000000	35049.612788	-132843.794829	1.036053	-495.217483
342.500000	35050.130815	-133091.403571	1.025792	-495.217665
343.000000	35050.643711	-133339.012403	1.015632	-495.217844
343.500000	35051.151527	-133586.621325	1.005573	-495.218019
344.000000	35051.654313	-133834.230335	0.995613	-495.218191
344.500000	35052.152119	-134081.839430	0.985752	-495.218360
345.000000	35052.644995	-134329.448610	0.975989	-495.218526
345.500000	35053.132990	-134577.057874	0.966322	-495.218689
346.000000	35053.616151	-134824.667218	0.956751	-495.218848
346.500000	35054.094527	-135072.276642	0.947275	-495.219005
347.000000	35054.568164	-135319.886145	0.937893	-495.219159
347.500000	35055.037111	-135567.495724	0.928604	-495.219310
348.000000	35055.501413	-135815.105379	0.919407	-495.219458
348.500000	35055.961116	-136062.715108	0.910300	-495.219603
349.000000	35056.416266	-136310.324910	0.901284	-495.219746
349.500000	35056.866908	-136557.934783	0.892358	-495.219886
350.000000	35057.313087	-136805.544725	0.883519	-495.220023
350.500000	35057.754847	-137053.154737	0.874769	-495.220158
351.000000	35058.192231	-137300.764816	0.866105	-495.220290
351.500000	35058.625284	-137548.374961	0.857526	-495.220420
352.000000	35059.054047	-137795.985171	0.849033	-495.220547
352.500000	35059.478563	-138043.595445	0.840624	-495.220672
353.000000	35059.898875	-138291.205781	0.832298	-495.220795
353.500000	35060.315024	-138538.816178	0.824055	-495.220915
354.000000	35060.727052	-138786.426636	0.815893	-495.221033
354.500000	35061.134998	-139034.037152	0.807812	-495.221149
355.000000	35061.538904	-139281.647727	0.799811	-495.221263
355.500000	35061.938809	-139529.258359	0.791889	-495.221375
356.000000	35062.334754	-139776.869046	0.784046	-495.221484
356.500000	35062.726777	-140024.479788	0.776280	-495.221592
357.000000	35063.114917	-140272.090584	0.768592	-495.221697
357.500000	35063.499213	-140519.701432	0.760979	-495.221801
358.000000	35063.879703	-140767.312333	0.753442	-495.221902
358.500000	35064.256424	-141014.923284	0.745980	-495.222002
359.000000	35064.629414	-141262.534285	0.738591	-495.222100
359.500000	35064.998709	-141510.145334	0.731276	-495.222196
360.000000	35065.364347	-141757.756432	0.724033	-495.222290
360.500000	35065.726364	-142005.367577	0.716862	-495.222382
361.000000	35066.084795	-142252.978768	0.709762	-495.222473
361.500000	35066.439676	-142500.590005	0.702732	-495.222562
362.000000	35066.791042	-142748.201286	0.695772	-495.222649
362.500000	35067.138928	-142995.812611	0.688881	-495.222735
363.000000	35067.483368	-143243.423978	0.682058	-495.222819
363.500000	35067.824397	-143491.035388	0.675302	-495.222902
364.000000	35068.162048	-143738.646839	0.668614	-495.222983
364.500000	35068.496355	-143986.258330	0.661991	-495.223062
365.000000	35068.827350	-144233.869861	0.655435	-495.223140
365.500000	35069.155068	-144481.481431	0.648943	-495.223217
366.000000	35069.479539	-144729.093039	0.642516	-495.223292
366.500000	35069.800797	-144976.704685	0.636152	-495.223365
367.000000	35070.118873	-145224.316368	0.629851	-495.223438
367.500000	35070.433798	-145471.928087	0.623613	-495.223509
368.000000	35070.745605	-145719.539841	0.617436	-495.223578
368.500000	35071.054323	-145967.151631	0.611321	-495.223647
369.000000	35071.359983	-146214.763454	0.605266	-495.223714
369.500000	35071.662616	-146462.375311	0.599271	-495.223780
370.000000	35071.962252	-146709.987201	0.593336	-495.223844
370.500000	35072.258919	-146957.599123	0.587459	-495.223908
371.000000	35072.552649	-147205.211076	0.581640	-495.223970
371.500000	35072.843469	-147452.823061	0.575880	-495.224031
372.000000	35073.131409	-147700.435077	0.570176	-495.224091
372.500000	35073.416497	-147948.047122	0.564528	-495.224149
373.000000	35073.698761	-148195.659197	0.558937	-495.224207
373.500000	35073.978230	-148443.271300	0.553401	-495.224264
374.000000	35074.254930	-148690.883432	0.547920	-495.224319
374.500000	35074.528890	-148938.495591	0.542493	-495.224374
375.000000	35074.800137	-149186.107778	0.537120	-495.224427
375.500000	35075.068697	-149433.719992	0.531800	-495.224479
376.000000	35075.334597	-149681.332232	0.526533	-495.224531
376.500000	35075.597863	-149928.944497	0.521318	-495.224581
377.000000	35075.858522	-150176.556788	0.516154	-495.224631
377.500000	35076.116599	-150424.169103	0.511042	-495.224680
378.000000	35076.372120	-150671.781443	0.505981	-495.224727
378.500000	35076.625111	-150919.393807	0.500969	-495.224774
379.000000	35076.875595	-151167.006194	0.496007	-495.224820
379.500000	35077.123599	-151414.618604	0.491095	-495.224865
380.000000	35077.369146	-151662.231036	0.486230	-495.224909
380.500000	35077.612261	-151909.843491	0.481415	-495.224953
381.000000	35077.852969	-152157.455968	0.476646	-495.224995
381.500000	35078.091292	-152405.068465	0.471926	-495.225037
382.000000	35078.327255	-152652.680984	0.467251	-495.225078
382.500000	35078.560880	-152900.293523	0.462623	-495.225119
383.000000	35078.792192	-153147.906083	0.458041	-495.225158
383.500000	35079.021213	-153395.518662	0.453505	-495.225197
384.000000	35079.247965	-153643.131260	0.449013	-495.225235
384.500000	35079.472472	-153890.743877	0.444566	-495.225272
385.000000	35079.694754	-154138.356513	0.440162	-495.225309
385.500000	35079.914836	-154385.969168	0.435803	-495.225345
386.000000	35080.132737	-154633.581840	0.431486	-495.225380
386.500000	35080.348480	-154881.194530	0.427213	-495.225415
387.000000	35080.562087	-155128.807238	0.422981	-495.225449
387.500000	35080.773577	-155376.419962	0.418792	-495.225482
388.000000	35080.982974	-155624.032703	0.414644	-495.225515
388.500000	35081.190296	-155871.645460	0.410537	-495.225547
389.000000	35081.395564	-156119.258233	0.406471	-495.225578
389.500000	35081.598800	-156366.871022	0.402445	-495.225609
390.000000	35081.800022	-156614.483827	0.398459	-495.225639
390.500000	35081.999252	-156862.096647	0.394513	-495.225669
391.000000	35082.196508	-157109.709481	0.390605	-495.225698
391.500000	35082.391811	-157357.322330	0.386736	-495.225727
392.000000	35082.585179	-157604.935194	0.382906	-495.225755
392.500000	35082.776632	-157852.548071	0.379113	-495.225782
393.000000	35082.966189	-158100.160962	0.375359	-495.225810
393.500000	35083.153868	-158347.773867	0.371641	-495.225836
394.000000	35083.339689	-158595.386785	0.367960	-495.225862
394.500000	35083.523668	-158842.999716	0.364315	-495.225888
395.000000	35083.705826	-159090.612660	0.360707	-495.225913
395.500000	35083.886180	-159338.225616	0.357134	-495.225937
396.000000	35084.064747	-159585.838585	0.353597	-495.225962
396.500000	35084.241545	-159833.451566	0.350095	-495.225985
397.000000	35084.416593	-160081.064558	0.346627	-495.226008
397.500000	35084.589907	-160328.677563	0.343194	-495.226031
398.000000	35084.761504	-160576.290578	0.339795	-495.226054
398.500000	35084.931401	-160823.903605	0.336430	-495.226076
399.000000	35085.099616	-161071.516643	0.333097	-495.226097
399.500000	35085.266165	-161319.129691	0.329798	-495.226118
400.000000	35085.431064	-161566.742751	0.326532	-495.226139
400.500000	35085.594330	-161814.355820	0.323298	-495.226159
401.000000	35085.755979	-162061.968900	0.320095	-495.226179
401.500000	35085.916026	-162309.581989	0.316925	-495.226199
402.000000	35086.074489	-162557.195089	0.313786	-495.226218
402.500000	35086.231382	-162804.808198	0.310678	-495.226237
403.000000	35086.386721	-163052.421317	0.307601	-495.226256
403.500000	35086.540522	-163300.034444	0.304554	-495.226274
404.000000	35086.692799	-163547.647581	0.301538	-495.226292
404.500000	35086.843568	-163795.260727	0.298551	-495.226309
405.000000	35086.992843	-164042.873882	0.295594	-495.226326
405.500000	35087.140641	-164290.487045	0.292667	-495.226343
406.000000	35087.286974	-164538.100216	0.289768	-495.226360
406.500000	35087.431858	-164785.713396	0.286898	-495.226376
407.000000	35087.575307	-165033.326584	0.284056	-495.226392
407.500000	35087.717335	-165280.939780	0.281243	-495.226407
408.000000	35087.857956	-165528.552984	0.278457	-495.226423
408.500000	35087.997185	-165776.166195	0.275699	-495.226438
409.000000	35088.135035	-166023.779414	0.272969	-495.226452
409.500000	35088.271519	-166271.392640	0.270265	-495.226467
410.000000	35088.406652	-166519.005873	0.267588	-495.226481
410.500000	35088.540446	-166766.619114	0.264938	-495.226495
411.000000	35088.672915	-167014.232361	0.262314	-495.226509
411.500000	35088.804071	-167261.845616	0.259716	-495.226522
412.000000	35088.933929	-167509.458877	0.257143	-495.226535
412.500000	35089.062501	-167757.072145	0.254596	-495.226548
413.000000	35089.189799	-168004.685419	0.252075	-495.226561
413.500000	35089.315836	-168252.298699	0.249578	-495.226573
414.000000	35089.440625	-168499.911986	0.247106	-495.226586
414.500000	35089.564178	-168747.525279	0.244659	-495.226597
415.000000	35089.686508	-168995.138577	0.242235	-495.226609
415.500000	35089.807626	-169242.751882	0.239836	-495.226621
416.000000	35089.927544	-169490.365192	0.237461	-495.226632
416.500000	35090.046274	-169737.978508	0.235109	-495.226643
417.000000	35090.163828	-169985.591830	0.232780	-495.226654
417.500000	35090.280218	-170233.205157	0.230475	-495.226665
418.000000	35090.395456	-170480.818489	0.228192	-495.226675
418.500000	35090.509552	-170728.431827	0.225932	-495.226685
419.000000	35090.622517	-170976.045170	0.223694	-495.226696
419.500000	35090.734364	-171223.658517	0.221478	-495.226705
420.000000	35090.845104	-171471.271870	0.219285	-495.226715
420.500000	35090.954746	-171718.885228	0.217113	-495.226725
421.000000	35091.063302	-171966.498590	0.214962	-495.226734
421.500000	35091.170783	-172214.111957	0.212833	-495.226743
422.000000	35091.277200	-172461.725329	0.210725	-495.226752
422.500000	35091.382563	-172709.338705	0.208638	-495.226761
423.000000	35091.486882	-172956.952085	0.206572	-495.226770
423.500000	35091.590168	-173204.565470	0.204526	-495.226778
424.000000	35091.692430	-173452.178859	0.202500	-495.226787
424.500000	35091.793680	-173699.792253	0.200494	-495.226795
425.000000	35091.893928	-173947.405650	0.198508	-495.226803
425.500000	35091.993182	-174195.019051	0.196542	-495.226811
426.000000	35092.091453	-174442.632457	0.194596	-495.226818
426.500000	35092.188751	-174690.245866	0.192668	-495.226826
427.000000	35092.285085	-174937.859279	0.190760	-495.226833
427.500000	35092.380465	-175185.472696	0.188871	-495.226841
428.000000	35092.474900	-175433.086116	0.187000	-495.226848
428.500000	35092.568400	-175680.699540	0.185148	-495.226855
429.000000	35092.660974	-175928.312968	0.183314	-495.226862
429.500000	35092.752631	-176175.926398	0.181498	-495.226869
430.000000	35092.843380	-176423.539833	0.179701	-495.226875
430.500000	35092.933231	-176671.153270	0.177921	-495.226882
431.000000	35093.022191	-176918.766711	0.176159	-495.226888
431.500000	35093.110270	-177166.380155	0.174414	-495.226894
432.000000	35093.197477	-177413.993603	0.172686	-495.226901
432.500000	35093.283820	-177661.607053	0.170976	-495.226907
433.000000	35093.369308	-177909.220506	0.169283	-495.226913
433.500000	35093.453950	-178156.833963	0.167606	-495.226918
434.000000	35093.537753	-178404.447422	0.165946	-495.226924
434.500000	35093.620725	-178652.060884	0.164302	-495.226930
435.000000	35093.702877	-178899.674349	0.162675	-495.226935
435.500000	35093.784214	-179147.287816	0.161064	-495.226941
436.000000	35093.864746	-179394.901287	0.159468	-495.226946
436.500000	35093.944480	-179642.514759	0.157889	-495.226951
437.000000	35094.023424	-179890.128235	0.156325	-495.226956
437.500000	35094.101587	-180137.741713	0.154777	-495.226961
438.000000	35094.178975	-180385.355194	0.153244	-495.226966
438.500000	35094.255597	-180632.968677	0.151726	-495.226971
439.000000	35094.331460	-180880.582162	0.150223	-495.226976
439.500000	35094.406572	-181128.195650	0.148735	-495.226980
440.000000	35094.480940	-181375.809140	0.147262	-495.226985
440.500000	35094.554571	-181623.422632	0.145804	-495.226989
441.000000	35094.627472	-181871.036127	0.144359	-495.226994
441.500000	35094.699652	-182118.649624	0.142930	-495.226998
442.000000	35094.771117	-182366.263123	0.141514	-495.227002
442.500000	35094.841874	-182613.876624	0.140112	-495.227006
443.000000	35094.911930	-182861.490127	0.138725	-495.227010
443.500000	35094.981292	-183109.103632	0.137351	-495.227014
444.000000	35095.049968	-183356.717139	0.135990	-495.227018
444.500000	35095.117963	-183604.330648	0.134643	-495.227022
445.000000	35095.185285	-183851.944159	0.133310	-495.227026
445.500000	35095.251939	-184099.557672	0.131989	-495.227029
446.000000	35095.317934	-184347.171186	0.130682	-495.227033
446.500000	35095.383275	-184594.784703	0.129388	-495.227037
447.000000	35095.447969	-184842.398221	0.128106	-495.227040
447.500000	35095.512022	-185090.011741	0.126837	-495.227043
448.000000	35095.575441	-185337.625263	0.125581	-495.227047
448.500000	35095.638231	-185585.238786	0.124337	-495.227050
449.000000	35095.700400	-185832.852311	0.123106	-495.227053
449.500000	35095.761953	-186080.465838	0.121886	-495.227056
450.000000	35095.822896	-186328.079366	0.120679	-495.227060
450.500000	35095.883236	-186575.692896	0.119484	-495.227063
451.000000	35095.942978	-186823.306427	0.118301	-495.227066
451.500000	35096.002128	-187070.919960	0.117129	-495.227069
452.000000	35096.060692	-187318.533494	0.115969	-495.227071
452.500000	35096.118677	-187566.147030	0.114820	-495.227074
453.000000	35096.176087	-187813.760567	0.113683	-495.227077
453.500000	35096.232928	-188061.374106	0.112557	-495.227080
454.000000	35096.289206	-188308.987645	0.111442	-495.227082
454.500000	35096.344927	-188556.601187	0.110338	-495.227085
455.000000	35096.400097	-188804.214729	0.109245	-495.227088
455.500000	35096.454719	-189051.828273	0.108163	-495.227090
456.000000	35096.508801	-189299.441818	0.107092	-495.227093
456.500000	35096.562347	-189547.055364	0.106031	-495.227095
457.000000	35096.615363	-189794.668912	0.104981	-495.227097
457.500000	35096.667853	-190042.282460	0.103941	-495.227100
458.000000	35096.719824	-190289.896010	0.102912	-495.227102
458.500000	35096.771280	-190537.509561	0.101893	-495.227104
459.000000	35096.822226	-190785.123113	0.100883	-495.227106
459.500000	35096.872668	-191032.736666	0.099884	-495.227109
460.000000	35096.922610	-191280.350221	0.098895	-495.227111
460.500000	35096.972057	-191527.963776	0.097915	-495.227113
461.000000	35097.021015	-191775.577332	0.096946	-495.227115
461.500000	35097.069488	-192023.190890	0.095985	-495.227117
462.000000	35097.117481	-192270.804448	0.095035	-495.227119
462.500000	35097.164998	-192518.418007	0.094093	-495.227121
463.000000	35097.212045	-192766.031568	0.093161	-495.227123
463.500000	35097.258625	-193013.645129	0.092239	-495.227124
464.000000	35097.304745	-193261.258691	0.091325	-495.227126
464.500000	35097.350407	-193508.872254	0.090421	-495.227128
465.000000	35097.395618	-193756.485818	0.089525	-495.227130
465.500000	35097.440380	-194004.099383	0.088638	-495.227131
466.000000	35097.484699	-194251.712949	0.087760	-495.227133
466.500000	35097.528580	-194499.326516	0.086891	-495.227135
467.000000	35097.572025	-194746.940083	0.086031	-495.227136
467.500000	35097.615040	-194994.553651	0.085178	-495.227138
468.000000	35097.657630	-195242.167220	0.084335	-495.227140
468.500000	35097.699797	-195489.780790	0.083500	-495.227141
469.000000	35097.741547	-195737.394361	0.082673	-495.227143
469.500000	35097.782883	-195985.007932	0.081854	-495.227144
470.000000	35097.823810	-196232.621504	0.081043	-495.227146
470.500000	35097.864331	-196480.235077	0.080240	-495.227147
471.000000	35097.904452	-196727.848650	0.079446	-495.227148
471.500000	35097.944174	-196975.462224	0.078659	-495.227150
472.000000	35097.983504	-197223.075799	0.077880	-495.227151
472.500000	35098.022443	-197470.689375	0.077108	-495.227152
473.000000	35098.060998	-197718.302951	0.076344	-495.227154
473.500000	35098.099170	-197965.916528	0.075588	-495.227155
474.000000	35098.136964	-198213.530105	0.074840	-495.227156
474.500000	35098.174384	-198461.143683	0.074098	-495.227157
475.000000	35098.211433	-198708.757262	0.073364	-495.227159
475.500000	35098.248115	-198956.370841	0.072638	-495.227160
476.000000	35098.284434	-199203.984421	0.071918	-495.227161
476.500000	35098.320393	-199451.598002	0.071206	-495.227162
477.000000	35098.355996	-199699.211583	0.070501	-495.227163
477.500000	35098.391247	-199946.825164	0.069803	-495.227164
478.000000	35098.426148	-200194.438747	0.069111	-495.227165
478.500000	35098.460704	-200442.052329	0.068427	-495.227166
479.000000	35098.494917	-200689.665912	0.067749	-495.227167
479.500000	35098.528791	-200937.279496	0.067078	-495.227168
480.000000	35098.562330	-201184.893080	0.066414	-495.227169
480.500000	35098.595537	-201432.506665	0.065756	-495.227170
481.000000	35098.628415	-201680.120250	0.065104	-495.227171
481.500000	35098.660967	-201927.733836	0.064460	-495.227172
482.000000	35098.693197	-202175.347422	0.063821	-495.227173
482.500000	35098.725108	-202422.961009	0.063189	-495.227174
483.000000	35098.756702	-202670.574596	0.062563	-495.227175
483.500000	35098.787984	-202918.188183	0.061944	-495.227176
484.000000	35098.818956	-203165.801771	0.061330	-495.227177
484.500000	35098.849621	-203413.415359	0.060723	-495.227177
485.000000	35098.879982	-203661.028948	0.060121	-495.227178
485.500000	35098.910042	-203908.642537	0.059526	-495.227179
486.000000	35098.939805	-204156.256127	0.058936	-495.227180
486.500000	35098.969273	-204403.869717	0.058352	-495.227181
487.000000	35098.998449	-204651.483307	0.057774	-495.227181
487.500000	35099.027337	-204899.096898	0.057202	-495.227182
488.000000	35099.055938	-205146.710489	0.056636	-495.227183
488.500000	35099.084256	-205394.324080	0.056075	-495.227184
489.000000	35099.112293	-205641.937672	0.055519	-495.227184
489.500000	35099.140053	-205889.551264	0.054969	-495.227185
490.000000	35099.167537	-206137.164857	0.054425	-495.227186
490.500000	35099.194750	-206384.778450	0.053886	-495.227186
491.000000	35099.221693	-206632.392043	0.053352	-495.227187
491.500000	35099.248369	-206880.005636	0.052824	-495.227188
492.000000	35099.274781	-207127.619230	0.052301	-495.227188
492.500000	35099.300931	-207375.232824	0.051783	-495.227189
493.000000	35099.326822	-207622.846419	0.051270	-495.227189
493.500000	35099.352457	-207870.460013	0.050762	-495.227190
494.000000	35099.377838	-208118.073608	0.050259	-495.227191
494.500000	35099.402967	-208365.687204	0.049761	-495.227191
495.000000	35099.427848	-208613.300799	0.049268	-495.227192
495.500000	35099.452482	-208860.914395	0.048780	-495.227192
496.000000	35099.476872	-209108.527991	0.048297	-495.227193
496.500000	35099.501021	-209356.141588	0.047819	-495.227193
497.000000	35099.524931	-209603.755185	0.047345	-495.227194
497.500000	35099.548603	-209851.368781	0.046876	-495.227194
498.000000	35099.572041	-210098.982379	0.046412	-495.227195
498.500000	35099.595247	-210346.595976	0.045952	-495.227195
499.000000	35099.618224	-210594.209574	0.045497	-495.227196
499.500000	35099.640972	-210841.823172	0.045047	-495.227196
500.000000	35099.663496	-211089.436770	0.044600	-495.227197
500.500000	35099.685796	-211337.050368	0.044159	-495.227197
501.000000	35099.707875	-211584.663967	0.043721	-495.227198
501.500000	35099.729736	-211832.277566	0.043288	-495.227198
502.000000	35099.751380	-212079.891165	0.042860	-495.227199
502.500000	35099.772810	-212327.504764	0.042435	-495.227199
503.000000	35099.794027	-212575.118364	0.042015	-495.227199
503.500000	35099.815035	-212822.731963	0.041599	-495.227200
504.000000	35099.835834	-213070.345563	0.041187	-495.227200
504.500000	35099.856427	-213317.959163	0.040779	-495.227201
505.000000	35099.876817	-213565.572763	0.040375	-495.227201
505.500000	35099.897004	-213813.186364	0.039975	-495.227201
506.000000	35099.916991	-214060.799965	0.039579	-495.227202
506.500000	35099.936781	-214308.413565	0.039187	-495.227202
507.000000	35099.956374	-214556.027166	0.038799	-495.227202
507.500000	35099.975774	-214803.640768	0.038415	-495.227203
508.000000	35099.994981	-215051.254369	0.038034	-495.227203
508.500000	35100.013998	-215298.867970	0.037657	-495.227203
509.000000	35100.032827	-215546.481572	0.037284	-495.227204
509.500000	35100.051469	-215794.095174	0.036915	-495.227204
510.000000	35100.069926	-216041.708776	0.036549	-495.227204
510.500000	35100.088201	-216289.322378	0.036187	-495.227205
511.000000	35100.106295	-216536.935981	0.035829	-495.227205
511.500000	35100.124209	-216784.549583	0.035474	-495.227205
512.000000	35100.141946	-217032.163186	0.035123	-495.227206
512.500000	35100.159508	-217279.776788	0.034775	-495.227206
513.000000	35100.176895	-217527.390391	0.034430	-495.227206
513.500000	35100.194110	-217775.003994	0.034089	-495.227206
514.000000	35100.211155	-218022.617598	0.033752	-495.227207
514.500000	35100.228031	-218270.231201	0.033418	-495.227207
515.000000	35100.244740	-218517.844804	0.033087	-495.227207
515.500000	35100.261283	-218765.458408	0.032759	-495.227207
516.000000	35100.277662	-219013.072012	0.032434	-495.227208
516.500000	35100.293880	-219260.685616	0.032113	-495.227208
517.000000	35100.309936	-219508.299220	0.031795	-495.227208
517.500000	35100.325834	-219755.912824	0.031480	-495.227208
518.000000	35100.341574	-220003.526428	0.031168	-495.227209
518.500000	35100.357158	-220251.140032	0.030860	-495.227209
519.000000	35100.372588	-220498.753637	0.030554	-495.227209
519.500000	35100.387865	-220746.367241	0.030251	-495.227209
520.000000	35100.402990	-220993.980846	0.029952	-495.227210
520.500000	35100.417966	-221241.594451	0.029655	-495.227210
521.000000	35100.432794	-221489.208055	0.029361	-495.227210
521.500000	35100.447475	-221736.821660	0.029071	-495.227210
522.000000	35100.462010	-221984.435265	0.028783	-495.227210
522.500000	35100.476401	-222232.048871	0.028498	-495.227211
523.000000	35100.490650	-222479.662476	0.028215	-495.227211
523.500000	35100.504758	-222727.276081	0.027936	-495.227211
524.000000	35100.518725	-222974.889687	0.027659	-495.227211
524.500000	35100.532555	-223222.503292	0.027385	-495.227211
525.000000	35100.546248	-223470.116898	0.027114	-495.227211
525.500000	35100.559805	-223717.730504	0.026845	-495.227212
526.000000	35100.573227	-223965.344109	0.026579	-495.227212
526.500000	35100.586517	-224212.957715	0.026316	-495.227212
527.000000	35100.599675	-224460.571321	0.026056	-495.227212
527.500000	35100.612703	-224708.184927	0.025798	-495.227212
528.000000	35100.625602	-224955.798534	0.025542	-495.227212
528.500000	35100.638373	-225203.412140	0.025289	-495.227213
529.000000	35100.651017	-225451.025746	0.025039	-495.227213
529.500000	35100.663536	-225698.639352	0.024791	-495.227213
530.000000	35100.675932	-225946.252959	0.024545	-495.227213
530.500000	35100.688204	-226193.866565	0.024302	-495.227213
531.000000	35100.700355	-226441.480172	0.024061	-495.227213
531.500000	35100.712386	-226689.093779	0.023823	-495.227213
532.000000	35100.724297	-226936.707385	0.023587	-495.227214
532.500000	35100.736091	-227184.320992	0.023353	-495.227214
533.000000	35100.747767	-227431.934599	0.023122	-495.227214
533.500000	35100.759328	-227679.548206	0.022893	-495.227214
534.000000	35100.770775	-227927.161813	0.022666	-495.227214
534.500000	35100.782108	-228174.775420	0.022442	-495.227214
535.000000	35100.793329	-228422.389027	0.022219	-495.227214
535.500000	35100.804439	-228670.002634	0.021999	-495.227214
536.000000	35100.815438	-228917.616242	0.021782	-495.227215
536.500000	35100.826329	-229165.229849	0.021566	-495.227215
537.000000	35100.837112	-229412.843456	0.021352	-495.227215
537.500000	35100.847788	-229660.457064	0.021141	-495.227215
538.000000	35100.858358	-229908.070671	0.020931	-495.227215
538.500000	35100.868824	-230155.684279	0.020724	-495.227215
539.000000	35100.879186	-230403.297886	0.020519	-495.227215
539.500000	35100.889445	-230650.911494	0.020316	-495.227215
540.000000	35100.899603	-230898.525102	0.020114	-495.227215
540.500000	35100.909660	-231146.138709	0.019915	-495.227216
541.000000	35100.919618	-231393.752317	0.019718	-495.227216
541.500000	35100.929477	-231641.365925	0.019523	-495.227216
542.000000	35100.939238	-231888.979533	0.019329	-495.227216
542.500000	35100.948903	-232136.593141	0.019138	-495.227216
543.000000	35100.958472	-232384.206749	0.018948	-495.227216
543.500000	35100.967946	-232631.820357	0.018760	-495.227216
544.000000	35100.977326	-232879.433965	0.018575	-495.227216
544.500000	35100.986613	-233127.047573	0.018391	-495.227216
545.000000	35100.995809	-233374.661181	0.018209	-495.227216
545.500000	35101.004913	-233622.274789	0.018028	-495.227216
546.000000	35101.013927	-233869.888397	0.017850	-495.227217
546.500000	35101.022852	-234117.502005	0.017673	-495.227217
547.000000	35101.031688	-234365.115614	0.017498	-495.227217
547.500000	35101.040437	-234612.729222	0.017324	-495.227217
548.000000	35101.049099	-234860.342830	0.017153	-495.227217
548.500000	35101.057676	-235107.956439	0.016983	-495.227217
549.000000	35101.066167	-235355.570047	0.016815	-495.227217
549.500000	35101.074575	-235603.183656	0.016648	-495.227217
550.000000	35101.082899	-235850.797264	0.016483	-495.227217
550.500000	35101.091140	-236098.410873	0.016320	-495.227217
551.000000	35101.099301	-236346.024481	0.016158	-495.227217
551.500000	35101.107380	-236593.638090	0.015998	-495.227217
552.000000	35101.115379	-236841.251699	0.015840	-495.227217
552.500000	35101.123299	-237088.865307	0.015683	-495.227217
553.000000	35101.131140	-237336.478916	0.015528	-495.227217
553.500000	35101.138904	-237584.092525	0.015374	-495.227218
554.000000	35101.146591	-237831.706133	0.015222	-495.227218
554.500000	35101.154202	-238079.319742	0.015071	-495.227218
555.000000	35101.161738	-238326.933351	0.014922	-495.227218
555.500000	35101.169198	-238574.546960	0.014774	-495.227218
556.000000	35101.176585	-238822.160569	0.014628	-495.227218
556.500000	35101.183899	-239069.774178	0.014483	-495.227218
557.000000	35101.191140	-239317.387787	0.014339	-495.227218
557.500000	35101.198310	-239565.001396	0.014197	-495.227218
558.000000	35101.205409	-239812.615005	0.014057	-495.227218
558.500000	35101.212437	-240060.228614	0.013917	-495.227218
559.000000	35101.219396	-240307.842223	0.013779	-495.227218
559.500000	35101.226285	-240555.455832	0.013643	-495.227218
560.000000	35101.233107	-240803.069441	0.013508	-495.227218
560.500000	35101.239861	-241050.683050	0.013374	-495.227218
561.000000	35101.246548	-241298.296659	0.013242	-495.227218
561.500000	35101.253169	-241545.910268	0.013110	-495.227218
562.000000	35101.259724	-241793.523877	0.012981	-495.227218
562.500000	35101.266214	-242041.137486	0.012852	-495.227218
563.000000	35101.272640	-242288.751096	0.012725	-495.227218
563.500000	35101.279003	-242536.364705	0.012599	-495.227218
564.000000	35101.285302	-242783.978314	0.012474	-495.227219
564.500000	35101.291539	-243031.591923	0.012350	-495.227219
565.000000	35101.297714	-243279.205533	0.012228	-495.227219
565.500000	35101.303828	-243526.819142	0.012107	-495.227219
566.000000	35101.309882	-243774.432751	0.011987	-495.227219
566.500000	35101.315875	-244022.046361	0.011868	-495.227219
567.000000	35101.321809	-244269.659970	0.011751	-495.227219
567.500000	35101.327685	-244517.273579	0.011634	-495.227219
568.000000	35101.333502	-244764.887189	0.011519	-495.227219
568.500000	35101.339262	-245012.500798	0.011405	-495.227219
569.000000	35101.344964	-245260.114408	0.011292	-495.227219
569.500000	35101.350610	-245507.728017	0.011180	-495.227219
570.000000	35101.356200	-245755.341627	0.011070	-495.227219
570.500000	35101.361735	-246002.955236	0.010960	-495.227219
571.000000	35101.367215	-246250.568846	0.010851	-495.227219
571.500000	35101.372641	-246498.182455	0.010744	-495.227219
572.000000	35101.378013	-246745.796065	0.010637	-495.227219
572.500000	35101.383331	-246993.409674	0.010532	-495.227219
573.000000	35101.388597	-247241.023284	0.010428	-495.227219
573.500000	35101.393811	-247488.636893	0.010324	-495.227219
574.000000	35101.398973	-247736.250503	0.010222	-495.227219
574.500000	35101.404084	-247983.864112	0.010121	-495.227219
575.000000	35101.409145	-248231.477722	0.010021	-495.227219
575.500000	35101.414155	-248479.091332	0.009921	-495.227219
576.000000	35101.419116	-248726.704941	0.009823	-495.227219
576.500000	35101.424028	-248974.318551	0.009726	-495.227219
577.000000	35101.428891	-249221.932161	0.009630	-495.227219
577.500000	35101.433705	-249469.545770	0.009534	-495.227219
578.000000	35101.438473	-249717.159380	0.009440	-495.227219
578.500000	35101.443192	-249964.772990	0.009346	-495.227219
579.000000	35101.447866	-250212.386599	0.009254	-495.227219
579.500000	35101.452492	-250460.000209	0.009162	-495.227219
580.000000	35101.457073	-250707.613819	0.009071	-495.227219
580.500000	35101.461609	-250955.227429	0.008981	-495.227219
581.000000	35101.466100	-251202.841038	0.008893	-495.227220
581.500000	35101.470546	-251450.454648	0.008804	-495.227220
582.000000	35101.474948	-251698.068258	0.008717	-495.227220
582.500000	35101.479307	-251945.681868	0.008631	-495.227220
583.000000	35101.483622	-252193.295477	0.008545	-495.227220
583.500000	35101.487895	-252440.909087	0.008461	-495.227220
584.000000	35101.492125	-252688.522697	0.008377	-495.227220
584.500000	35101.496314	-252936.136307	0.008294	-495.227220
585.000000	35101.500461	-253183.749917	0.008212	-495.227220
585.500000	35101.504567	-253431.363526	0.008131	-495.227220
586.000000	35101.508632	-253678.977136	0.008050	-495.227220
586.500000	35101.512657	-253926.590746	0.007970	-495.227220
587.000000	35101.516642	-254174.204356	0.007891	-495.227220
587.500000	35101.520588	-254421.817966	0.007813	-495.227220
588.000000	35101.524494	-254669.431576	0.007736	-495.227220
588.500000	35101.528362	-254917.045186	0.007659	-495.227220
589.000000	35101.532192	-255164.658795	0.007583	-495.227220
589.500000	35101.535984	-255412.272405	0.007508	-495.227220
590.000000	35101.539738	-255659.886015	0.007434	-495.227220
590.500000	35101.543455	-255907.499625	0.007360	-495.227220
591.000000	35101.547135	-256155.113235	0.007287	-495.227220
591.500000	35101.550778	-256402.726845	0.007215	-495.227220
592.000000	35101.554386	-256650.340455	0.007144	-495.227220
592.500000	35101.557958	-256897.954065	0.007073	-495.227220
593.000000	35101.561494	-257145.567675	0.007003	-495.227220
593.500000	35101.564995	-257393.181285	0.006933	-495.227220
594.000000	35101.568462	-257640.794895	0.006865	-495.227220
594.500000	35101.571895	-257888.408505	0.006797	-495.227220
595.000000	35101.575293	-258136.022115	0.006729	-495.227220
595.500000	35101.578658	-258383.635725	0.006663	-495.227220
596.000000	35101.581989	-258631.249335	0.006597	-495.227220
596.500000	35101.585288	-258878.862945	0.006532	-495.227220
597.000000	35101.588553	-259126.476555	0.006467	-495.227220
597.500000	35101.591787	-259374.090165	0.006403	-495.227220
598.000000	35101.594988	-259621.703775	0.006339	-495.227220
598.500000	35101.598158	-259869.317385	0.006277	-495.227220
599.000000	35101.601296	-260116.930995	0.006214	-495.227220
599.500000	35101.604403	-260364.544605	0.006153	-495.227220
600.000000	35101.607480	-260612.158215	0.006092	-495.227220
600.500000	35101.610526	-260859.771825	0.006032	-495.227220
601.000000	35101.613541	-261107.385435	0.005972	-495.227220
601.500000	35101.616527	-261354.999045	0.005913	-495.227220
602.000000	35101.619484	-261602.612655	0.005854	-495.227220
602.500000	35101.622411	-261850.226265	0.005796	-495.227220
603.000000	35101.625309	-262097.839875	0.005739	-495.227220
603.500000	35101.628178	-262345.453485	0.005682	-495.227220
604.000000	35101.631019	-262593.067095	0.005626	-495.227220
604.500000	35101.633832	-262840.680705	0.005570	-495.227220
605.000000	35101.636617	-263088.294315	0.005515	-495.227220
605.500000	35101.639374	-263335.907925	0.005460	-495.227220
606.000000	35101.642104	-263583.521535	0.005406	-495.227220
606.500000	35101.644807	-263831.135146	0.005352	-495.227220
607.000000	35101.647484	-264078.748756	0.005299	-495.227220
607.500000	35101.650133	-264326.362366	0.005247	-495.227220
608.000000	35101.652757	-264573.975976	0.005195	-495.227220
608.500000	35101.655354	-264821.589586	0.005144	-495.227220
609.000000	35101.657926	-265069.203196	0.005093	-495.227220
609.500000	35101.660472	-265316.816806	0.005042	-495.227220
610.000000	35101.662993	-265564.430416	0.004992	-495.227220
610.500000	35101.665490	-265812.044026	0.004943	-495.227220
611.000000	35101.667961	-266059.657637	0.004894	-495.227220
611.500000	35101.670408	-266307.271247	0.004845	-495.227220
612.000000	35101.672830	-266554.884857	0.004797	-495.227220
612.500000	35101.675229	-266802.498467	0.004750	-495.227220
613.000000	35101.677604	-267050.112077	0.004703	-495.227220
613.500000	35101.679955	-267297.725687	0.004656	-495.227220
614.000000	35101.682284	-267545.339297	0.004610	-495.227220
614.500000	35101.684589	-267792.952907	0.004564	-495.227220
615.000000	35101.686871	-268040.566518	0.004519	-495.227220
615.500000	35101.689130	-268288.180128	0.004474	-495.227220
616.000000	35101.691368	-268535.793738	0.004430	-495.227220
616.500000	35101.693583	-268783.407348	0.004386	-495.227220
617.000000	35101.695776	-269031.020958	0.004343	-495.227220
617.500000	35101.697947	-269278.634568	0.004300	-495.227220
618.000000	35101.700097	-269526.248178	0.004257	-495.227220
618.500000	35101.702226	-269773.861789	0.004215	-495.227220
619.000000	35101.704333	-270021.475399	0.004173	-495.227220
619.500000	35101.706420	-270269.089009	0.004132	-495.227220
620.000000	35101.708486	-270516.702619	0.004091	-495.227220
620.500000	35101.710532	-270764.316229	0.004051	-495.227220
621.000000	35101.712557	-271011.929839	0.004010	-495.227220
621.500000	35101.714562	-271259.543450	0.003971	-495.227220
622.000000	35101.716547	-271507.157060	0.003931	-495.227220
622.500000	35101.718513	-271754.770670	0.003892	-495.227220
623.000000	35101.720459	-272002.384280	0.003854	-495.227220
623.500000	35101.722386	-272249.997890	0.003816	-495.227220
624.000000	35101.724294	-272497.611501	0.003778	-495.227220
624.500000	35101.726183	-272745.225111	0.003740	-495.227220
625.000000	35101.728053	-272992.838721	0.003703	-495.227220
625.500000	35101.729905	-273240.452331	0.003667	-495.227220
626.000000	35101.731738	-273488.065941	0.003630	-495.227220
626.500000	35101.733554	-273735.679552	0.003594	-495.227220
627.000000	35101.735351	-273983.293162	0.003559	-495.227220
627.500000	35101.737130	-274230.906772	0.003524	-495.227220
628.000000	35101.738892	-274478.520382	0.003489	-495.227220
628.500000	35101.740637	-274726.133992	0.003454	-495.227220
629.000000	35101.742364	-274973.747603	0.003420	-495.227220
629.500000	35101.744074	-275221.361213	0.003386	-495.227220
630.000000	35101.745767	-275468.974823	0.003353	-495.227220
630.500000	35101.747443	-275716.588433	0.003319	-495.227220
631.000000	35101.749103	-275964.202043	0.003286	-495.227220
631.500000	35101.750746	-276211.815654	0.003254	-495.227220
632.000000	35101.752373	-276459.429264	0.003222	-495.227220
632.500000	35101.753984	-276707.042874	0.003190	-495.227220
633.000000	35101.755579	-276954.656484	0.003158	-495.227220
633.500000	35101.757158	-277202.270094	0.003127	-495.227220
634.000000	35101.758721	-277449.883705	0.003096	-495.227220
634.500000	35101.760269	-277697.497315	0.003065	-495.227220
635.000000	35101.761802	-277945.110925	0.003035	-495.227220
635.500000	35101.763319	-278192.724535	0.003005	-495.227220
636.000000	35101.764822	-278440.338146	0.002975	-495.227220
636.500000	35101.766309	-278687.951756	0.002946	-495.227220
637.000000	35101.767782	-278935.565366	0.002916	-495.227220
637.500000	35101.769240	-279183.178976	0.002888	-495.227220
638.000000	35101.770684	-279430.792586	0.002859	-495.227220
638.500000	35101.772113	-279678.406197	0.002831	-495.227220
639.000000	35101.773529	-279926.019807	0.002803	-495.227220
639.500000	35101.774930	-280173.633417	0.002775	-495.227220
640.000000	35101.776318	-280421.247027	0.002747	-495.227220
640.500000	35101.777691	-280668.860638	0.002720	-495.227220
641.000000	35101.779051	-280916.474248	0.002693	-495.227220
641.500000	35101.780398	-281164.087858	0.002667	-495.227220
642.000000	35101.781731	-281411.701468	0.002640	-495.227220
642.500000	35101.783051	-281659.315079	0.002614	-495.227220
643.000000	35101.784358	-281906.928689	0.002588	-495.227220
643.500000	35101.785652	-282154.542299	0.002562	-495.227220
644.000000	35101.786934	-282402.155909	0.002537	-495.227220
644.500000	35101.788202	-282649.769519	0.002512	-495.227220
645.000000	35101.789458	-282897.383130	0.002487	-495.227220
645.500000	35101.790702	-283144.996740	0.002462	-495.227220
646.000000	35101.791933	-283392.610350	0.002438	-495.227220
646.500000	35101.793152	-283640.223960	0.002414	-495.227220
647.000000	35101.794359	-283887.837571	0.002390	-495.227220
647.500000	35101.795554	-284135.451181	0.002366	-495.227220
648.000000	35101.796737	-284383.064791	0.002343	-495.227220
648.500000	35101.797908	-284630.678401	0.002320	-495.227220
649.000000	35101.799068	-284878.292012	0.002297	-495.227220
649.500000	35101.800217	-285125.905622	0.002274	-495.227221
