0.000000	0.000000	0.000000	449.951327	536.231110
0.500000	224.975663	268.115555	443.652008	523.818874
1.000000	446.801668	530.024992	437.649184	511.826354
1.500000	665.626260	785.938169	431.922469	500.224018
2.000000	881.587494	1036.050178	426.453319	488.985010
2.500000	1094.814153	1280.542683	421.224828	478.084855
3.000000	1305.426567	1519.585111	416.221546	467.501194
3.500000	1513.537340	1753.335708	411.429327	457.213560
4.000000	1719.252004	1981.942488	406.835189	447.203182
4.500000	1922.669598	2205.544079	402.427194	437.452807
5.000000	2123.883196	2424.270482	398.194349	427.946552
5.500000	2322.980370	2638.243758	394.126507	418.669770
6.000000	2520.043624	2847.578643	390.214289	409.608928
6.500000	2715.150768	3052.383107	386.449012	400.751507
7.000000	2908.375274	3252.758861	382.822622	392.085904
7.500000	3099.786585	3448.801813	379.327639	383.601352
8.000000	3289.450405	3640.602489	375.957106	375.287844
8.500000	3477.428958	3828.246411	372.704541	367.136070
9.000000	3663.781228	4011.814446	369.563901	359.137353
9.500000	3848.563179	4191.383123	366.529539	351.283600
10.000000	4031.827948	4367.024923	363.596174	343.567250
10.500000	4213.626036	4538.808548	360.758864	335.981235
11.000000	4394.005468	4706.799165	358.012974	328.518937
11.500000	4573.011955	4871.058634	355.354152	321.174157
12.000000	4750.689031	5031.645712	352.778313	313.941076
12.500000	4927.078187	5188.616250	350.281612	306.814236
13.000000	5102.218993	5342.023368	347.860427	299.788502
13.500000	5276.149207	5491.917619	345.511346	292.859048
14.000000	5448.904880	5638.347143	343.231148	286.021329
14.500000	5620.520454	5781.357808	341.016793	279.271062
15.000000	5791.028850	5920.993339	338.865402	272.604210
15.500000	5960.461551	6057.295444	336.774256	266.016963
16.000000	6128.848679	6190.303926	334.740775	259.505723
16.500000	6296.219066	6320.056787	332.762514	253.067088
17.000000	6462.600323	6446.590331	330.837154	246.697845
17.500000	6628.018900	6569.939253	328.962491	240.394951
18.000000	6792.500146	6690.136729	327.136430	234.155526
18.500000	6956.068361	6807.214492	325.356978	227.976842
19.000000	7118.746850	6921.202913	323.622236	221.856312
19.500000	7280.557968	7032.131069	321.930395	215.791486
20.000000	7441.523166	7140.026812	320.279728	209.780036
20.500000	7601.663030	7244.916830	318.668589	203.819755
21.000000	7760.997324	7346.826707	317.095401	197.908548
21.500000	7919.545025	7445.780981	315.558658	192.044422
22.000000	8077.324354	7541.803192	314.056921	186.225486
22.500000	8234.352814	7634.915935	312.588807	180.449943
23.000000	8390.647218	7725.140906	311.152994	174.716082
23.500000	8546.223715	7812.498947	309.748211	169.022280
24.000000	8701.097820	7897.010088	308.373239	163.366990
24.500000	8855.284440	7978.693583	307.026905	157.748743
25.000000	9008.797892	8057.567954	305.708084	152.166140
25.500000	9161.651934	8133.651024	304.415689	146.617850
26.000000	9313.859779	8206.959949	303.148677	141.102610
26.500000	9465.434117	8277.511254	301.906038	135.619216
27.000000	9616.387136	8345.320862	300.686802	130.166523
27.500000	9766.730537	8410.404123	299.490028	124.743443
28.000000	9916.475551	8472.775845	298.314811	119.348942
28.500000	10065.632957	8532.450315	297.160272	113.982037
29.000000	10214.213093	8589.441334	296.025563	108.641795
29.500000	10362.225875	8643.762232	294.909860	103.327331
30.000000	10509.680805	8695.425897	293.812366	98.037803
30.500000	10656.586988	8744.444799	292.732308	92.772414
31.000000	10802.953142	8790.831006	291.668933	87.530411
31.500000	10948.787608	8834.596211	290.621513	82.311078
32.000000	11094.098365	8875.751751	289.589338	77.113741
32.500000	11238.893034	8914.308621	288.571718	71.937763
33.000000	11383.178893	8950.277502	287.567980	66.782542
33.500000	11526.962883	8983.668773	286.577469	61.647513
34.000000	11670.251617	9014.492530	285.599548	56.532146
34.500000	11813.051391	9042.758603	284.633593	51.435943
35.000000	11955.368188	9068.476575	283.678998	46.358439
35.500000	12097.207687	9091.655794	282.735167	41.299199
36.000000	12238.575270	9112.305394	281.801521	36.257822
36.500000	12379.476031	9130.434305	280.877494	31.233932
37.000000	12519.914778	9146.051271	279.962530	26.227187
37.500000	12659.896043	9159.164865	279.056087	21.237271
38.000000	12799.424086	9169.783500	278.157634	16.263895
38.500000	12938.502903	9177.915447	277.266650	11.306799
39.000000	13077.136228	9183.568847	276.382626	6.365749
39.500000	13215.327541	9186.751721	275.505062	1.440536
40.000000	13353.080072	9187.471989	274.633469	-3.469021
40.500000	13490.396806	9185.737479	273.767367	-8.363081
41.000000	13627.280490	9181.555938	272.906286	-13.241776
41.500000	13763.733633	9174.935050	272.049763	-18.105217
42.000000	13899.758514	9165.882442	271.197347	-22.953488
42.500000	14035.357187	9154.405698	270.348592	-27.786651
43.000000	14170.531483	9140.512372	269.503063	-32.604747
43.500000	14305.283015	9124.209999	268.660333	-37.407793
44.000000	14439.613182	9105.506103	267.819983	-42.195784
44.500000	14573.523173	9084.408211	266.981600	-46.968694
45.000000	14707.013973	9060.923864	266.144781	-51.726477
45.500000	14840.086363	9035.060626	265.309129	-56.469064
46.000000	14972.740928	9006.826094	264.474257	-61.196368
46.500000	15104.978057	8976.227910	263.639783	-65.908280
47.000000	15236.797948	8943.273770	262.805334	-70.604673
47.500000	15368.200615	8907.971433	261.970543	-75.285400
48.000000	15499.185887	8870.328733	261.135052	-79.950295
48.500000	15629.753413	8830.353586	260.298507	-84.599175
49.000000	15759.902666	8788.053998	259.460564	-89.231837
49.500000	15889.632948	8743.438080	258.620886	-93.848060
50.000000	16018.943391	8696.514050	257.779141	-98.447609
50.500000	16147.832962	8647.290245	256.935005	-103.030228
51.000000	16276.300464	8595.775132	256.088161	-107.595646
51.500000	16404.344545	8541.977309	255.238299	-112.143576
52.000000	16531.963694	8485.905521	254.385116	-116.673714
52.500000	16659.156252	8427.568664	253.528314	-121.185742
53.000000	16785.920409	8366.975793	252.667603	-125.679324
53.500000	16912.254210	8304.136131	251.802700	-130.154113
54.000000	17038.155560	8239.059074	250.933328	-134.609744
54.500000	17163.622224	8171.754202	250.059217	-139.045839
55.000000	17288.651832	8102.231282	249.180103	-143.462007
55.500000	17413.241884	8030.500279	248.295729	-147.857841
56.000000	17537.389748	7956.571359	247.405845	-152.232923
56.500000	17661.092671	7880.454897	246.510207	-156.586822
57.000000	17784.347775	7802.161486	245.608578	-160.919094
57.500000	17907.152064	7721.701939	244.700725	-165.229283
58.000000	18029.502426	7639.087298	243.786426	-169.516920
58.500000	18151.395639	7554.328838	242.865462	-173.781528
59.000000	18272.828370	7467.438074	241.937621	-178.022615
59.500000	18393.797181	7378.426766	241.002700	-182.239680
60.000000	18514.298531	7287.306926	240.060499	-186.432214
60.500000	18634.328780	7194.090819	239.110826	-190.599693
61.000000	18753.884193	7098.790973	238.153498	-194.741589
61.500000	18872.960942	7001.420178	237.188334	-198.857361
62.000000	18991.555110	6901.991498	236.215164	-202.946460
62.500000	19109.662692	6800.518268	235.233822	-207.008331
63.000000	19227.279603	6697.014102	234.244149	-211.042408
63.500000	19344.401677	6591.492898	233.245995	-215.048120
64.000000	19461.024675	6483.968838	232.239213	-219.024888
64.500000	19577.144281	6374.456394	231.223666	-222.972125
65.000000	19692.756114	6262.970332	230.199224	-226.889241
65.500000	19807.855726	6149.525711	229.165761	-230.775639
66.000000	19922.438607	6034.137892	228.123162	-234.630715
66.500000	20036.500188	5916.822534	227.071316	-238.453864
67.000000	20150.035846	5797.595602	226.010122	-242.244474
67.500000	20263.040907	5676.473365	224.939483	-246.001931
68.000000	20375.510648	5553.472399	223.859312	-249.725617
68.500000	20487.440304	5428.609591	222.769528	-253.414912
69.000000	20598.825068	5301.902135	221.670060	-257.069195
69.500000	20709.660098	5173.367537	220.560841	-260.687842
70.000000	20819.940519	5043.023616	219.441815	-264.270229
70.500000	20929.661426	4910.888501	218.312932	-267.815734
71.000000	21038.817892	4776.980635	217.174150	-271.323731
71.500000	21147.404967	4641.318769	216.025436	-274.793600
72.000000	21255.417685	4503.921969	214.866764	-278.224720
72.500000	21362.851066	4364.809609	213.698117	-281.616472
73.000000	21469.700125	4224.001373	212.519485	-284.968244
73.500000	21575.959867	4081.517251	211.330869	-288.279424
74.000000	21681.625302	3937.377539	210.132276	-291.549406
74.500000	21786.691440	3791.602836	208.923722	-294.777590
75.000000	21891.153301	3644.214041	207.705232	-297.963380
75.500000	21995.005917	3495.232351	206.476838	-301.106190
76.000000	22098.244336	3344.679256	205.238585	-304.205438
76.500000	22200.863628	3192.576537	203.990521	-307.260554
77.000000	22302.858889	3038.946260	202.732708	-310.270973
77.500000	22404.225243	2883.810773	201.465213	-313.236143
78.000000	22504.957849	2727.192702	200.188113	-316.155522
78.500000	22605.051906	2569.114941	198.901496	-319.028577
79.000000	22704.502654	2409.600652	197.605456	-321.854791
79.500000	22803.305382	2248.673257	196.300098	-324.633656
80.000000	22901.455431	2086.356429	194.985534	-327.364680
80.500000	22998.948198	1922.674089	193.661887	-330.047385
81.000000	23095.779141	1757.650397	192.329287	-332.681308
81.500000	23191.943784	1591.309743	190.987874	-335.266001
82.000000	23287.437721	1423.676742	189.637797	-337.801035
82.500000	23382.256620	1254.776225	188.279214	-340.285995
83.000000	23476.396227	1084.633228	186.912289	-342.720487
83.500000	23569.852371	913.272984	185.537199	-345.104135
84.000000	23662.620971	740.720916	184.154125	-347.436581
84.500000	23754.698033	567.002626	182.763260	-349.717490
85.000000	23846.079663	392.143881	181.364804	-351.946544
85.500000	23936.762065	216.170609	179.958965	-354.123449
86.000000	24026.741547	39.108884	178.545958	-356.247934
86.500000	24116.014527	-139.015083	177.126009	-358.319747
87.000000	24204.577531	-318.174956	175.699348	-360.338662
87.500000	24292.427205	-498.344287	174.266215	-362.304475
88.000000	24379.560312	-679.496524	172.826857	-364.217008
88.500000	24465.973741	-861.605028	171.381527	-366.076106
89.000000	24551.664504	-1044.643081	169.930486	-367.881638
89.500000	24636.629747	-1228.583900	168.474001	-369.633502
90.000000	24720.866748	-1413.400651	167.012347	-371.331618
90.500000	24804.372921	-1599.066461	165.545802	-372.975935
91.000000	24887.145822	-1785.554428	164.074653	-374.566425
91.500000	24969.183148	-1972.837640	162.599191	-376.103089
92.000000	25050.482744	-2160.889185	161.119713	-377.585955
92.500000	25131.042600	-2349.682163	159.636521	-379.015076
93.000000	25210.860860	-2539.189701	158.149920	-380.390534
93.500000	25289.935820	-2729.384968	156.660223	-381.712436
94.000000	25368.265932	-2920.241186	155.167744	-382.980917
94.500000	25445.849804	-3111.731644	153.672802	-384.196140
95.000000	25522.686205	-3303.829714	152.175718	-385.358294
95.500000	25598.774064	-3496.508861	150.676819	-386.467594
96.000000	25674.112474	-3689.742659	149.176432	-387.524284
96.500000	25748.700690	-3883.504801	147.674886	-388.528632
97.000000	25822.538133	-4077.769117	146.172515	-389.480934
97.500000	25895.624390	-4272.509584	144.669652	-390.381512
98.000000	25967.959216	-4467.700340	143.166632	-391.230711
98.500000	26039.542532	-4663.315695	141.663791	-392.028905
99.000000	26110.374427	-4859.330147	140.161465	-392.776490
99.500000	26180.455160	-5055.718392	138.659991	-393.473887
100.000000	26249.785155	-5252.455336	137.159705	-394.121543
100.500000	26318.365007	-5449.516108	135.660943	-394.719926
101.000000	26386.195479	-5646.876071	134.164039	-395.269526
101.500000	26453.277499	-5844.510834	132.669328	-395.770859
102.000000	26519.612163	-6042.396263	131.177140	-396.224458
102.500000	26585.200733	-6240.508492	129.687806	-396.630879
103.000000	26650.044636	-6438.823932	128.201653	-396.990700
103.500000	26714.145462	-6637.319282	126.719005	-397.304515
104.000000	26777.504965	-6835.971539	125.240184	-397.572939
104.500000	26840.125057	-7034.758009	123.765508	-397.796604
105.000000	26902.007811	-7233.656311	122.295291	-397.976160
105.500000	26963.155456	-7432.644391	120.829845	-398.112271
106.000000	27023.570379	-7631.700527	119.369476	-398.205620
106.500000	27083.255117	-7830.803336	117.914484	-398.256902
107.000000	27142.212359	-8029.931787	116.465168	-398.266826
107.500000	27200.444943	-8229.065200	115.021818	-398.236115
108.000000	27257.955852	-8428.183258	113.584721	-398.165504
108.500000	27314.748212	-8627.266010	112.154158	-398.055738
109.000000	27370.825291	-8826.293878	110.730404	-397.907573
109.500000	27426.190493	-9025.247665	109.313728	-397.721773
110.000000	27480.847357	-9224.108551	107.904392	-397.499114
110.500000	27534.799553	-9422.858109	106.502653	-397.240376
111.000000	27588.050879	-9621.478297	105.108760	-396.946346
111.500000	27640.605259	-9819.951470	103.722957	-396.617820
112.000000	27692.466737	-10018.260380	102.345479	-396.255594
112.500000	27743.639477	-10216.388176	100.976556	-395.860471
113.000000	27794.127755	-10414.318412	99.616408	-395.433259
113.500000	27843.935959	-10612.035041	98.265252	-394.974763
114.000000	27893.068585	-10809.522423	96.923294	-394.485796
114.500000	27941.530232	-11006.765321	95.590734	-393.967165
115.000000	27989.325599	-11203.748904	94.267764	-393.419683
115.500000	28036.459481	-11400.458745	92.954568	-392.844158
116.000000	28082.936765	-11596.880824	91.651325	-392.241397
116.500000	28128.762427	-11793.001522	90.358203	-391.612207
117.000000	28173.941529	-11988.807626	89.075365	-390.957390
117.500000	28218.479212	-12184.286321	87.802965	-390.277744
118.000000	28262.380694	-12379.425193	86.541149	-389.574063
118.500000	28305.651268	-12574.212225	85.290055	-388.847137
119.000000	28348.296296	-12768.635793	84.049817	-388.097748
119.500000	28390.321205	-12962.684667	82.820557	-387.326673
120.000000	28431.731483	-13156.348003	81.602392	-386.534683
120.500000	28472.532679	-13349.615345	80.395430	-385.722541
121.000000	28512.730394	-13542.476615	79.199774	-384.891000
121.500000	28552.330281	-13734.922115	78.015517	-384.040807
122.000000	28591.338040	-13926.942519	76.842746	-383.172701
122.500000	28629.759412	-14118.528869	75.681541	-382.287408
123.000000	28667.600183	-14309.672573	74.531975	-381.385647
123.500000	28704.866170	-14500.365396	73.394113	-380.468126
124.000000	28741.563227	-14690.599459	72.268016	-379.535544
124.500000	28777.697235	-14880.367231	71.153735	-378.588586
125.000000	28813.274102	-15069.661524	70.051315	-377.627929
125.500000	28848.299760	-15258.475489	68.960797	-376.654238
126.000000	28882.780158	-15446.802608	67.882214	-375.668164
126.500000	28916.721265	-15634.636690	66.815591	-374.670350
127.000000	28950.129061	-15821.971865	65.760951	-373.661423
127.500000	28983.009536	-16008.802577	64.718307	-372.642000
128.000000	29015.368690	-16195.123577	63.687670	-371.612686
128.500000	29047.212525	-16380.929920	62.669042	-370.574071
129.000000	29078.547046	-16566.216955	61.662422	-369.526735
129.500000	29109.378257	-16750.980323	60.667803	-368.471244
130.000000	29139.712158	-16935.215945	59.685173	-367.408151
130.500000	29169.554745	-17118.920021	58.714513	-366.337997
131.000000	29198.912001	-17302.089019	57.755803	-365.261308
131.500000	29227.789903	-17484.719673	56.809015	-364.178599
132.000000	29256.194411	-17666.808972	55.874119	-363.090371
132.500000	29284.131470	-17848.354158	54.951078	-361.997114
133.000000	29311.607009	-18029.352715	54.039852	-360.899303
133.500000	29338.626935	-18209.802366	53.140399	-359.797399
134.000000	29365.197134	-18389.701066	52.252669	-358.691855
134.500000	29391.323469	-18569.046993	51.376613	-357.583106
135.000000	29417.011775	-18747.838546	50.512173	-356.471577
135.500000	29442.267862	-18926.074334	49.659293	-355.357680
136.000000	29467.097509	-19103.753174	48.817910	-354.241815
136.500000	29491.506464	-19280.874082	47.987959	-353.124369
137.000000	29515.500443	-19457.436266	47.169373	-352.005717
137.500000	29539.085130	-19633.439125	46.362081	-350.886223
138.000000	29562.266170	-19808.882236	45.566008	-349.766237
138.500000	29585.049174	-19983.765355	44.781080	-348.646099
139.000000	29607.439714	-20158.088404	44.007217	-347.526137
139.500000	29629.443322	-20331.851473	43.244338	-346.406668
140.000000	29651.065491	-20505.054807	42.492362	-345.287996
140.500000	29672.311672	-20677.698805	41.751202	-344.170417
141.000000	29693.187273	-20849.784013	41.020772	-343.054213
141.500000	29713.697659	-21021.311119	40.300982	-341.939657
142.000000	29733.848150	-21192.280948	39.591743	-340.827012
142.500000	29753.644021	-21362.694454	38.892962	-339.716530
143.000000	29773.090502	-21532.552719	38.204546	-338.608453
143.500000	29792.192775	-21701.856946	37.526399	-337.503014
144.000000	29810.955975	-21870.608453	36.858426	-336.400434
144.500000	29829.385188	-22038.808670	36.200530	-335.300927
145.000000	29847.485453	-22206.459133	35.552611	-334.204698
145.500000	29865.261759	-22373.561482	34.914571	-333.111940
146.000000	29882.719045	-22540.117452	34.286310	-332.022841
146.500000	29899.862200	-22706.128872	33.667726	-330.937577
147.000000	29916.696063	-22871.597661	33.058718	-329.856318
147.500000	29933.225421	-23036.525820	32.459183	-328.779226
148.000000	29949.455013	-23200.915433	31.869019	-327.706453
148.500000	29965.389523	-23364.768660	31.288123	-326.638145
149.000000	29981.033584	-23528.087732	30.716390	-325.574439
149.500000	29996.391779	-23690.874952	30.153718	-324.515467
150.000000	30011.468638	-23853.132686	29.600002	-323.461351
150.500000	30026.268639	-24014.863361	29.055137	-322.412209
151.000000	30040.796208	-24176.069466	28.519020	-321.368149
151.500000	30055.055718	-24336.753540	27.991546	-320.329276
152.000000	30069.051491	-24496.918178	27.472610	-319.295686
152.500000	30082.787796	-24656.566021	26.962109	-318.267470
153.000000	30096.268850	-24815.699756	26.459937	-317.244713
153.500000	30109.498819	-24974.322113	25.965992	-316.227494
154.000000	30122.481815	-25132.435860	25.480169	-315.215887
154.500000	30135.221899	-25290.043803	25.002365	-314.209960
155.000000	30147.723081	-25447.148783	24.532477	-313.209776
155.500000	30159.989320	-25603.753671	24.070401	-312.215392
156.000000	30172.024520	-25759.861367	23.616037	-311.226862
156.500000	30183.832539	-25915.474798	23.169281	-310.244235
157.000000	30195.417179	-26070.596916	22.730032	-309.267554
157.500000	30206.782195	-26225.230693	22.298190	-308.296858
158.000000	30217.931290	-26379.379122	21.873654	-307.332184
158.500000	30228.868118	-26533.045214	21.456325	-306.373561
159.000000	30239.596280	-26686.231994	21.046102	-305.421018
159.500000	30250.119331	-26838.942504	20.642888	-304.474578
160.000000	30260.440775	-26991.179793	20.246585	-303.534261
160.500000	30270.564067	-27142.946923	19.857095	-302.600084
161.000000	30280.492615	-27294.246965	19.474323	-301.672058
161.500000	30290.229777	-27445.082994	19.098172	-300.750196
162.000000	30299.778863	-27595.458092	18.728548	-299.834503
162.500000	30309.143137	-27745.375344	18.365356	-298.924983
163.000000	30318.325815	-27894.837835	18.008503	-298.021637
163.500000	30327.330066	-28043.848654	17.657896	-297.124465
164.000000	30336.159014	-28192.410886	17.313443	-296.233461
164.500000	30344.815735	-28340.527616	16.975054	-295.348618
165.000000	30353.303263	-28488.201926	16.642639	-294.469929
165.500000	30361.624582	-28635.436890	16.316108	-293.597382
166.000000	30369.782636	-28782.235581	15.995372	-292.730962
166.500000	30377.780322	-28928.601062	15.680345	-291.870656
167.000000	30385.620495	-29074.536390	15.370939	-291.016445
167.500000	30393.305964	-29220.044612	15.067070	-290.168310
168.000000	30400.839499	-29365.128767	14.768651	-289.326230
168.500000	30408.223825	-29509.791882	14.475599	-288.490182
169.000000	30415.461624	-29654.036973	14.187832	-287.660143
169.500000	30422.555540	-29797.867044	13.905266	-286.836086
170.000000	30429.508173	-29941.285087	13.627821	-286.017984
170.500000	30436.322084	-30084.294079	13.355416	-285.205808
171.000000	30442.999792	-30226.896983	13.087973	-284.399530
171.500000	30449.543778	-30369.096748	12.825411	-283.599117
172.000000	30455.956484	-30510.896306	12.567655	-282.804537
172.500000	30462.240311	-30652.298575	12.314627	-282.015758
173.000000	30468.397625	-30793.306454	12.066252	-281.232745
173.500000	30474.430751	-30933.922826	11.822454	-280.455463
174.000000	30480.341978	-31074.150558	11.583161	-279.683877
174.500000	30486.133558	-31213.992496	11.348298	-278.917948
175.000000	30491.807707	-31353.451470	11.117794	-278.157640
175.500000	30497.366604	-31492.530290	10.891579	-277.402915
176.000000	30502.812394	-31631.231748	10.669580	-276.653733
176.500000	30508.147184	-31769.558615	10.451730	-275.910056
177.000000	30513.373049	-31907.513642	10.237960	-275.171842
177.500000	30518.492029	-32045.099564	10.028202	-274.439052
178.000000	30523.506130	-32182.319090	9.822390	-273.711645
178.500000	30528.417325	-32319.174912	9.620458	-272.989578
179.000000	30533.227554	-32455.669701	9.422340	-272.272812
179.500000	30537.938724	-32591.806107	9.227974	-271.561302
180.000000	30542.552711	-32727.586758	9.037296	-270.855007
180.500000	30547.071359	-32863.014262	8.850243	-270.153885
181.000000	30551.496480	-32998.091204	8.666754	-269.457892
181.500000	30555.829857	-33132.820150	8.486769	-268.766985
182.000000	30560.073242	-33267.203643	8.310228	-268.081122
182.500000	30564.228356	-33401.244203	8.137073	-267.400258
183.000000	30568.296892	-33534.944332	7.967244	-266.724351
183.500000	30572.280514	-33668.306508	7.800685	-266.053356
184.000000	30576.180857	-33801.333186	7.637340	-265.387231
184.500000	30579.999527	-33934.026801	7.477152	-264.725932
185.000000	30583.738103	-34066.389767	7.320068	-264.069414
185.500000	30587.398136	-34198.424474	7.166032	-263.417636
186.000000	30590.981153	-34330.133292	7.014993	-262.770553
186.500000	30594.488649	-34461.518568	6.866897	-262.128121
187.000000	30597.922098	-34592.582629	6.721694	-261.490298
187.500000	30601.282945	-34723.327778	6.579331	-260.857040
188.000000	30604.572610	-34853.756298	6.439759	-260.228305
188.500000	30607.792490	-34983.870451	6.302929	-259.604049
189.000000	30610.943954	-35113.672475	6.168792	-258.984230
189.500000	30614.028350	-35243.164590	6.037300	-258.368804
190.000000	30617.047000	-35372.348992	5.908406	-257.757730
190.500000	30620.001203	-35501.227857	5.782063	-257.150966
191.000000	30622.892235	-35629.803340	5.658227	-256.548469
191.500000	30625.721348	-35758.077574	5.536851	-255.950197
192.000000	30628.489774	-35886.052673	5.417892	-255.356110
192.500000	30631.198720	-36013.730728	5.301306	-254.766166
193.000000	30633.849373	-36141.113811	5.187049	-254.180324
193.500000	30636.442897	-36268.203973	5.075081	-253.598543
194.000000	30638.980438	-36395.003245	4.965358	-253.020783
194.500000	30641.463117	-36521.513636	4.857841	-252.447004
195.000000	30643.892037	-36647.737138	4.752489	-251.877165
195.500000	30646.268282	-36773.675721	4.649262	-251.311228
196.000000	30648.592913	-36899.331335	4.548121	-250.749153
196.500000	30650.866973	-37024.705911	4.449027	-250.190900
197.000000	30653.091487	-37149.801361	4.351944	-249.636432
197.500000	30655.267459	-37274.619578	4.256834	-249.085711
198.000000	30657.395876	-37399.162433	4.163660	-248.538697
198.500000	30659.477706	-37523.431781	4.072386	-247.995354
199.000000	30661.513899	-37647.429458	3.982977	-247.455644
199.500000	30663.505388	-37771.157280	3.895399	-246.919530
200.000000	30665.453087	-37894.617045	3.809616	-246.386976
200.500000	30667.357895	-38017.810533	3.725595	-245.857945
201.000000	30669.220693	-38140.739506	3.643304	-245.332402
201.500000	30671.042345	-38263.405707	3.562709	-244.810310
202.000000	30672.823699	-38385.810862	3.483779	-244.291635
202.500000	30674.565589	-38507.956680	3.406481	-243.776342
203.000000	30676.268829	-38629.844851	3.330786	-243.264395
203.500000	30677.934222	-38751.477048	3.256662	-242.755762
204.000000	30679.562553	-38872.854929	3.184080	-242.250407
204.500000	30681.154593	-38993.980133	3.113011	-241.748298
205.000000	30682.711099	-39114.854282	3.043424	-241.249402
205.500000	30684.232811	-39235.478983	2.975293	-240.753685
206.000000	30685.720457	-39355.855825	2.908588	-240.261115
206.500000	30687.174751	-39475.986383	2.843283	-239.771661
207.000000	30688.596393	-39595.872214	2.779351	-239.285290
207.500000	30689.986068	-39715.514859	2.716764	-238.801971
208.000000	30691.344451	-39834.915844	2.655498	-238.321673
208.500000	30692.672199	-39954.076680	2.595525	-237.844365
209.000000	30693.969962	-40072.998863	2.536822	-237.370017
209.500000	30695.238373	-40191.683872	2.479363	-236.898599
210.000000	30696.478055	-40310.133171	2.423124	-236.430082
210.500000	30697.689617	-40428.348212	2.368082	-235.964435
211.000000	30698.873658	-40546.330430	2.314212	-235.501631
211.500000	30700.030764	-40664.081245	2.261491	-235.041640
212.000000	30701.161510	-40781.602065	2.209898	-234.584434
212.500000	30702.266459	-40898.894282	2.159410	-234.129985
213.000000	30703.346163	-41015.959274	2.110004	-233.678265
213.500000	30704.401165	-41132.798407	2.061660	-233.229247
214.000000	30705.431995	-41249.413030	2.014356	-232.782905
214.500000	30706.439173	-41365.804483	1.968072	-232.339211
215.000000	30707.423209	-41481.974088	1.922787	-231.898139
215.500000	30708.384602	-41597.923158	1.878481	-231.459664
216.000000	30709.323843	-41713.652990	1.835135	-231.023758
216.500000	30710.241410	-41829.164869	1.792730	-230.590397
217.000000	30711.137775	-41944.460068	1.751247	-230.159557
217.500000	30712.013399	-42059.539846	1.710666	-229.731211
218.000000	30712.868732	-42174.405451	1.670970	-229.305336
218.500000	30713.704217	-42289.058119	1.632141	-228.881907
219.000000	30714.520288	-42403.499073	1.594162	-228.460900
219.500000	30715.317369	-42517.729522	1.557015	-228.042292
220.000000	30716.095876	-42631.750668	1.520683	-227.626059
220.500000	30716.856217	-42745.563698	1.485149	-227.212179
221.000000	30717.598792	-42859.169788	1.450398	-226.800629
221.500000	30718.323991	-42972.570102	1.416414	-226.391386
222.000000	30719.032198	-43085.765795	1.383179	-225.984427
222.500000	30719.723788	-43198.758009	1.350680	-225.579732
223.000000	30720.399128	-43311.547875	1.318902	-225.177278
223.500000	30721.058579	-43424.136514	1.287828	-224.777045
224.000000	30721.702493	-43536.525037	1.257445	-224.379010
224.500000	30722.331215	-43648.714541	1.227738	-223.983153
225.000000	30722.945084	-43760.706118	1.198694	-223.589453
225.500000	30723.544431	-43872.500845	1.170298	-223.197891
226.000000	30724.129581	-43984.099790	1.142538	-222.808446
226.500000	30724.700850	-44095.504013	1.115399	-222.421098
227.000000	30725.258549	-44206.714562	1.088870	-222.035827
227.500000	30725.802984	-44317.732475	1.062936	-221.652615
228.000000	30726.334452	-44428.558783	1.037586	-221.271442
228.500000	30726.853245	-44539.194504	1.012808	-220.892289
229.000000	30727.359649	-44649.640648	0.988589	-220.515138
229.500000	30727.853944	-44759.898217	0.964917	-220.139970
230.000000	30728.336402	-44869.968202	0.941782	-219.766767
230.500000	30728.807293	-44979.851585	0.919171	-219.395511
231.000000	30729.266879	-45089.549341	0.897074	-219.026184
231.500000	30729.715416	-45199.062433	0.875480	-218.658769
232.000000	30730.153156	-45308.391817	0.854377	-218.293249
232.500000	30730.580344	-45417.538442	0.833756	-217.929607
233.000000	30730.997222	-45526.503245	0.813607	-217.567824
233.500000	30731.404026	-45635.287157	0.793918	-217.207886
234.000000	30731.800985	-45743.891101	0.774681	-216.849776
234.500000	30732.188325	-45852.315988	0.755885	-216.493476
235.000000	30732.566268	-45960.562727	0.737522	-216.138972
235.500000	30732.935029	-46068.632212	0.719581	-215.786247
236.000000	30733.294819	-46176.525336	0.702054	-215.435286
236.500000	30733.645846	-46284.242979	0.684932	-215.086072
237.000000	30733.988312	-46391.786015	0.668205	-214.738592
237.500000	30734.322415	-46499.155311	0.651867	-214.392830
238.000000	30734.648348	-46606.351726	0.635907	-214.048770
238.500000	30734.966301	-46713.376111	0.620317	-213.706399
239.000000	30735.276460	-46820.229310	0.605091	-213.365701
239.500000	30735.579005	-46926.912161	0.590219	-213.026662
240.000000	30735.874115	-47033.425492	0.575694	-212.689269
240.500000	30736.161962	-47139.770126	0.561509	-212.353506
241.000000	30736.442717	-47245.946879	0.547656	-212.019361
241.500000	30736.716545	-47351.956559	0.534127	-211.686818
242.000000	30736.983608	-47457.799969	0.520916	-211.355866
242.500000	30737.244066	-47563.477902	0.508015	-211.026491
243.000000	30737.498073	-47668.991147	0.495417	-210.698678
243.500000	30737.745782	-47774.340486	0.483117	-210.372416
244.000000	30737.987341	-47879.526694	0.471107	-210.047691
244.500000	30738.222894	-47984.550540	0.459381	-209.724491
245.000000	30738.452585	-48089.412786	0.447933	-209.402803
245.500000	30738.676551	-48194.114187	0.436755	-209.082615
246.000000	30738.894929	-48298.655494	0.425843	-208.763913
246.500000	30739.107850	-48403.037451	0.415191	-208.446687
247.000000	30739.315446	-48507.260795	0.404792	-208.130924
247.500000	30739.517842	-48611.326257	0.394641	-207.816612
248.000000	30739.715162	-48715.234563	0.384732	-207.503740
248.500000	30739.907529	-48818.986433	0.375061	-207.192296
249.000000	30740.095059	-48922.582581	0.365620	-206.882268
249.500000	30740.277869	-49026.023715	0.356406	-206.573645
250.000000	30740.456072	-49129.310537	0.347414	-206.266416
250.500000	30740.629779	-49232.443745	0.338637	-205.960570
251.000000	30740.799098	-49335.424030	0.330072	-205.656095
251.500000	30740.964134	-49438.252077	0.321713	-205.352982
252.000000	30741.124990	-49540.928568	0.313556	-205.051219
252.500000	30741.281768	-49643.454178	0.305596	-204.750796
253.000000	30741.434566	-49745.829576	0.297829	-204.451702
253.500000	30741.583480	-49848.055427	0.290250	-204.153928
254.000000	30741.728605	-49950.132391	0.282855	-203.857462
254.500000	30741.870032	-50052.061122	0.275639	-203.562295
255.000000	30742.007852	-50153.842269	0.268600	-203.268416
255.500000	30742.142152	-50255.476477	0.261731	-202.975816
256.000000	30742.273017	-50356.964385	0.255031	-202.684486
256.500000	30742.400533	-50458.306628	0.248494	-202.394414
257.000000	30742.524780	-50559.503835	0.242117	-202.105593
257.500000	30742.645839	-50660.556632	0.235897	-201.818012
258.000000	30742.763787	-50761.465637	0.229829	-201.531661
258.500000	30742.878701	-50862.231468	0.223910	-201.246533
259.000000	30742.990656	-50962.854735	0.218137	-200.962617
259.500000	30743.099725	-51063.336043	0.212506	-200.679905
260.000000	30743.205978	-51163.675996	0.207013	-200.398388
260.500000	30743.309484	-51263.875190	0.201657	-200.118056
261.000000	30743.410313	-51363.934218	0.196433	-199.838902
261.500000	30743.508529	-51463.853669	0.191338	-199.560916
262.000000	30743.604198	-51563.634127	0.186370	-199.284089
262.500000	30743.697383	-51663.276171	0.181525	-199.008414
263.000000	30743.788146	-51762.780379	0.176801	-198.733882
263.500000	30743.876546	-51862.147320	0.172194	-198.460485
264.000000	30743.962643	-51961.377562	0.167702	-198.188214
264.500000	30744.046494	-52060.471670	0.163322	-197.917062
265.000000	30744.128155	-52159.430201	0.159051	-197.647020
265.500000	30744.207680	-52258.253711	0.154888	-197.378080
266.000000	30744.285124	-52356.942751	0.150828	-197.110235
266.500000	30744.360538	-52455.497869	0.146871	-196.843477
267.000000	30744.433974	-52553.919607	0.143013	-196.577798
267.500000	30744.505480	-52652.208506	0.139252	-196.313190
268.000000	30744.575106	-52750.365101	0.135586	-196.049646
268.500000	30744.642899	-52848.389924	0.132012	-195.787158
269.000000	30744.708905	-52946.283503	0.128528	-195.525720
269.500000	30744.773169	-53044.046363	0.125133	-195.265323
270.000000	30744.835736	-53141.679024	0.121823	-195.005961
270.500000	30744.896648	-53239.182005	0.118598	-194.747626
271.000000	30744.955947	-53336.555818	0.115454	-194.490311
271.500000	30745.013674	-53433.800973	0.112390	-194.234009
272.000000	30745.069869	-53530.917978	0.109404	-193.978714
272.500000	30745.124571	-53627.907335	0.106494	-193.724418
273.000000	30745.177818	-53724.769544	0.103659	-193.471115
273.500000	30745.229647	-53821.505102	0.100896	-193.218797
274.000000	30745.280095	-53918.114500	0.098203	-192.967459
274.500000	30745.329197	-54014.598230	0.095579	-192.717093
275.000000	30745.376987	-54110.956777	0.093023	-192.467694
275.500000	30745.423498	-54207.190623	0.090532	-192.219253
276.000000	30745.468764	-54303.300250	0.088106	-191.971766
276.500000	30745.512817	-54399.286133	0.085741	-191.725226
277.000000	30745.555688	-54495.148746	0.083438	-191.479626
277.500000	30745.597407	-54590.888559	0.081194	-191.234960
278.000000	30745.638004	-54686.506039	0.079008	-190.991222
278.500000	30745.677508	-54782.001650	0.076878	-190.748407
279.000000	30745.715947	-54877.375854	0.074804	-190.506507
279.500000	30745.753349	-54972.629107	0.072783	-190.265517
280.000000	30745.789740	-55067.761866	0.070815	-190.025431
280.500000	30745.825148	-55162.774581	0.068898	-189.786243
281.000000	30745.859597	-55257.667703	0.067031	-189.547948
281.500000	30745.893112	-55352.441677	0.065212	-189.310539
282.000000	30745.925719	-55447.096946	0.063441	-189.074011
282.500000	30745.957439	-55541.633952	0.061716	-188.838358
283.000000	30745.988298	-55636.053130	0.060037	-188.603574
283.500000	30746.018316	-55730.354917	0.058401	-188.369654
284.000000	30746.047516	-55824.539745	0.056808	-188.136593
284.500000	30746.075920	-55918.608041	0.055257	-187.904385
285.000000	30746.103549	-56012.560234	0.053746	-187.673025
285.500000	30746.130422	-56106.396746	0.052276	-187.442507
286.000000	30746.156559	-56200.118000	0.050843	-187.212825
286.500000	30746.181981	-56293.724413	0.049449	-186.983976
287.000000	30746.206706	-56387.216401	0.048092	-186.755953
287.500000	30746.230752	-56480.594377	0.046770	-186.528751
288.000000	30746.254137	-56573.858753	0.045484	-186.302366
288.500000	30746.276879	-56667.009936	0.044231	-186.076792
289.000000	30746.298994	-56760.048332	0.043012	-185.852024
289.500000	30746.320500	-56852.974344	0.041825	-185.628057
290.000000	30746.341412	-56945.788372	0.040669	-185.404887
290.500000	30746.361747	-57038.490816	0.039544	-185.182508
291.000000	30746.381519	-57131.082070	0.038450	-184.960915
291.500000	30746.400744	-57223.562527	0.037384	-184.740104
292.000000	30746.419436	-57315.932579	0.036347	-184.520071
292.500000	30746.437609	-57408.192615	0.035338	-184.300809
293.000000	30746.455278	-57500.343019	0.034355	-184.082315
293.500000	30746.472456	-57592.384177	0.033399	-183.864584
294.000000	30746.489155	-57684.316469	0.032469	-183.647612
294.500000	30746.505390	-57776.140275	0.031563	-183.431393
295.000000	30746.521172	-57867.855971	0.030682	-183.215924
295.500000	30746.536513	-57959.463933	0.029825	-183.001200
296.000000	30746.551425	-58050.964533	0.028991	-182.787216
296.500000	30746.565921	-58142.358141	0.028179	-182.573968
297.000000	30746.580010	-58233.645125	0.027389	-182.361452
297.500000	30746.593704	-58324.825851	0.026621	-182.149663
298.000000	30746.607015	-58415.900682	0.025873	-181.938597
298.500000	30746.619951	-58506.869981	0.025145	-181.728250
299.000000	30746.632524	-58597.734106	0.024438	-181.518618
299.500000	30746.644743	-58688.493415	0.023749	-181.309697
300.000000	30746.656617	-58779.148264	0.023079	-181.101482
300.500000	30746.668157	-58869.699004	0.022428	-180.893968
301.000000	30746.679371	-58960.145989	0.021794	-180.687154
301.500000	30746.690268	-59050.489566	0.021178	-180.481033
302.000000	30746.700857	-59140.730082	0.020578	-180.275603
302.500000	30746.711146	-59230.867883	0.019995	-180.070858
303.000000	30746.721143	-59320.903312	0.019427	-179.866796
303.500000	30746.730857	-59410.836711	0.018876	-179.663413
304.000000	30746.740295	-59500.668417	0.018339	-179.460703
304.500000	30746.749464	-59590.398768	0.017817	-179.258665
305.000000	30746.758373	-59680.028101	0.017310	-179.057293
305.500000	30746.767028	-59769.556748	0.016816	-178.856585
306.000000	30746.775436	-59858.985040	0.016336	-178.656536
306.500000	30746.783604	-59948.313308	0.015869	-178.457142
307.000000	30746.791538	-60037.541879	0.015415	-178.258400
307.500000	30746.799246	-60126.671079	0.014974	-178.060307
308.000000	30746.806733	-60215.701232	0.014545	-177.862859
308.500000	30746.814006	-60304.632662	0.014128	-177.666051
309.000000	30746.821070	-60393.465687	0.013722	-177.469881
309.500000	30746.827931	-60482.200628	0.013328	-177.274345
310.000000	30746.834595	-60570.837800	0.012944	-177.079440
310.500000	30746.841067	-60659.377520	0.012572	-176.885161
311.000000	30746.847353	-60747.820101	0.012209	-176.691507
311.500000	30746.853457	-60836.165854	0.011857	-176.498472
312.000000	30746.859386	-60924.415090	0.011515	-176.306054
312.500000	30746.865143	-61012.568117	0.011182	-176.114249
313.000000	30746.870734	-61100.625242	0.010858	-175.923055
313.500000	30746.876163	-61188.586769	0.010544	-175.732467
314.000000	30746.881435	-61276.453003	0.010238	-175.542483
314.500000	30746.886554	-61364.224244	0.009941	-175.353099
315.000000	30746.891524	-61451.900794	0.009652	-175.164312
315.500000	30746.896350	-61539.482950	0.009371	-174.976118
316.000000	30746.901036	-61626.971009	0.009099	-174.788515
316.500000	30746.905585	-61714.365266	0.008834	-174.601500
317.000000	30746.910002	-61801.666016	0.008576	-174.415069
317.500000	30746.914290	-61888.873551	0.008326	-174.229218
318.000000	30746.918453	-61975.988160	0.008082	-174.043946
318.500000	30746.922494	-62063.010133	0.007846	-173.859249
319.000000	30746.926417	-62149.939757	0.007616	-173.675124
319.500000	30746.930226	-62236.777319	0.007393	-173.491568
320.000000	30746.933922	-62323.523103	0.007176	-173.308577
320.500000	30746.937510	-62410.177392	0.006966	-173.126150
321.000000	30746.940993	-62496.740467	0.006761	-172.944283
321.500000	30746.944374	-62583.212608	0.006562	-172.762972
322.000000	30746.947655	-62669.594094	0.006369	-172.582216
322.500000	30746.950840	-62755.885202	0.006181	-172.402011
323.000000	30746.953930	-62842.086208	0.005999	-172.222354
323.500000	30746.956930	-62928.197385	0.005822	-172.043243
324.000000	30746.959841	-63014.219007	0.005650	-171.864675
324.500000	30746.962666	-63100.151344	0.005483	-171.686647
325.000000	30746.965407	-63185.994668	0.005321	-171.509156
325.500000	30746.968068	-63271.749246	0.005163	-171.332199
326.000000	30746.970649	-63357.415345	0.005010	-171.155774
326.500000	30746.973154	-63442.993232	0.004861	-170.979878
327.000000	30746.975584	-63528.483171	0.004717	-170.804508
327.500000	30746.977943	-63613.885425	0.004576	-170.629662
328.000000	30746.980231	-63699.200256	0.004440	-170.455336
328.500000	30746.982451	-63784.427924	0.004308	-170.281529
329.000000	30746.984605	-63869.568689	0.004179	-170.108238
329.500000	30746.986695	-63954.622808	0.004055	-169.935459
330.000000	30746.988722	-64039.590538	0.003933	-169.763192
330.500000	30746.990689	-64124.472133	0.003816	-169.591432
331.000000	30746.992597	-64209.267849	0.003702	-169.420177
331.500000	30746.994447	-64293.977938	0.003591	-169.249425
332.000000	30746.996243	-64378.602650	0.003483	-169.079174
332.500000	30746.997984	-64463.142237	0.003379	-168.909420
333.000000	30746.999673	-64547.596947	0.003277	-168.740162
333.500000	30747.001312	-64631.967028	0.003178	-168.571396
334.000000	30747.002901	-64716.252726	0.003083	-168.403122
334.500000	30747.004443	-64800.454287	0.002990	-168.235335
335.000000	30747.005938	-64884.571954	0.002900	-168.068034
335.500000	30747.007388	-64968.605971	0.002812	-167.901216
336.000000	30747.008794	-65052.556579	0.002727	-167.734879
336.500000	30747.010157	-65136.424018	0.002645	-167.569020
337.000000	30747.011480	-65220.208528	0.002565	-167.403638
337.500000	30747.012762	-65303.910347	0.002487	-167.238729
338.000000	30747.014006	-65387.529712	0.002412	-167.074293
338.500000	30747.015212	-65471.066858	0.002339	-166.910325
339.000000	30747.016381	-65554.522021	0.002268	-166.746825
339.500000	30747.017515	-65637.895433	0.002199	-166.583789
340.000000	30747.018614	-65721.187328	0.002132	-166.421216
340.500000	30747.019680	-65804.397936	0.002067	-166.259103
341.000000	30747.020714	-65887.527487	0.002004	-166.097448
341.500000	30747.021715	-65970.576211	0.001943	-165.936249
342.000000	30747.022687	-66053.544336	0.001883	-165.775504
342.500000	30747.023629	-66136.432088	0.001826	-165.615211
343.000000	30747.024542	-66219.239693	0.001770	-165.455366
343.500000	30747.025427	-66301.967377	0.001716	-165.295970
344.000000	30747.026285	-66384.615361	0.001663	-165.137018
344.500000	30747.027116	-66467.183870	0.001612	-164.978509
345.000000	30747.027922	-66549.673125	0.001563	-164.820441
345.500000	30747.028704	-66632.083346	0.001515	-164.662813
346.000000	30747.029461	-66714.414752	0.001468	-164.505621
346.500000	30747.030195	-66796.667562	0.001423	-164.348863
347.000000	30747.030907	-66878.841994	0.001379	-164.192539
347.500000	30747.031597	-66960.938263	0.001337	-164.036645
348.000000	30747.032265	-67042.956586	0.001296	-163.881180
348.500000	30747.032913	-67124.897175	0.001256	-163.726141
349.000000	30747.033541	-67206.760246	0.001217	-163.571528
349.500000	30747.034149	-67288.546010	0.001179	-163.417337
350.000000	30747.034738	-67370.254678	0.001143	-163.263567
350.500000	30747.035310	-67451.886462	0.001107	-163.110215
351.000000	30747.035863	-67533.441569	0.001073	-162.957281
351.500000	30747.036400	-67614.920210	0.001040	-162.804762
352.000000	30747.036920	-67696.322590	0.001007	-162.652655
352.500000	30747.037423	-67777.648918	0.000976	-162.500960
353.000000	30747.037911	-67858.899398	0.000946	-162.349675
353.500000	30747.038384	-67940.074235	0.000916	-162.198796
354.000000	30747.038842	-68021.173634	0.000888	-162.048324
354.500000	30747.039286	-68102.197795	0.000860	-161.898255
355.000000	30747.039716	-68183.146923	0.000833	-161.748588
355.500000	30747.040132	-68264.021217	0.000807	-161.599321
356.000000	30747.040536	-68344.820877	0.000782	-161.450453
356.500000	30747.040927	-68425.546104	0.000757	-161.301981
357.000000	30747.041305	-68506.197094	0.000734	-161.153903
357.500000	30747.041672	-68586.774046	0.000711	-161.006219
358.000000	30747.042027	-68667.277155	0.000688	-160.858926
358.500000	30747.042372	-68747.706619	0.000667	-160.712022
359.000000	30747.042705	-68828.062630	0.000646	-160.565506
359.500000	30747.043028	-68908.345383	0.000625	-160.419377
360.000000	30747.043340	-68988.555071	0.000606	-160.273631
360.500000	30747.043643	-69068.691887	0.000587	-160.128268
361.000000	30747.043937	-69148.756021	0.000568	-159.983285
361.500000	30747.044221	-69228.747663	0.000550	-159.838682
362.000000	30747.044496	-69308.667004	0.000533	-159.694457
362.500000	30747.044762	-69388.514233	0.000516	-159.550607
363.000000	30747.045020	-69468.289536	0.000500	-159.407131
363.500000	30747.045270	-69547.993102	0.000484	-159.264028
364.000000	30747.045512	-69627.625116	0.000468	-159.121296
364.500000	30747.045746	-69707.185764	0.000454	-158.978933
365.000000	30747.045973	-69786.675231	0.000439	-158.836938
365.500000	30747.046193	-69866.093700	0.000425	-158.695309
366.000000	30747.046405	-69945.441354	0.000412	-158.554044
366.500000	30747.046611	-70024.718377	0.000399	-158.413143
367.000000	30747.046810	-70103.924948	0.000386	-158.272602
367.500000	30747.047003	-70183.061249	0.000374	-158.132422
368.000000	30747.047190	-70262.127460	0.000362	-157.992599
368.500000	30747.047371	-70341.123760	0.000350	-157.853134
369.000000	30747.047546	-70420.050327	0.000339	-157.714023
369.500000	30747.047716	-70498.907338	0.000328	-157.575266
370.000000	30747.047880	-70577.694971	0.000318	-157.436861
370.500000	30747.048038	-70656.413402	0.000307	-157.298807
371.000000	30747.048192	-70735.062805	0.000298	-157.161102
371.500000	30747.048341	-70813.643356	0.000288	-157.023744
372.000000	30747.048485	-70892.155228	0.000279	-156.886733
372.500000	30747.048624	-70970.598594	0.000270	-156.750066
373.000000	30747.048759	-71048.973627	0.000261	-156.613742
373.500000	30747.048890	-71127.280498	0.000253	-156.477760
374.000000	30747.049016	-71205.519379	0.000245	-156.342119
374.500000	30747.049139	-71283.690438	0.000237	-156.206816
375.000000	30747.049257	-71361.793846	0.000229	-156.071851
375.500000	30747.049372	-71439.829771	0.000222	-155.937222
376.000000	30747.049482	-71517.798382	0.000215	-155.802927
376.500000	30747.049590	-71595.699846	0.000208	-155.668966
377.000000	30747.049694	-71673.534328	0.000201	-155.535336
377.500000	30747.049794	-71751.301996	0.000194	-155.402037
378.000000	30747.049891	-71829.003015	0.000188	-155.269067
378.500000	30747.049985	-71906.637548	0.000182	-155.136424
379.000000	30747.050076	-71984.205760	0.000176	-155.004108
379.500000	30747.050164	-72061.707814	0.000170	-154.872117
380.000000	30747.050249	-72139.143873	0.000165	-154.740450
380.500000	30747.050332	-72216.514098	0.000159	-154.609105
381.000000	30747.050411	-72293.818650	0.000154	-154.478080
381.500000	30747.050489	-72371.057691	0.000149	-154.347376
382.000000	30747.050563	-72448.231379	0.000144	-154.216990
382.500000	30747.050635	-72525.339873	0.000140	-154.086921
383.000000	30747.050705	-72602.383334	0.000135	-153.957167
383.500000	30747.050773	-72679.361917	0.000131	-153.827728
384.000000	30747.050838	-72756.275782	0.000126	-153.698603
384.500000	30747.050901	-72833.125083	0.000122	-153.569789
385.000000	30747.050962	-72909.909978	0.000118	-153.441286
385.500000	30747.051021	-72986.630620	0.000114	-153.313092
386.000000	30747.051079	-73063.287166	0.000111	-153.185206
386.500000	30747.051134	-73139.879769	0.000107	-153.057627
387.000000	30747.051187	-73216.408583	0.000103	-152.930354
387.500000	30747.051239	-73292.873760	0.000100	-152.803385
388.000000	30747.051289	-73369.275453	0.000097	-152.676720
388.500000	30747.051338	-73445.613812	0.000094	-152.550356
389.000000	30747.051384	-73521.888990	0.000090	-152.424293
389.500000	30747.051430	-73598.101137	0.000087	-152.298530
390.000000	30747.051473	-73674.250402	0.000085	-152.173065
390.500000	30747.051516	-73750.336934	0.000082	-152.047897
391.000000	30747.051557	-73826.360883	0.000079	-151.923025
391.500000	30747.051596	-73902.322395	0.000076	-151.798448
392.000000	30747.051634	-73978.221619	0.000074	-151.674165
392.500000	30747.051671	-74054.058701	0.000071	-151.550174
393.000000	30747.051707	-74129.833788	0.000069	-151.426474
393.500000	30747.051742	-74205.547025	0.000067	-151.303064
394.000000	30747.051775	-74281.198557	0.000065	-151.179944
394.500000	30747.051807	-74356.788529	0.000062	-151.057111
395.000000	30747.051839	-74432.317085	0.000060	-150.934566
395.500000	30747.051869	-74507.784368	0.000058	-150.812305
396.000000	30747.051898	-74583.190521	0.000056	-150.690330
396.500000	30747.051926	-74658.535685	0.000055	-150.568638
397.000000	30747.051953	-74733.820004	0.000053	-150.447228
397.500000	30747.051980	-74809.043618	0.000051	-150.326099
398.000000	30747.052005	-74884.206667	0.000049	-150.205250
398.500000	30747.052030	-74959.309292	0.000048	-150.084680
399.000000	30747.052054	-75034.351633	0.000046	-149.964389
399.500000	30747.052077	-75109.333827	0.000044	-149.844374
400.000000	30747.052099	-75184.256014	0.000043	-149.724635
400.500000	30747.052120	-75259.118331	0.000042	-149.605170
401.000000	30747.052141	-75333.920917	0.000040	-149.485980
401.500000	30747.052161	-75408.663906	0.000039	-149.367062
402.000000	30747.052181	-75483.347437	0.000037	-149.248415
402.500000	30747.052199	-75557.971645	0.000036	-149.130039
403.000000	30747.052217	-75632.536664	0.000035	-149.011933
403.500000	30747.052235	-75707.042631	0.000034	-148.894095
404.000000	30747.052252	-75781.489678	0.000033	-148.776524
404.500000	30747.052268	-75855.877940	0.000032	-148.659220
405.000000	30747.052284	-75930.207550	0.000031	-148.542181
405.500000	30747.052299	-76004.478640	0.000029	-148.425407
406.000000	30747.052314	-76078.691344	0.000028	-148.308896
406.500000	30747.052328	-76152.845792	0.000028	-148.192647
407.000000	30747.052342	-76226.942115	0.000027	-148.076660
407.500000	30747.052355	-76300.980445	0.000026	-147.960933
408.000000	30747.052368	-76374.960912	0.000025	-147.845466
408.500000	30747.052381	-76448.883645	0.000024	-147.730257
409.000000	30747.052393	-76522.748773	0.000023	-147.615306
409.500000	30747.052404	-76596.556426	0.000022	-147.500611
410.000000	30747.052415	-76670.306731	0.000022	-147.386172
410.500000	30747.052426	-76743.999817	0.000021	-147.271987
411.000000	30747.052437	-76817.635811	0.000020	-147.158056
411.500000	30747.052447	-76891.214839	0.000019	-147.044378
412.000000	30747.052456	-76964.737028	0.000019	-146.930951
412.500000	30747.052466	-77038.202503	0.000018	-146.817776
413.000000	30747.052475	-77111.611391	0.000018	-146.704850
413.500000	30747.052484	-77184.963816	0.000017	-146.592173
414.000000	30747.052492	-77258.259903	0.000016	-146.479745
414.500000	30747.052500	-77331.499776	0.000016	-146.367563
415.000000	30747.052508	-77404.683557	0.000015	-146.255628
415.500000	30747.052516	-77477.811371	0.000015	-146.143938
416.000000	30747.052523	-77550.883340	0.000014	-146.032493
416.500000	30747.052530	-77623.899587	0.000014	-145.921291
417.000000	30747.052537	-77696.860232	0.000013	-145.810332
417.500000	30747.052544	-77769.765398	0.000013	-145.699614
418.000000	30747.052550	-77842.615205	0.000012	-145.589138
418.500000	30747.052556	-77915.409774	0.000012	-145.478901
419.000000	30747.052562	-77988.149224	0.000012	-145.368904
419.500000	30747.052568	-78060.833676	0.000011	-145.259144
420.000000	30747.052574	-78133.463248	0.000011	-145.149623
420.500000	30747.052579	-78206.038060	0.000010	-145.040337
421.000000	30747.052584	-78278.558228	0.000010	-144.931288
421.500000	30747.052589	-78351.023872	0.000010	-144.822473
422.000000	30747.052594	-78423.435109	0.000009	-144.713892
422.500000	30747.052599	-78495.792055	0.000009	-144.605544
423.000000	30747.052603	-78568.094827	0.000009	-144.497429
423.500000	30747.052608	-78640.343541	0.000008	-144.389545
424.000000	30747.052612	-78712.538314	0.000008	-144.281892
424.500000	30747.052616	-78784.679260	0.000008	-144.174469
425.000000	30747.052620	-78856.766494	0.000008	-144.067274
425.500000	30747.052624	-78928.800131	0.000007	-143.960308
426.000000	30747.052627	-79000.780285	0.000007	-143.853569
426.500000	30747.052631	-79072.707070	0.000007	-143.747057
427.000000	30747.052634	-79144.580598	0.000007	-143.640770
427.500000	30747.052638	-79216.400983	0.000006	-143.534708
428.000000	30747.052641	-79288.168338	0.000006	-143.428871
428.500000	30747.052644	-79359.882773	0.000006	-143.323257
429.000000	30747.052647	-79431.544402	0.000006	-143.217865
429.500000	30747.052650	-79503.153334	0.000005	-143.112695
430.000000	30747.052652	-79574.709682	0.000005	-143.007747
430.500000	30747.052655	-79646.213555	0.000005	-142.903018
431.000000	30747.052657	-79717.665064	0.000005	-142.798509
431.500000	30747.052660	-79789.064319	0.000005	-142.694219
432.000000	30747.052662	-79860.411428	0.000005	-142.590146
432.500000	30747.052665	-79931.706501	0.000004	-142.486291
433.000000	30747.052667	-80002.949647	0.000004	-142.382652
433.500000	30747.052669	-80074.140973	0.000004	-142.279228
434.000000	30747.052671	-80145.280587	0.000004	-142.176020
434.500000	30747.052673	-80216.368597	0.000004	-142.073026
435.000000	30747.052675	-80287.405110	0.000004	-141.970245
435.500000	30747.052677	-80358.390232	0.000004	-141.867677
436.000000	30747.052679	-80429.324070	0.000003	-141.765320
436.500000	30747.052680	-80500.206730	0.000003	-141.663175
437.000000	30747.052682	-80571.038318	0.000003	-141.561241
437.500000	30747.052684	-80641.818938	0.000003	-141.459516
438.000000	30747.052685	-80712.548696	0.000003	-141.358000
438.500000	30747.052687	-80783.227696	0.000003	-141.256692
439.000000	30747.052688	-80853.856042	0.000003	-141.155592
439.500000	30747.052689	-80924.433838	0.000003	-141.054699
440.000000	30747.052691	-80994.961187	0.000003	-140.954012
440.500000	30747.052692	-81065.438194	0.000002	-140.853531
441.000000	30747.052693	-81135.864959	0.000002	-140.753254
441.500000	30747.052695	-81206.241586	0.000002	-140.653181
442.000000	30747.052696	-81276.568176	0.000002	-140.553312
442.500000	30747.052697	-81346.844832	0.000002	-140.453645
443.000000	30747.052698	-81417.071655	0.000002	-140.354180
443.500000	30747.052699	-81487.248745	0.000002	-140.254917
444.000000	30747.052700	-81557.376203	0.000002	-140.155854
444.500000	30747.052701	-81627.454131	0.000002	-140.056992
445.000000	30747.052702	-81697.482626	0.000002	-139.958328
445.500000	30747.052703	-81767.461790	0.000002	-139.859863
446.000000	30747.052704	-81837.391722	0.000002	-139.761596
446.500000	30747.052704	-81907.272520	0.000002	-139.663527
447.000000	30747.052705	-81977.104284	0.000002	-139.565653
447.500000	30747.052706	-82046.887110	0.000001	-139.467976
448.000000	30747.052707	-82116.621098	0.000001	-139.370494
448.500000	30747.052707	-82186.306346	0.000001	-139.273207
449.000000	30747.052708	-82255.942949	0.000001	-139.176114
449.500000	30747.052709	-82325.531006	0.000001	-139.079214
450.000000	30747.052709	-82395.070613	0.000001	-138.982507
450.500000	30747.052710	-82464.561867	0.000001	-138.885992
451.000000	30747.052711	-82534.004863	0.000001	-138.789668
451.500000	30747.052711	-82603.399697	0.000001	-138.693535
452.000000	30747.052712	-82672.746464	0.000001	-138.597592
452.500000	30747.052712	-82742.045261	0.000001	-138.501839
453.000000	30747.052713	-82811.296180	0.000001	-138.406275
453.500000	30747.052713	-82880.499318	0.000001	-138.310899
454.000000	30747.052714	-82949.654767	0.000001	-138.215711
454.500000	30747.052714	-83018.762622	0.000001	-138.120709
455.000000	30747.052715	-83087.822977	0.000001	-138.025894
455.500000	30747.052715	-83156.835924	0.000001	-137.931265
456.000000	30747.052716	-83225.801557	0.000001	-137.836821
456.500000	30747.052716	-83294.719967	0.000001	-137.742562
457.000000	30747.052716	-83363.591248	0.000001	-137.648487
457.500000	30747.052717	-83432.415492	0.000001	-137.554595
458.000000	30747.052717	-83501.192789	0.000001	-137.460886
458.500000	30747.052718	-83569.923232	0.000001	-137.367359
459.000000	30747.052718	-83638.606912	0.000001	-137.274014
459.500000	30747.052718	-83707.243919	0.000001	-137.180850
460.000000	30747.052718	-83775.834344	0.000001	-137.087866
460.500000	30747.052719	-83844.378277	0.000001	-136.995062
461.000000	30747.052719	-83912.875808	0.000001	-136.902438
461.500000	30747.052719	-83981.327026	0.000001	-136.809992
462.000000	30747.052720	-84049.732022	0.000001	-136.717724
462.500000	30747.052720	-84118.090884	0.000000	-136.625634
463.000000	30747.052720	-84186.403701	0.000000	-136.533721
463.500000	30747.052720	-84254.670561	0.000000	-136.441984
464.000000	30747.052721	-84322.891553	0.000000	-136.350423
464.500000	30747.052721	-84391.066765	0.000000	-136.259037
465.000000	30747.052721	-84459.196283	0.000000	-136.167826
465.500000	30747.052721	-84527.280196	0.000000	-136.076789
466.000000	30747.052721	-84595.318591	0.000000	-135.985926
466.500000	30747.052722	-84663.311554	0.000000	-135.895236
467.000000	30747.052722	-84731.259172	0.000000	-135.804719
467.500000	30747.052722	-84799.161532	0.000000	-135.714373
468.000000	30747.052722	-84867.018718	0.000000	-135.624199
468.500000	30747.052722	-84934.830818	0.000000	-135.534196
469.000000	30747.052722	-85002.597916	0.000000	-135.444363
469.500000	30747.052723	-85070.320097	0.000000	-135.354700
470.000000	30747.052723	-85137.997447	0.000000	-135.265206
470.500000	30747.052723	-85205.630050	0.000000	-135.175881
471.000000	30747.052723	-85273.217990	0.000000	-135.086724
471.500000	30747.052723	-85340.761352	0.000000	-134.997734
472.000000	30747.052723	-85408.260219	0.000000	-134.908912
472.500000	30747.052723	-85475.714675	0.000000	-134.820257
473.000000	30747.052724	-85543.124804	0.000000	-134.731767
473.500000	30747.052724	-85610.490687	0.000000	-134.643444
474.000000	30747.052724	-85677.812409	0.000000	-134.555285
474.500000	30747.052724	-85745.090052	0.000000	-134.467291
475.000000	30747.052724	-85812.323697	0.000000	-134.379461
475.500000	30747.052724	-85879.513427	0.000000	-134.291794
476.000000	30747.052724	-85946.659324	0.000000	-134.204290
476.500000	30747.052724	-86013.761469	0.000000	-134.116949
477.000000	30747.052724	-86080.819944	0.000000	-134.029770
477.500000	30747.052724	-86147.834829	0.000000	-133.942753
478.000000	30747.052725	-86214.806205	0.000000	-133.855896
478.500000	30747.052725	-86281.734153	0.000000	-133.769200
479.000000	30747.052725	-86348.618754	0.000000	-133.682664
479.500000	30747.052725	-86415.460086	0.000000	-133.596288
480.000000	30747.052725	-86482.258229	0.000000	-133.510070
480.500000	30747.052725	-86549.013264	0.000000	-133.424011
481.000000	30747.052725	-86615.725270	0.000000	-133.338110
481.500000	30747.052725	-86682.394325	0.000000	-133.252367
482.000000	30747.052725	-86749.020509	0.000000	-133.166781
482.500000	30747.052725	-86815.603899	0.000000	-133.081352
483.000000	30747.052725	-86882.144575	0.000000	-132.996078
483.500000	30747.052725	-86948.642614	0.000000	-132.910960
484.000000	30747.052725	-87015.098095	0.000000	-132.825998
484.500000	30747.052725	-87081.511094	0.000000	-132.741190
485.000000	30747.052725	-87147.881689	0.000000	-132.656537
485.500000	30747.052725	-87214.209957	0.000000	-132.572037
486.000000	30747.052725	-87280.495975	0.000000	-132.487690
486.500000	30747.052725	-87346.739821	0.000000	-132.403497
487.000000	30747.052726	-87412.941569	0.000000	-132.319456
487.500000	30747.052726	-87479.101297	0.000000	-132.235566
488.000000	30747.052726	-87545.219080	0.000000	-132.151829
488.500000	30747.052726	-87611.294994	0.000000	-132.068242
489.000000	30747.052726	-87677.329115	0.000000	-131.984806
489.500000	30747.052726	-87743.321518	0.000000	-131.901519
490.000000	30747.052726	-87809.272278	0.000000	-131.818383
490.500000	30747.052726	-87875.181469	0.000000	-131.735396
491.000000	30747.052726	-87941.049167	0.000000	-131.652557
491.500000	30747.052726	-88006.875446	0.000000	-131.569867
492.000000	30747.052726	-88072.660379	0.000000	-131.487325
492.500000	30747.052726	-88138.404042	0.000000	-131.404930
493.000000	30747.052726	-88204.106507	0.000000	-131.322682
493.500000	30747.052726	-88269.767848	0.000000	-131.240581
494.000000	30747.052726	-88335.388139	0.000000	-131.158626
494.500000	30747.052726	-88400.967452	0.000000	-131.076817
495.000000	30747.052726	-88466.505860	0.000000	-130.995153
495.500000	30747.052726	-88532.003436	0.000000	-130.913633
496.000000	30747.052726	-88597.460253	0.000000	-130.832258
496.500000	30747.052726	-88662.876382	0.000000	-130.751027
497.000000	30747.052726	-88728.251896	0.000000	-130.669940
497.500000	30747.052726	-88793.586866	0.000000	-130.588996
498.000000	30747.052726	-88858.881364	0.000000	-130.508194
498.500000	30747.052726	-88924.135461	0.000000	-130.427535
499.000000	30747.052726	-88989.349228	0.000000	-130.347018
499.500000	30747.052726	-89054.522737	0.000000	-130.266642
500.000000	30747.052726	-89119.656058	0.000000	-130.186407
500.500000	30747.052726	-89184.749262	0.000000	-130.106313
501.000000	30747.052726	-89249.802418	0.000000	-130.026359
501.500000	30747.052726	-89314.815598	0.000000	-129.946545
502.000000	30747.052726	-89379.788870	0.000000	-129.866870
502.500000	30747.052726	-89444.722305	0.000000	-129.787334
503.000000	30747.052726	-89509.615972	0.000000	-129.707937
503.500000	30747.052726	-89574.469941	0.000000	-129.628678
504.000000	30747.052726	-89639.284280	0.000000	-129.549557
504.500000	30747.052726	-89704.059059	0.000000	-129.470573
505.000000	30747.052726	-89768.794345	0.000000	-129.391727
505.500000	30747.052726	-89833.490209	0.000000	-129.313017
506.000000	30747.052726	-89898.146717	0.000000	-129.234443
506.500000	30747.052726	-89962.763938	0.000000	-129.156005
507.000000	30747.052726	-90027.341940	0.000000	-129.077702
507.500000	30747.052726	-90091.880791	0.000000	-128.999534
508.000000	30747.052726	-90156.380558	0.000000	-128.921501
508.500000	30747.052726	-90220.841309	0.000000	-128.843603
509.000000	30747.052726	-90285.263110	0.000000	-128.765838
509.500000	30747.052726	-90349.646029	0.000000	-128.688206
510.000000	30747.052726	-90413.990132	0.000000	-128.610708
510.500000	30747.052726	-90478.295486	0.000000	-128.533343
511.000000	30747.052726	-90542.562158	0.000000	-128.456110
511.500000	30747.052726	-90606.790213	0.000000	-128.379008
512.000000	30747.052726	-90670.979717	0.000000	-128.302039
512.500000	30747.052726	-90735.130736	0.000000	-128.225201
513.000000	30747.052726	-90799.243337	0.000000	-128.148493
513.500000	30747.052726	-90863.317583	0.000000	-128.071916
514.000000	30747.052726	-90927.353541	0.000000	-127.995469
514.500000	30747.052726	-90991.351276	0.000000	-127.919152
515.000000	30747.052726	-91055.310852	0.000000	-127.842965
515.500000	30747.052726	-91119.232335	0.000000	-127.766906
516.000000	30747.052726	-91183.115788	0.000000	-127.690976
516.500000	30747.052726	-91246.961275	0.000000	-127.615174
517.000000	30747.052726	-91310.768863	0.000000	-127.539500
517.500000	30747.052726	-91374.538613	0.000000	-127.463954
518.000000	30747.052726	-91438.270590	0.000000	-127.388535
518.500000	30747.052726	-91501.964858	0.000000	-127.313243
519.000000	30747.052726	-91565.621479	0.000000	-127.238077
519.500000	30747.052726	-91629.240518	0.000000	-127.163038
520.000000	30747.052726	-91692.822037	0.000000	-127.088124
520.500000	30747.052726	-91756.366099	0.000000	-127.013336
521.000000	30747.052726	-91819.872767	0.000000	-126.938673
521.500000	30747.052726	-91883.342104	0.000000	-126.864135
522.000000	30747.052726	-91946.774171	0.000000	-126.789721
522.500000	30747.052726	-92010.169031	0.000000	-126.715431
523.000000	30747.052726	-92073.526747	0.000000	-126.641264
523.500000	30747.052726	-92136.847379	0.000000	-126.567222
524.000000	30747.052726	-92200.130990	0.000000	-126.493302
524.500000	30747.052726	-92263.377641	0.000000	-126.419505
525.000000	30747.052727	-92326.587393	0.000000	-126.345830
525.500000	30747.052727	-92389.760308	0.000000	-126.272277
526.000000	30747.052727	-92452.896447	0.000000	-126.198846
526.500000	30747.052727	-92515.995870	0.000000	-126.125536
527.000000	30747.052727	-92579.058638	0.000000	-126.052348
527.500000	30747.052727	-92642.084812	0.000000	-125.979280
528.000000	30747.052727	-92705.074452	0.000000	-125.906332
528.500000	30747.052727	-92768.027618	0.000000	-125.833504
529.000000	30747.052727	-92830.944370	0.000000	-125.760796
529.500000	30747.052727	-92893.824768	0.000000	-125.688208
530.000000	30747.052727	-92956.668872	0.000000	-125.615738
530.500000	30747.052727	-93019.476741	0.000000	-125.543387
531.000000	30747.052727	-93082.248435	0.000000	-125.471155
531.500000	30747.052727	-93144.984012	0.000000	-125.399040
532.000000	30747.052727	-93207.683532	0.000000	-125.327044
532.500000	30747.052727	-93270.347054	0.000000	-125.255165
533.000000	30747.052727	-93332.974637	0.000000	-125.183402
533.500000	30747.052727	-93395.566338	0.000000	-125.111757
534.000000	30747.052727	-93458.122216	0.000000	-125.040228
534.500000	30747.052727	-93520.642330	0.000000	-124.968815
535.000000	30747.052727	-93583.126738	0.000000	-124.897519
535.500000	30747.052727	-93645.575497	0.000000	-124.826337
536.000000	30747.052727	-93707.988666	0.000000	-124.755271
536.500000	30747.052727	-93770.366302	0.000000	-124.684320
537.000000	30747.052727	-93832.708462	0.000000	-124.613483
537.500000	30747.052727	-93895.015203	0.000000	-124.542761
538.000000	30747.052727	-93957.286584	0.000000	-124.472153
538.500000	30747.052727	-94019.522660	0.000000	-124.401658
539.000000	30747.052727	-94081.723489	0.000000	-124.331277
539.500000	30747.052727	-94143.889128	0.000000	-124.261009
540.000000	30747.052727	-94206.019632	0.000000	-124.190853
540.500000	30747.052727	-94268.115058	0.000000	-124.120810
541.000000	30747.052727	-94330.175464	0.000000	-124.050880
541.500000	30747.052727	-94392.200903	0.000000	-123.981061
542.000000	30747.052727	-94454.191434	0.000000	-123.911353
542.500000	30747.052727	-94516.147110	0.000000	-123.841757
543.000000	30747.052727	-94578.067989	0.000000	-123.772272
543.500000	30747.052727	-94639.954125	0.000000	-123.702898
544.000000	30747.052727	-94701.805574	0.000000	-123.633634
544.500000	30747.052727	-94763.622391	0.000000	-123.564480
545.000000	30747.052727	-94825.404631	0.000000	-123.495436
545.500000	30747.052727	-94887.152349	0.000000	-123.426502
546.000000	30747.052727	-94948.865600	0.000000	-123.357676
546.500000	30747.052727	-95010.544438	0.000000	-123.288960
547.000000	30747.052727	-95072.188918	0.000000	-123.220352
547.500000	30747.052727	-95133.799094	0.000000	-123.151853
548.000000	30747.052727	-95195.375021	0.000000	-123.083462
548.500000	30747.052727	-95256.916752	0.000000	-123.015179
549.000000	30747.052727	-95318.424341	0.000000	-122.947003
549.500000	30747.052727	-95379.897843	0.000000	-122.878934
550.000000	30747.052727	-95441.337310	0.000000	-122.810972
550.500000	30747.052727	-95502.742796	0.000000	-122.743117
551.000000	30747.052727	-95564.114355	0.000000	-122.675369
551.500000	30747.052727	-95625.452039	0.000000	-122.607727
552.000000	30747.052727	-95686.755902	0.000000	-122.540190
552.500000	30747.052727	-95748.025997	0.000000	-122.472759
553.000000	30747.052727	-95809.262377	0.000000	-122.405433
553.500000	30747.052727	-95870.465093	0.000000	-122.338213
554.000000	30747.052727	-95931.634200	0.000000	-122.271097
554.500000	30747.052727	-95992.769748	0.000000	-122.204085
555.000000	30747.052727	-96053.871791	0.000000	-122.137178
555.500000	30747.052727	-96114.940380	0.000000	-122.070375
556.000000	30747.052727	-96175.975567	0.000000	-122.003675
556.500000	30747.052727	-96236.977405	0.000000	-121.937079
557.000000	30747.052727	-96297.945945	0.000000	-121.870586
557.500000	30747.052727	-96358.881238	0.000000	-121.804196
558.000000	30747.052727	-96419.783336	0.000000	-121.737909
558.500000	30747.052727	-96480.652290	0.000000	-121.671724
559.000000	30747.052727	-96541.488152	0.000000	-121.605640
559.500000	30747.052727	-96602.290972	0.000000	-121.539659
560.000000	30747.052727	-96663.060802	0.000000	-121.473780
560.500000	30747.052727	-96723.797692	0.000000	-121.408001
561.000000	30747.052727	-96784.501692	0.000000	-121.342324
561.500000	30747.052727	-96845.172854	0.000000	-121.276747
562.000000	30747.052727	-96905.811228	0.000000	-121.211271
562.500000	30747.052727	-96966.416864	0.000000	-121.145896
563.000000	30747.052727	-97026.989812	0.000000	-121.080620
563.500000	30747.052727	-97087.530122	0.000000	-121.015444
564.000000	30747.052727	-97148.037844	0.000000	-120.950368
564.500000	30747.052727	-97208.513028	0.000000	-120.885391
565.000000	30747.052727	-97268.955723	0.000000	-120.820513
565.500000	30747.052727	-97329.365979	0.000000	-120.755733
566.000000	30747.052727	-97389.743846	0.000000	-120.691053
566.500000	30747.052727	-97450.089372	0.000000	-120.626470
567.000000	30747.052727	-97510.402607	0.000000	-120.561985
567.500000	30747.052727	-97570.683600	0.000000	-120.497599
568.000000	30747.052727	-97630.932399	0.000000	-120.433309
568.500000	30747.052727	-97691.149054	0.000000	-120.369117
569.000000	30747.052727	-97751.333613	0.000000	-120.305023
569.500000	30747.052727	-97811.486124	0.000000	-120.241024
570.000000	30747.052727	-97871.606636	0.000000	-120.177123
570.500000	30747.052727	-97931.695198	0.000000	-120.113318
571.000000	30747.052727	-97991.751857	0.000000	-120.049608
571.500000	30747.052727	-98051.776661	0.000000	-119.985995
572.000000	30747.052727	-98111.769658	0.000000	-119.922477
572.500000	30747.052727	-98171.730897	0.000000	-119.859055
573.000000	30747.052727	-98231.660424	0.000000	-119.795727
573.500000	30747.052727	-98291.558288	0.000000	-119.732495
574.000000	30747.052727	-98351.424535	0.000000	-119.669357
574.500000	30747.052727	-98411.259214	0.000000	-119.606314
575.000000	30747.052727	-98471.062370	0.000000	-119.543364
575.500000	30747.052727	-98530.834053	0.000000	-119.480509
576.000000	30747.052727	-98590.574307	0.000000	-119.417747
576.500000	30747.052727	-98650.283181	0.000000	-119.355079
577.000000	30747.052727	-98709.960720	0.000000	-119.292504
577.500000	30747.052727	-98769.606972	0.000000	-119.230022
578.000000	30747.052727	-98829.221983	0.000000	-119.167633
578.500000	30747.052727	-98888.805800	0.000000	-119.105336
579.000000	30747.052727	-98948.358468	0.000000	-119.043132
579.500000	30747.052727	-99007.880034	0.000000	-118.981020
580.000000	30747.052727	-99067.370544	0.000000	-118.919000
580.500000	30747.052727	-99126.830044	0.000000	-118.857071
581.000000	30747.052727	-99186.258580	0.000000	-118.795234
581.500000	30747.052727	-99245.656197	0.000000	-118.733488
582.000000	30747.052727	-99305.022940	0.000000	-118.671833
582.500000	30747.052727	-99364.358857	0.000000	-118.610268
583.000000	30747.052727	-99423.663991	0.000000	-118.548795
583.500000	30747.052727	-99482.938388	0.000000	-118.487411
584.000000	30747.052727	-99542.182094	0.000000	-118.426118
584.500000	30747.052727	-99601.395152	0.000000	-118.364914
585.000000	30747.052727	-99660.577610	0.000000	-118.303800
585.500000	30747.052727	-99719.729510	0.000000	-118.242776
586.000000	30747.052727	-99778.850897	0.000000	-118.181840
586.500000	30747.052727	-99837.941818	0.000000	-118.120994
587.000000	30747.052727	-99897.002315	0.000000	-118.060237
587.500000	30747.052727	-99956.032433	0.000000	-117.999568
588.000000	30747.052727	-100015.032217	0.000000	-117.938987
588.500000	30747.052727	-100074.001710	0.000000	-117.878495
589.000000	30747.052727	-100132.940958	0.000000	-117.818090
589.500000	30747.052727	-100191.850003	0.000000	-117.757773
590.000000	30747.052727	-100250.728890	0.000000	-117.697544
590.500000	30747.052727	-100309.577662	0.000000	-117.637402
591.000000	30747.052727	-100368.396363	0.000000	-117.577347
591.500000	30747.052727	-100427.185036	0.000000	-117.517379
592.000000	30747.052727	-100485.943726	0.000000	-117.457498
592.500000	30747.052727	-100544.672475	0.000000	-117.397703
593.000000	30747.052727	-100603.371326	0.000000	-117.337994
593.500000	30747.052727	-100662.040323	0.000000	-117.278372
594.000000	30747.052727	-100720.679509	0.000000	-117.218835
594.500000	30747.052727	-100779.288927	0.000000	-117.159384
595.000000	30747.052727	-100837.868618	0.000000	-117.100018
595.500000	30747.052727	-100896.418627	0.000000	-117.040737
596.000000	30747.052727	-100954.938996	0.000000	-116.981542
596.500000	30747.052727	-101013.429767	0.000000	-116.922431
597.000000	30747.052727	-101071.890982	0.000000	-116.863405
597.500000	30747.052727	-101130.322685	0.000000	-116.804463
598.000000	30747.052727	-101188.724917	0.000000	-116.745606
598.500000	30747.052727	-101247.097720	0.000000	-116.686833
599.000000	30747.052727	-101305.441136	0.000000	-116.628143
599.500000	30747.052727	-101363.755208	0.000000	-116.569537
600.000000	30747.052727	-101422.039976	0.000000	-116.511015
600.500000	30747.052727	-101480.295484	0.000000	-116.452575
601.000000	30747.052727	-101538.521771	0.000000	-116.394219
601.500000	30747.052727	-101596.718881	0.000000	-116.335945
602.000000	30747.052727	-101654.886853	0.000000	-116.277755
602.500000	30747.052727	-101713.025731	0.000000	-116.219646
603.000000	30747.052727	-101771.135554	0.000000	-116.161620
603.500000	30747.052727	-101829.216364	0.000000	-116.103676
604.000000	30747.052727	-101887.268202	0.000000	-116.045814
604.500000	30747.052727	-101945.291109	0.000000	-115.988033
605.000000	30747.052727	-102003.285125	0.000000	-115.930334
605.500000	30747.052727	-102061.250292	0.000000	-115.872716
606.000000	30747.052727	-102119.186651	0.000000	-115.815180
606.500000	30747.052727	-102177.094240	0.000000	-115.757724
607.000000	30747.052727	-102234.973102	0.000000	-115.700349
607.500000	30747.052727	-102292.823277	0.000000	-115.643054
608.000000	30747.052727	-102350.644804	0.000000	-115.585840
608.500000	30747.052727	-102408.437724	0.000000	-115.528706
609.000000	30747.052727	-102466.202077	0.000000	-115.471652
609.500000	30747.052727	-102523.937903	0.000000	-115.414678
610.000000	30747.052727	-102581.645242	0.000000	-115.357783
610.500000	30747.052727	-102639.324134	0.000000	-115.300968
611.000000	30747.052727	-102696.974618	0.000000	-115.244232
611.500000	30747.052727	-102754.596734	0.000000	-115.187575
612.000000	30747.052727	-102812.190522	0.000000	-115.130997
612.500000	30747.052727	-102869.756020	0.000000	-115.074498
613.000000	30747.052727	-102927.293269	0.000000	-115.018077
613.500000	30747.052727	-102984.802308	0.000000	-114.961734
614.000000	30747.052727	-103042.283175	0.000000	-114.905470
614.500000	30747.052727	-103099.735910	0.000000	-114.849284
615.000000	30747.052727	-103157.160552	0.000000	-114.793175
615.500000	30747.052727	-103214.557139	0.000000	-114.737144
616.000000	30747.052727	-103271.925711	0.000000	-114.681190
616.500000	30747.052727	-103329.266306	0.000000	-114.625314
617.000000	30747.052727	-103386.578963	0.000000	-114.569515
617.500000	30747.052727	-103443.863720	0.000000	-114.513792
618.000000	30747.052727	-103501.120617	0.000000	-114.458147
618.500000	30747.052727	-103558.349690	0.000000	-114.402577
619.000000	30747.052727	-103615.550979	0.000000	-114.347085
619.500000	30747.052727	-103672.724521	0.000000	-114.291668
620.000000	30747.052727	-103729.870355	0.000000	-114.236328
620.500000	30747.052727	-103786.988519	0.000000	-114.181063
621.000000	30747.052727	-103844.079050	0.000000	-114.125874
621.500000	30747.052727	-103901.141987	0.000000	-114.070760
622.000000	30747.052727	-103958.177367	0.000000	-114.015722
622.500000	30747.052727	-104015.185228	0.000000	-113.960759
623.000000	30747.052727	-104072.165608	0.000000	-113.905871
623.500000	30747.052727	-104129.118544	0.000000	-113.851058
624.000000	30747.052727	-104186.044073	0.000000	-113.796320
624.500000	30747.052727	-104242.942233	0.000000	-113.741656
625.000000	30747.052727	-104299.813061	0.000000	-113.687066
625.500000	30747.052727	-104356.656594	0.000000	-113.632550
626.000000	30747.052727	-104413.472869	0.000000	-113.578109
626.500000	30747.052727	-104470.261923	0.000000	-113.523741
627.000000	30747.052727	-104527.023794	0.000000	-113.469447
627.500000	30747.052727	-104583.758518	0.000000	-113.415227
628.000000	30747.052727	-104640.466131	0.000000	-113.361079
628.500000	30747.052727	-104697.146671	0.000000	-113.307005
629.000000	30747.052727	-104753.800173	0.000000	-113.253004
629.500000	30747.052727	-104810.426675	0.000000	-113.199076
630.000000	30747.052727	-104867.026213	0.000000	-113.145220
630.500000	30747.052727	-104923.598823	0.000000	-113.091437
631.000000	30747.052727	-104980.144542	0.000000	-113.037726
631.500000	30747.052727	-105036.663405	0.000000	-112.984088
632.000000	30747.052727	-105093.155449	0.000000	-112.930521
632.500000	30747.052727	-105149.620710	0.000000	-112.877027
633.000000	30747.052727	-105206.059223	0.000000	-112.823604
633.500000	30747.052727	-105262.471025	0.000000	-112.770252
634.000000	30747.052727	-105318.856151	0.000000	-112.716972
634.500000	30747.052727	-105375.214637	0.000000	-112.663763
635.000000	30747.052727	-105431.546519	0.000000	-112.610626
635.500000	30747.052727	-105487.851832	0.000000	-112.557559
636.000000	30747.052727	-105544.130611	0.000000	-112.504563
636.500000	30747.052727	-105600.382892	0.000000	-112.451637
637.000000	30747.052727	-105656.608711	0.000000	-112.398782
637.500000	30747.052727	-105712.808102	0.000000	-112.345998
638.000000	30747.052727	-105768.981101	0.000000	-112.293283
638.500000	30747.052727	-105825.127742	0.000000	-112.240638
639.000000	30747.052727	-105881.248062	0.000000	-112.188063
639.500000	30747.052727	-105937.342093	0.000000	-112.135558
640.000000	30747.052727	-105993.409873	0.000000	-112.083123
640.500000	30747.052727	-106049.451434	0.000000	-112.030756
641.000000	30747.052727	-106105.466812	0.000000	-111.978459
641.500000	30747.052727	-106161.456042	0.000000	-111.926231
642.000000	30747.052727	-106217.419158	0.000000	-111.874072
642.500000	30747.052727	-106273.356194	0.000000	-111.821982
643.000000	30747.052727	-106329.267185	0.000000	-111.769960
643.500000	30747.052727	-106385.152165	0.000000	-111.718007
644.000000	30747.052727	-106441.011169	0.000000	-111.666122
644.500000	30747.052727	-106496.844230	0.000000	-111.614306
645.000000	30747.052727	-106552.651383	0.000000	-111.562557
645.500000	30747.052727	-106608.432661	0.000000	-111.510876
646.000000	30747.052727	-106664.188099	0.000000	-111.459263
646.500000	30747.052727	-106719.917730	0.000000	-111.407717
647.000000	30747.052727	-106775.621589	0.000000	-111.356239
647.500000	30747.052727	-106831.299708	0.000000	-111.304828
648.000000	30747.052727	-106886.952122	0.000000	-111.253484
648.500000	30747.052727	-106942.578865	0.000000	-111.202208
649.000000	30747.052727	-106998.179968	0.000000	-111.150998
649.500000	30747.052727	-107053.755467	0.000000	-111.099854
