0.000000	0.000000	0.000000	536.231110	449.951327
0.500000	268.115555	224.975663	528.723875	438.747008
1.000000	532.477492	444.349167	521.546814	427.886321
1.500000	793.250899	658.292328	514.678154	417.346150
2.000000	1050.589977	866.965403	508.098002	407.105386
2.500000	1304.638977	1070.518096	501.788143	397.144713
3.000000	1555.533049	1269.090452	495.731868	387.446419
3.500000	1803.398983	1462.813662	489.913814	377.994235
4.000000	2048.355890	1651.810780	484.319835	368.773187
4.500000	2290.515807	1836.197373	478.936876	359.769467
5.000000	2529.984245	2016.082107	473.752871	350.970329
5.500000	2766.860681	2191.567271	468.756652	342.363980
6.000000	3001.239007	2362.749261	463.937859	333.939496
6.500000	3233.207936	2529.719009	459.286873	325.686747
7.000000	3462.851373	2692.562382	454.794747	317.596317
7.500000	3690.248746	2851.360541	450.453146	309.659452
8.000000	3915.475319	3006.190267	446.254299	301.867997
8.500000	4138.602469	3157.124266	442.190945	294.214348
9.000000	4359.697941	3304.231440	438.256295	286.691406
9.500000	4578.826089	3447.577142	434.443993	279.292535
10.000000	4796.048085	3587.223410	430.748077	272.011529
10.500000	5011.422124	3723.229174	427.162956	264.842574
11.000000	5225.003602	3855.650461	423.683372	257.780219
11.500000	5436.845288	3984.540571	420.304382	250.819352
12.000000	5646.997479	4109.950247	417.021328	243.955168
12.500000	5855.508143	4231.927831	413.829821	237.183155
13.000000	6062.423054	4350.519409	410.725719	230.499064
13.500000	6267.785913	4465.768940	407.705107	223.898898
14.000000	6471.638467	4577.718389	404.764285	217.378891
14.500000	6674.020609	4686.407835	401.899751	210.935491
15.000000	6874.970485	4791.875580	399.108186	204.565349
15.500000	7074.524578	4894.158255	396.386443	198.265303
16.000000	7272.717800	4993.290906	393.731537	192.032367
16.500000	7469.583568	5089.307090	391.140628	185.863718
17.000000	7665.153882	5182.238949	388.611020	179.756689
17.500000	7859.459392	5272.117294	386.140145	173.708756
18.000000	8052.529464	5358.971672	383.725557	167.717532
18.500000	8244.392243	5442.830438	381.364926	161.780754
19.000000	8435.074706	5523.720815	379.056027	155.896285
19.500000	8624.602719	5601.668957	376.796736	150.062095
20.000000	8813.001087	5676.700005	374.585025	144.276265
20.500000	9000.293600	5748.838137	372.418953	138.536974
21.000000	9186.503076	5818.106624	370.296661	132.842498
21.500000	9371.651407	5884.527872	368.216371	127.191201
22.000000	9555.759592	5948.123473	366.176376	121.581536
22.500000	9738.847780	6008.914241	364.175041	116.012033
23.000000	9920.935301	6066.920258	362.210795	110.481300
23.500000	10102.040698	6122.160908	360.282128	104.988019
24.000000	10282.181762	6174.654917	358.387588	99.530941
24.500000	10461.375556	6224.420388	356.525781	94.108882
25.000000	10639.638446	6271.474829	354.695361	88.720723
25.500000	10816.986127	6315.835190	352.895032	83.365403
26.000000	10993.433643	6357.517892	351.123547	78.041920
26.500000	11168.995417	6396.538852	349.379700	72.749326
27.000000	11343.685267	6432.913515	347.662328	67.486728
27.500000	11517.516431	6466.656879	345.970306	62.253280
28.000000	11690.501583	6497.783519	344.302547	57.048186
28.500000	11862.652857	6526.307612	342.658002	51.870698
29.000000	12033.981858	6552.242961	341.035652	46.720111
29.500000	12204.499684	6575.603016	339.434512	41.595763
30.000000	12374.216940	6596.400898	337.853627	36.497035
30.500000	12543.143754	6614.649415	336.292072	31.423346
31.000000	12711.289790	6630.361088	334.748948	26.374155
31.500000	12878.664264	6643.548166	333.223384	21.348959
32.000000	13045.275955	6654.222646	331.714532	16.347290
32.500000	13211.133221	6662.396291	330.221572	11.368715
33.000000	13376.244007	6668.080649	328.743702	6.412836
33.500000	13540.615858	6671.287067	327.280147	1.479286
34.000000	13704.255932	6672.026710	325.830149	-3.432268
34.500000	13867.171006	6670.310576	324.392974	-8.322129
35.000000	14029.367493	6666.149512	322.967904	-13.190569
35.500000	14190.851445	6659.554227	321.554243	-18.037833
36.000000	14351.628567	6650.535311	320.151310	-22.864134
36.500000	14511.704222	6639.103244	318.758445	-27.669660
37.000000	14671.083444	6625.268413	317.375000	-32.454571
37.500000	14829.770944	6609.041128	316.000349	-37.219000
38.000000	14987.771119	6590.431628	314.633877	-41.963055
38.500000	15145.088058	6569.450100	313.274987	-46.686819
39.000000	15301.725551	6546.106691	311.923096	-51.390349
39.500000	15457.687100	6520.411517	310.577636	-56.073680
40.000000	15612.975917	6492.374677	309.238051	-60.736822
40.500000	15767.594943	6462.006266	307.903800	-65.379765
41.000000	15921.546843	6429.316383	306.574357	-70.002473
41.500000	16074.834021	6394.315147	305.249207	-74.604891
42.000000	16227.458625	6357.012701	303.927847	-79.186942
42.500000	16379.422548	6317.419230	302.609789	-83.748529
43.000000	16530.727443	6275.544966	301.294555	-88.289532
43.500000	16681.374720	6231.400199	299.981681	-92.809816
44.000000	16831.365561	6184.995292	298.670713	-97.309222
44.500000	16980.700917	6136.340681	297.361209	-101.787575
45.000000	17129.381522	6085.446893	296.052739	-106.244682
45.500000	17277.407891	6032.324552	294.744884	-110.680331
46.000000	17424.780333	5976.984386	293.437236	-115.094293
46.500000	17571.498951	5919.437239	292.129397	-119.486323
47.000000	17717.563650	5859.694078	290.820983	-123.856157
47.500000	17862.974141	5797.766000	289.511616	-128.203518
48.000000	18007.729949	5733.664241	288.200934	-132.528112
48.500000	18151.830416	5667.400184	286.888580	-136.829631
49.000000	18295.274706	5598.985369	285.574211	-141.107752
49.500000	18438.061811	5528.431493	284.257494	-145.362136
50.000000	18580.190558	5455.750425	282.938104	-149.592434
50.500000	18721.659610	5380.954208	281.615730	-153.798280
51.000000	18862.467475	5304.055068	280.290067	-157.979298
51.500000	19002.612508	5225.065419	278.960823	-162.135099
52.000000	19142.092920	5143.997869	277.627715	-166.265282
52.500000	19280.906778	5060.865228	276.290470	-170.369435
53.000000	19419.052013	4975.680510	274.948825	-174.447134
53.500000	19556.526426	4888.456943	273.602527	-178.497947
54.000000	19693.327689	4799.207969	272.251333	-182.521429
54.500000	19829.453355	4707.947255	270.895009	-186.517129
55.000000	19964.900860	4614.688690	269.533332	-190.484585
55.500000	20099.667526	4519.446398	268.166088	-194.423327
56.000000	20233.750570	4422.234734	266.793075	-198.332877
56.500000	20367.147107	4323.068296	265.414097	-202.212750
57.000000	20499.854156	4221.961921	264.028971	-206.062456
57.500000	20631.868641	4118.930693	262.637523	-209.881494
58.000000	20763.187403	4013.989946	261.239588	-213.669363
58.500000	20893.807197	3907.155264	259.835013	-217.425553
59.000000	21023.724703	3798.442488	258.423652	-221.149550
59.500000	21152.936529	3687.867713	257.005371	-224.840836
60.000000	21281.439214	3575.447295	255.580045	-228.498892
60.500000	21409.229237	3461.197849	254.147559	-232.123192
61.000000	21536.303016	3345.136253	252.707809	-235.713210
61.500000	21662.656921	3227.279648	251.260700	-239.268419
62.000000	21788.287271	3107.645439	249.806146	-242.788289
62.500000	21913.190344	2986.251294	248.344073	-246.272290
63.000000	22037.362381	2863.115149	246.874417	-249.719894
63.500000	22160.799589	2738.255202	245.397121	-253.130571
64.000000	22283.498149	2611.689917	243.912141	-256.503793
64.500000	22405.454220	2483.438021	242.419442	-259.839036
65.000000	22526.663941	2353.518503	240.919001	-263.135777
65.500000	22647.123441	2221.950614	239.410801	-266.393495
66.000000	22766.828842	2088.753867	237.894838	-269.611677
66.500000	22885.776261	1953.948028	236.371119	-272.789811
67.000000	23003.961820	1817.553123	234.839657	-275.927391
67.500000	23121.381649	1679.589427	233.300480	-279.023918
68.000000	23238.031889	1540.077469	231.753622	-282.078899
68.500000	23353.908700	1399.038019	230.199130	-285.091848
69.000000	23469.008265	1256.492095	228.637057	-288.062288
69.500000	23583.326794	1112.460951	227.067472	-290.989750
70.000000	23696.860529	966.966076	225.490448	-293.873774
70.500000	23809.605753	820.029189	223.906070	-296.713911
71.000000	23921.558788	671.672234	222.314435	-299.509722
71.500000	24032.716006	521.917373	220.715647	-302.260778
72.000000	24143.073829	370.786983	219.109819	-304.966666
72.500000	24252.628739	218.303651	217.497077	-307.626981
73.000000	24361.377278	64.490160	215.877554	-310.241334
73.500000	24469.316055	-90.630506	214.251392	-312.809349
74.000000	24576.441751	-247.035181	212.618744	-315.330665
74.500000	24682.751123	-404.700513	210.979771	-317.804936
75.000000	24788.241009	-563.602981	209.334644	-320.231833
75.500000	24892.908331	-723.718898	207.683540	-322.611040
76.000000	24996.750101	-885.024418	206.026648	-324.942261
76.500000	25099.763425	-1047.495548	204.364165	-327.225216
77.000000	25201.945507	-1211.108156	202.696295	-329.459645
77.500000	25303.293655	-1375.837978	201.023251	-331.645303
78.000000	25403.805280	-1541.660630	199.345253	-333.781966
78.500000	25503.477907	-1708.551613	197.662532	-335.869431
79.000000	25602.309173	-1876.486329	195.975321	-337.907513
79.500000	25700.296833	-2045.440085	194.283866	-339.896046
80.000000	25797.438766	-2215.388108	192.588416	-341.834888
80.500000	25893.732974	-2386.305552	190.889229	-343.723916
81.000000	25989.177589	-2558.167510	189.186569	-345.563028
81.500000	26083.770873	-2730.949024	187.480706	-347.352145
82.000000	26177.511226	-2904.625096	185.771917	-349.091210
82.500000	26270.397185	-3079.170701	184.060482	-350.780188
83.000000	26362.427426	-3254.560795	182.346691	-352.419065
83.500000	26453.600771	-3430.770328	180.630835	-354.007852
84.000000	26543.916189	-3607.774254	178.913211	-355.546581
84.500000	26633.372794	-3785.547544	177.194121	-357.035308
85.000000	26721.969855	-3964.065198	175.473872	-358.474111
85.500000	26809.706791	-4143.302253	173.752773	-359.863092
86.000000	26896.583177	-4323.233800	172.031137	-361.202375
86.500000	26982.598746	-4503.834987	170.309281	-362.492109
87.000000	27067.753386	-4685.081042	168.587524	-363.732462
87.500000	27152.047149	-4866.947273	166.866188	-364.923629
88.000000	27235.480243	-5049.409087	165.145596	-366.065826
88.500000	27318.053041	-5232.442001	163.426074	-367.159291
89.000000	27399.766078	-5416.021646	161.707949	-368.204285
89.500000	27480.620052	-5600.123788	159.991548	-369.201090
90.000000	27560.615826	-5784.724333	158.277200	-370.150012
90.500000	27639.754426	-5969.799339	156.565234	-371.051376
91.000000	27718.037044	-6155.325028	154.855979	-371.905531
91.500000	27795.465033	-6341.277793	153.149762	-372.712843
92.000000	27872.039914	-6527.634215	151.446912	-373.473702
92.500000	27947.763370	-6714.371066	149.747754	-374.188516
93.000000	28022.637247	-6901.465324	148.052614	-374.857713
93.500000	28096.663554	-7088.894180	146.361814	-375.481739
94.000000	28169.844461	-7276.635050	144.675676	-376.061061
94.500000	28242.182299	-7464.665580	142.994517	-376.596162
95.000000	28313.679557	-7652.963661	141.318655	-377.087541
95.500000	28384.338885	-7841.507432	139.648400	-377.535718
96.000000	28454.163085	-8030.275291	137.984062	-377.941225
96.500000	28523.155116	-8219.245903	136.325947	-378.304613
97.000000	28591.318089	-8408.398210	134.674355	-378.626444
97.500000	28658.655267	-8597.711432	133.029584	-378.907298
98.000000	28725.170058	-8787.165081	131.391926	-379.147767
98.500000	28790.866021	-8976.738965	129.761668	-379.348456
99.000000	28855.746855	-9166.413193	128.139093	-379.509981
99.500000	28919.816402	-9356.168183	126.524479	-379.632972
100.000000	28983.078642	-9545.984669	124.918096	-379.718068
100.500000	29045.537690	-9735.843704	123.320211	-379.765919
101.000000	29107.197795	-9925.726663	121.731083	-379.777183
101.500000	29168.063337	-10115.615255	120.150967	-379.752528
102.000000	29228.138820	-10305.491518	118.580108	-379.692628
102.500000	29287.428874	-10495.337833	117.018749	-379.598167
103.000000	29345.938249	-10685.136916	115.467123	-379.469834
103.500000	29403.671810	-10874.871833	113.925458	-379.308322
104.000000	29460.634539	-11064.525994	112.393973	-379.114332
104.500000	29516.831526	-11254.083160	110.872883	-378.888567
105.000000	29572.267967	-11443.527444	109.362393	-378.631734
105.500000	29626.949164	-11632.843311	107.862703	-378.344543
106.000000	29680.880515	-11822.015582	106.374003	-378.027707
106.500000	29734.067517	-12011.029436	104.896479	-377.681940
107.000000	29786.515756	-12199.870406	103.430306	-377.307955
107.500000	29838.230909	-12388.524384	101.975655	-376.906468
108.000000	29889.218737	-12576.977618	100.532686	-376.478192
108.500000	29939.485080	-12765.216714	99.101554	-376.023841
109.000000	29989.035857	-12953.228635	97.682406	-375.544127
109.500000	30037.877059	-13141.000698	96.275380	-375.039757
110.000000	30086.014749	-13328.520576	94.880608	-374.511438
110.500000	30133.455053	-13515.776295	93.498215	-373.959873
111.000000	30180.204161	-13702.756232	92.128316	-373.385761
111.500000	30226.268319	-13889.449112	90.771021	-372.789795
112.000000	30271.653829	-14075.844010	89.426431	-372.172666
112.500000	30316.367044	-14261.930342	88.094641	-371.535056
113.000000	30360.414365	-14447.697870	86.775738	-370.877644
113.500000	30403.802234	-14633.136692	85.469802	-370.201100
114.000000	30446.537135	-14818.237242	84.176905	-369.506091
114.500000	30488.625587	-15002.990288	82.897114	-368.793273
115.000000	30530.074145	-15187.386924	81.630488	-368.063297
115.500000	30570.889389	-15371.418573	80.377078	-367.316803
116.000000	30611.077928	-15555.076974	79.136930	-366.554428
116.500000	30650.646393	-15738.354188	77.910084	-365.776795
117.000000	30689.601435	-15921.242586	76.696570	-364.984521
117.500000	30727.949720	-16103.734846	75.496416	-364.178214
118.000000	30765.697928	-16285.823954	74.309641	-363.358473
118.500000	30802.852749	-16467.503190	73.136260	-362.525884
119.000000	30839.420879	-16648.766132	71.976279	-361.681028
119.500000	30875.409018	-16829.606646	70.829702	-360.824473
120.000000	30910.823869	-17010.018882	69.696524	-359.956777
120.500000	30945.672131	-17189.997271	68.576737	-359.078490
121.000000	30979.960500	-17369.536516	67.470326	-358.190149
121.500000	31013.695663	-17548.631590	66.377271	-357.292281
122.000000	31046.884298	-17727.277730	65.297548	-356.385403
122.500000	31079.533072	-17905.470432	64.231128	-355.470022
123.000000	31111.648636	-18083.205443	63.177976	-354.546633
123.500000	31143.237624	-18260.478759	62.138053	-353.615719
124.000000	31174.306651	-18437.286619	61.111316	-352.677755
124.500000	31204.862309	-18613.625497	60.097717	-351.733203
125.000000	31234.911167	-18789.492098	59.097204	-350.782516
125.500000	31264.459769	-18964.883356	58.109723	-349.826133
126.000000	31293.514630	-19139.796423	57.135212	-348.864485
126.500000	31322.082236	-19314.228665	56.173609	-347.897991
127.000000	31350.169041	-19488.177660	55.224847	-346.927059
127.500000	31377.781465	-19661.641190	54.288856	-345.952086
128.000000	31404.925893	-19834.617233	53.365563	-344.973460
128.500000	31431.608674	-20007.103963	52.454890	-343.991557
129.000000	31457.836119	-20179.099742	51.556759	-343.006743
129.500000	31483.614499	-20350.603113	50.671087	-342.019371
130.000000	31508.950042	-20521.612799	49.797788	-341.029789
130.500000	31533.848936	-20692.127693	48.936777	-340.038329
131.000000	31558.317325	-20862.146858	48.087961	-339.045317
131.500000	31582.361305	-21031.669516	47.251251	-338.051066
132.000000	31605.986931	-21200.695049	46.426549	-337.055882
132.500000	31629.200206	-21369.222990	45.613762	-336.060060
133.000000	31652.007086	-21537.253020	44.812790	-335.063884
133.500000	31674.413481	-21704.784962	44.023532	-334.067630
134.000000	31696.425247	-21871.818777	43.245888	-333.071565
134.500000	31718.048191	-22038.354560	42.479754	-332.075946
135.000000	31739.288068	-22204.392533	41.725025	-331.081021
135.500000	31760.150581	-22369.933044	40.981595	-330.087030
136.000000	31780.641378	-22534.976559	40.249357	-329.094202
136.500000	31800.766056	-22699.523660	39.528201	-328.102761
137.000000	31820.530157	-22863.575041	38.818020	-327.112920
137.500000	31839.939167	-23027.131501	38.118702	-326.124885
138.000000	31858.998518	-23190.193943	37.430136	-325.138853
138.500000	31877.713586	-23352.763370	36.752210	-324.155013
139.000000	31896.089691	-23514.840876	36.084811	-323.173548
139.500000	31914.132097	-23676.427650	35.427827	-322.194632
140.000000	31931.846010	-23837.524966	34.781143	-321.218432
140.500000	31949.236582	-23998.134182	34.144645	-320.245108
141.000000	31966.308904	-24158.256736	33.518219	-319.274813
141.500000	31983.068014	-24317.894143	32.901750	-318.307693
142.000000	31999.518889	-24477.047989	32.295123	-317.343887
142.500000	32015.666451	-24635.719933	31.698224	-316.383528
143.000000	32031.515563	-24793.911697	31.110936	-315.426742
143.500000	32047.071030	-24951.625068	30.533145	-314.473650
144.000000	32062.337603	-25108.861893	29.964736	-313.524366
144.500000	32077.319971	-25265.624076	29.405593	-312.578999
145.000000	32092.022767	-25421.913575	28.855603	-311.637650
145.500000	32106.450569	-25577.732400	28.314651	-310.700418
146.000000	32120.607895	-25733.082610	27.782622	-309.767395
146.500000	32134.499206	-25887.966307	27.259403	-308.838666
147.000000	32148.128907	-26042.385640	26.744880	-307.914313
147.500000	32161.501347	-26196.342797	26.238939	-306.994414
148.000000	32174.620816	-26349.840004	25.741470	-306.079040
148.500000	32187.491551	-26502.879524	25.252358	-305.168258
149.000000	32200.117730	-26655.463653	24.771493	-304.262131
149.500000	32212.503477	-26807.594719	24.298764	-303.360718
150.000000	32224.652859	-26959.275078	23.834061	-302.464073
150.500000	32236.569889	-27110.507114	23.377273	-301.572246
151.000000	32248.258526	-27261.293237	22.928292	-300.685284
151.500000	32259.722672	-27411.635879	22.487009	-299.803228
152.000000	32270.966176	-27561.537493	22.053316	-298.926119
152.500000	32281.992834	-27711.000553	21.627108	-298.053991
153.000000	32292.806388	-27860.027549	21.208277	-297.186877
153.500000	32303.410527	-28008.620987	20.796719	-296.324804
154.000000	32313.808887	-28156.783389	20.392329	-295.467799
154.500000	32324.005051	-28304.517289	19.995004	-294.615884
155.000000	32334.002553	-28451.825231	19.604640	-293.769079
155.500000	32343.804873	-28598.709771	19.221136	-292.927400
156.000000	32353.415441	-28745.173471	18.844391	-292.090861
156.500000	32362.837636	-28891.218901	18.474305	-291.259474
157.000000	32372.074789	-29036.848638	18.110779	-290.433247
157.500000	32381.130179	-29182.065261	17.753715	-289.612187
158.000000	32390.007036	-29326.871355	17.403014	-288.796298
158.500000	32398.708543	-29471.269504	17.058582	-287.985582
159.000000	32407.237834	-29615.262295	16.720323	-287.180038
159.500000	32415.597996	-29758.852314	16.388142	-286.379665
160.000000	32423.792067	-29902.042146	16.061947	-285.584458
160.500000	32431.823040	-30044.834376	15.741644	-284.794412
161.000000	32439.693862	-30187.231581	15.427142	-284.009517
161.500000	32447.407433	-30329.236340	15.118352	-283.229765
162.000000	32454.966609	-30470.851223	14.815183	-282.455145
162.500000	32462.374201	-30612.078795	14.517547	-281.685643
163.000000	32469.632974	-30752.921616	14.225357	-280.921245
163.500000	32476.745652	-30893.382239	13.938526	-280.161936
164.000000	32483.714915	-31033.463207	13.656970	-279.407699
164.500000	32490.543400	-31173.167057	13.380603	-278.658516
165.000000	32497.233701	-31312.496315	13.109342	-277.914366
165.500000	32503.788372	-31451.453498	12.843106	-277.175230
166.000000	32510.209925	-31590.041113	12.581812	-276.441085
166.500000	32516.500831	-31728.261655	12.325381	-275.711909
167.000000	32522.663522	-31866.117610	12.073733	-274.987678
167.500000	32528.700388	-32003.611449	11.826789	-274.268367
168.000000	32534.613783	-32140.745632	11.584473	-273.553952
168.500000	32540.406019	-32277.522608	11.346708	-272.844405
169.000000	32546.079373	-32413.944811	11.113419	-272.139699
169.500000	32551.636083	-32550.014660	10.884531	-271.439808
170.000000	32557.078348	-32685.734564	10.659971	-270.744701
170.500000	32562.408333	-32821.106915	10.439666	-270.054350
171.000000	32567.628167	-32956.134090	10.223546	-269.368726
171.500000	32572.739939	-33090.818453	10.011539	-268.687798
172.000000	32577.745709	-33225.162351	9.803576	-268.011535
172.500000	32582.647497	-33359.168119	9.599589	-267.339906
173.000000	32587.447292	-33492.838071	9.399510	-266.672879
173.500000	32592.147047	-33626.174511	9.203272	-266.010423
174.000000	32596.748683	-33759.179722	9.010809	-265.352504
174.500000	32601.254087	-33891.855975	8.822057	-264.699091
175.000000	32605.665116	-34024.205520	8.636952	-264.050150
175.500000	32609.983592	-34156.230595	8.455431	-263.405648
176.000000	32614.211307	-34287.933419	8.277431	-262.765551
176.500000	32618.350023	-34419.316194	8.102891	-262.129825
177.000000	32622.401468	-34550.381107	7.931752	-261.498437
177.500000	32626.367344	-34681.130325	7.763953	-260.871352
178.000000	32630.249321	-34811.566001	7.599436	-260.248536
178.500000	32634.049039	-34941.690269	7.438144	-259.629955
179.000000	32637.768111	-35071.505246	7.280019	-259.015573
179.500000	32641.408120	-35201.013033	7.125006	-258.405358
180.000000	32644.970623	-35330.215712	6.973049	-257.799274
180.500000	32648.457147	-35459.115349	6.824094	-257.197286
181.000000	32651.869194	-35587.713992	6.678087	-256.599360
181.500000	32655.208238	-35716.013672	6.534976	-256.005461
182.000000	32658.475726	-35844.016403	6.394709	-255.415555
182.500000	32661.673081	-35971.724180	6.257235	-254.829607
183.000000	32664.801698	-36099.138984	6.122504	-254.247583
183.500000	32667.862950	-36226.262775	5.990465	-253.669447
184.000000	32670.858183	-36353.097499	5.861071	-253.095167
184.500000	32673.788718	-36479.645082	5.734272	-252.524706
185.000000	32676.655854	-36605.907435	5.610023	-251.958033
185.500000	32679.460865	-36731.886452	5.488276	-251.395111
186.000000	32682.205003	-36857.584007	5.368985	-250.835908
186.500000	32684.889496	-36983.001961	5.252106	-250.280390
187.000000	32687.515549	-37108.142156	5.137594	-249.728523
187.500000	32690.084346	-37233.006418	5.025406	-249.180273
188.000000	32692.597049	-37357.596554	4.915499	-248.635608
188.500000	32695.054798	-37481.914358	4.807830	-248.094494
189.000000	32697.458713	-37605.961605	4.702357	-247.556898
189.500000	32699.809892	-37729.740054	4.599041	-247.022788
190.000000	32702.109413	-37853.251448	4.497841	-246.492132
190.500000	32704.358333	-37976.497514	4.398717	-245.964896
191.000000	32706.557691	-38099.479962	4.301630	-245.441049
191.500000	32708.708506	-38222.200487	4.206542	-244.920559
192.000000	32710.811777	-38344.660766	4.113416	-244.403394
192.500000	32712.868485	-38466.862463	4.022214	-243.889523
193.000000	32714.879592	-38588.807225	3.932900	-243.378915
193.500000	32716.846042	-38710.496682	3.845438	-242.871539
194.000000	32718.768761	-38831.932452	3.759793	-242.367363
194.500000	32720.648657	-38953.116133	3.675931	-241.866359
195.000000	32722.486623	-39074.049313	3.593817	-241.368494
195.500000	32724.283531	-39194.733560	3.513419	-240.873740
196.000000	32726.040241	-39315.170430	3.434702	-240.382067
196.500000	32727.757592	-39435.361464	3.357635	-239.893446
197.000000	32729.436409	-39555.308187	3.282186	-239.407846
197.500000	32731.077503	-39675.012110	3.208324	-238.925240
198.000000	32732.681665	-39794.474730	3.136019	-238.445598
198.500000	32734.249674	-39913.697529	3.065239	-237.968893
199.000000	32735.782293	-40032.681976	2.995955	-237.495096
199.500000	32737.280271	-40151.429523	2.928139	-237.024179
200.000000	32738.744341	-40269.941613	2.861762	-236.556114
200.500000	32740.175222	-40388.219670	2.796795	-236.090875
201.000000	32741.573619	-40506.265108	2.733211	-235.628434
201.500000	32742.940224	-40624.079325	2.670982	-235.168765
202.000000	32744.275715	-40741.663707	2.610083	-234.711840
202.500000	32745.580757	-40859.019627	2.550487	-234.257634
203.000000	32746.856000	-40976.148444	2.492167	-233.806121
203.500000	32748.102084	-41093.051505	2.435100	-233.357275
204.000000	32749.319634	-41209.730143	2.379260	-232.911070
204.500000	32750.509264	-41326.185678	2.324622	-232.467482
205.000000	32751.671575	-41442.419419	2.271164	-232.026485
205.500000	32752.807157	-41558.432661	2.218860	-231.588054
206.000000	32753.916587	-41674.226688	2.167689	-231.152166
206.500000	32755.000431	-41789.802772	2.117627	-230.718796
207.000000	32756.059245	-41905.162170	2.068652	-230.287921
207.500000	32757.093571	-42020.306130	2.020743	-229.859516
208.000000	32758.103942	-42135.235888	1.973877	-229.433558
208.500000	32759.090881	-42249.952667	1.928034	-229.010024
209.000000	32760.054898	-42364.457679	1.883194	-228.588892
209.500000	32760.996495	-42478.752125	1.839335	-228.170139
210.000000	32761.916162	-42592.837195	1.796438	-227.753741
210.500000	32762.814381	-42706.714065	1.754483	-227.339679
211.000000	32763.691622	-42820.383905	1.713451	-226.927928
211.500000	32764.548348	-42933.847869	1.673323	-226.518468
212.000000	32765.385009	-43047.107103	1.634082	-226.111278
212.500000	32766.202050	-43160.162742	1.595707	-225.706336
213.000000	32766.999904	-43273.015910	1.558183	-225.303621
213.500000	32767.778995	-43385.667720	1.521490	-224.903113
214.000000	32768.539740	-43498.119277	1.485613	-224.504792
214.500000	32769.282547	-43610.371673	1.450533	-224.108637
215.000000	32770.007813	-43722.425991	1.416236	-223.714628
215.500000	32770.715931	-43834.283305	1.382704	-223.322745
216.000000	32771.407283	-43945.944678	1.349921	-222.932970
216.500000	32772.082243	-44057.411163	1.317872	-222.545282
217.000000	32772.741179	-44168.683804	1.286542	-222.159663
217.500000	32773.384451	-44279.763635	1.255916	-221.776094
218.000000	32774.012408	-44390.651682	1.225978	-221.394556
218.500000	32774.625397	-44501.348960	1.196715	-221.015031
219.000000	32775.223755	-44611.856475	1.168112	-220.637501
219.500000	32775.807811	-44722.175226	1.140155	-220.261948
220.000000	32776.377889	-44832.306200	1.112831	-219.888353
220.500000	32776.934304	-44942.250376	1.086127	-219.516701
221.000000	32777.477368	-45052.008727	1.060029	-219.146972
221.500000	32778.007382	-45161.582213	1.034524	-218.779150
222.000000	32778.524644	-45270.971788	1.009599	-218.413219
222.500000	32779.029443	-45380.178398	0.985243	-218.049161
223.000000	32779.522065	-45489.202978	0.961444	-217.686960
223.500000	32780.002787	-45598.046458	0.938189	-217.326599
224.000000	32780.471881	-45706.709757	0.915466	-216.968062
224.500000	32780.929615	-45815.193788	0.893265	-216.611334
225.000000	32781.376247	-45923.499455	0.871574	-216.256398
225.500000	32781.812034	-46031.627654	0.850382	-215.903240
226.000000	32782.237225	-46139.579274	0.829679	-215.551843
226.500000	32782.652065	-46247.355195	0.809453	-215.202192
227.000000	32783.056791	-46354.956291	0.789695	-214.854272
227.500000	32783.451639	-46462.383427	0.770394	-214.508069
228.000000	32783.836836	-46569.637462	0.751541	-214.163568
228.500000	32784.212606	-46676.719246	0.733125	-213.820753
229.000000	32784.579169	-46783.629623	0.715138	-213.479612
229.500000	32784.936738	-46890.369428	0.697569	-213.140129
230.000000	32785.285523	-46996.939493	0.680411	-212.802290
230.500000	32785.625728	-47103.340638	0.663652	-212.466083
231.000000	32785.957554	-47209.573680	0.647286	-212.131492
231.500000	32786.281198	-47315.639426	0.631303	-211.798505
232.000000	32786.596849	-47421.538678	0.615695	-211.467107
232.500000	32786.904697	-47527.272232	0.600454	-211.137287
233.000000	32787.204924	-47632.840875	0.585571	-210.809030
233.500000	32787.497709	-47738.245390	0.571039	-210.482324
234.000000	32787.783229	-47843.486552	0.556849	-210.157156
234.500000	32788.061653	-47948.565130	0.542995	-209.833513
235.000000	32788.333151	-48053.481887	0.529469	-209.511383
235.500000	32788.597885	-48158.237578	0.516263	-209.190754
236.000000	32788.856016	-48262.832955	0.503370	-208.871613
236.500000	32789.107701	-48367.268762	0.490784	-208.553948
237.000000	32789.353093	-48471.545736	0.478497	-208.237748
237.500000	32789.592341	-48575.664610	0.466503	-207.923000
238.000000	32789.825593	-48679.626110	0.454795	-207.609692
238.500000	32790.052990	-48783.430956	0.443366	-207.297814
239.000000	32790.274673	-48887.079863	0.432212	-206.987354
239.500000	32790.490779	-48990.573540	0.421324	-206.678301
240.000000	32790.701441	-49093.912691	0.410698	-206.370643
240.500000	32790.906790	-49197.098013	0.400327	-206.064370
241.000000	32791.106953	-49300.130197	0.390205	-205.759470
241.500000	32791.302056	-49403.009932	0.380328	-205.455933
242.000000	32791.492220	-49505.737899	0.370689	-205.153748
242.500000	32791.677564	-49608.314773	0.361282	-204.852905
243.000000	32791.858206	-49710.741225	0.352104	-204.553393
243.500000	32792.034257	-49813.017921	0.343147	-204.255201
244.000000	32792.205831	-49915.145522	0.334408	-203.958321
244.500000	32792.373035	-50017.124683	0.325881	-203.662741
245.000000	32792.535976	-50118.956053	0.317562	-203.368452
245.500000	32792.694756	-50220.640279	0.309445	-203.075443
246.000000	32792.849479	-50322.178001	0.301526	-202.783706
246.500000	32793.000242	-50423.569854	0.293801	-202.493230
247.000000	32793.147143	-50524.816469	0.286265	-202.204006
247.500000	32793.290275	-50625.918472	0.278913	-201.916025
248.000000	32793.429731	-50726.876484	0.271741	-201.629276
248.500000	32793.565602	-50827.691122	0.264746	-201.343751
249.000000	32793.697975	-50928.362998	0.257922	-201.059442
249.500000	32793.826936	-51028.892719	0.251267	-200.776338
250.000000	32793.952570	-51129.280887	0.244776	-200.494430
250.500000	32794.074958	-51229.528103	0.238445	-200.213711
251.000000	32794.194180	-51329.634958	0.232270	-199.934171
251.500000	32794.310315	-51429.602044	0.226249	-199.655802
252.000000	32794.423439	-51529.429944	0.220376	-199.378594
252.500000	32794.533627	-51629.119241	0.214649	-199.102540
253.000000	32794.640952	-51728.670512	0.209065	-198.827631
253.500000	32794.745485	-51828.084327	0.203620	-198.553859
254.000000	32794.847294	-51927.361257	0.198310	-198.281216
254.500000	32794.946449	-52026.501865	0.193133	-198.009693
255.000000	32795.043016	-52125.506712	0.188085	-197.739283
255.500000	32795.137058	-52224.376353	0.183163	-197.469978
256.000000	32795.228639	-52323.111342	0.178365	-197.201769
256.500000	32795.317822	-52421.712226	0.173686	-196.934649
257.000000	32795.404665	-52520.179550	0.169126	-196.668610
257.500000	32795.489228	-52618.513855	0.164680	-196.403644
258.000000	32795.571568	-52716.715677	0.160346	-196.139745
258.500000	32795.651741	-52814.785550	0.156121	-195.876905
259.000000	32795.729801	-52912.724002	0.152003	-195.615115
259.500000	32795.805803	-53010.531560	0.147989	-195.354369
260.000000	32795.879797	-53108.208745	0.144077	-195.094660
260.500000	32795.951836	-53205.756075	0.140263	-194.835981
261.000000	32796.021967	-53303.174065	0.136547	-194.578323
261.500000	32796.090241	-53400.463227	0.132924	-194.321681
262.000000	32796.156703	-53497.624068	0.129394	-194.066048
262.500000	32796.221400	-53594.657092	0.125954	-193.811416
263.000000	32796.284377	-53691.562799	0.122602	-193.557778
263.500000	32796.345678	-53788.341688	0.119335	-193.305128
264.000000	32796.405345	-53884.994253	0.116151	-193.053460
264.500000	32796.463421	-53981.520982	0.113049	-192.802766
265.000000	32796.519945	-54077.922365	0.110027	-192.553040
265.500000	32796.574959	-54174.198885	0.107082	-192.304275
266.000000	32796.628500	-54270.351023	0.104213	-192.056466
266.500000	32796.680606	-54366.379256	0.101417	-191.809605
267.000000	32796.731315	-54462.284059	0.098694	-191.563687
267.500000	32796.780661	-54558.065902	0.096040	-191.318705
268.000000	32796.828682	-54653.725255	0.093456	-191.074653
268.500000	32796.875409	-54749.262582	0.090938	-190.831525
269.000000	32796.920878	-54844.678344	0.088485	-190.589315
269.500000	32796.965121	-54939.973002	0.086096	-190.348017
270.000000	32797.008168	-55035.147010	0.083768	-190.107624
270.500000	32797.050053	-55130.200822	0.081501	-189.868131
271.000000	32797.090803	-55225.134888	0.079294	-189.629533
271.500000	32797.130450	-55319.949654	0.077143	-189.391823
272.000000	32797.169022	-55414.645566	0.075049	-189.154995
272.500000	32797.206546	-55509.223063	0.073009	-188.919045
273.000000	32797.243051	-55603.682586	0.071023	-188.683966
273.500000	32797.278562	-55698.024569	0.069088	-188.449752
274.000000	32797.313106	-55792.249445	0.067204	-188.216399
274.500000	32797.346708	-55886.357644	0.065370	-187.983901
275.000000	32797.379393	-55980.349595	0.063584	-187.752252
275.500000	32797.411185	-56074.225721	0.061844	-187.521447
276.000000	32797.442107	-56167.986444	0.060151	-187.291481
276.500000	32797.472183	-56261.632185	0.058502	-187.062348
277.000000	32797.501434	-56355.163359	0.056897	-186.834044
277.500000	32797.529882	-56448.580381	0.055334	-186.606562
278.000000	32797.557549	-56541.883662	0.053812	-186.379899
278.500000	32797.584455	-56635.073611	0.052331	-186.154048
279.000000	32797.610620	-56728.150635	0.050888	-185.929005
279.500000	32797.636064	-56821.115137	0.049485	-185.704765
280.000000	32797.660807	-56913.967520	0.048118	-185.481323
280.500000	32797.684866	-57006.708181	0.046788	-185.258674
281.000000	32797.708260	-57099.337518	0.045493	-185.036813
281.500000	32797.731006	-57191.855925	0.044233	-184.815735
282.000000	32797.753123	-57284.263793	0.043006	-184.595437
282.500000	32797.774626	-57376.561511	0.041812	-184.375911
283.000000	32797.795532	-57468.749467	0.040650	-184.157156
283.500000	32797.815857	-57560.828044	0.039519	-183.939164
284.000000	32797.835616	-57652.797626	0.038419	-183.721933
284.500000	32797.854826	-57744.658593	0.037348	-183.505457
285.000000	32797.873500	-57836.411321	0.036306	-183.289731
285.500000	32797.891653	-57928.056187	0.035292	-183.074753
286.000000	32797.909298	-58019.593563	0.034305	-182.860516
286.500000	32797.926451	-58111.023821	0.033344	-182.647017
287.000000	32797.943123	-58202.347329	0.032410	-182.434250
287.500000	32797.959328	-58293.564455	0.031501	-182.222213
288.000000	32797.975079	-58384.675561	0.030617	-182.010900
288.500000	32797.990387	-58475.681011	0.029756	-181.800308
289.000000	32798.005265	-58566.581165	0.028919	-181.590431
289.500000	32798.019725	-58657.376381	0.028105	-181.381267
290.000000	32798.033777	-58748.067014	0.027312	-181.172810
290.500000	32798.047433	-58838.653420	0.026541	-180.965057
291.000000	32798.060704	-58929.135948	0.025792	-180.758004
291.500000	32798.073599	-59019.514950	0.025062	-180.551646
292.000000	32798.086131	-59109.790773	0.024353	-180.345979
292.500000	32798.098307	-59199.963762	0.023663	-180.141000
293.000000	32798.110139	-59290.034262	0.022992	-179.936705
293.500000	32798.121634	-59380.002615	0.022339	-179.733089
294.000000	32798.132804	-59469.869160	0.021704	-179.530149
294.500000	32798.143656	-59559.634234	0.021087	-179.327882
295.000000	32798.154199	-59649.298175	0.020486	-179.126282
295.500000	32798.164442	-59738.861316	0.019902	-178.925346
296.000000	32798.174394	-59828.323989	0.019334	-178.725072
296.500000	32798.184061	-59917.686525	0.018782	-178.525454
297.000000	32798.193452	-60006.949252	0.018245	-178.326489
297.500000	32798.202575	-60096.112497	0.017723	-178.128174
298.000000	32798.211436	-60185.176584	0.017215	-177.930505
298.500000	32798.220044	-60274.141836	0.016722	-177.733478
299.000000	32798.228405	-60363.008575	0.016242	-177.537090
299.500000	32798.236525	-60451.777120	0.015775	-177.341337
300.000000	32798.244413	-60540.447789	0.015321	-177.146216
300.500000	32798.252074	-60629.020897	0.014880	-176.951723
301.000000	32798.259514	-60717.496759	0.014452	-176.757855
301.500000	32798.266740	-60805.875686	0.014035	-176.564608
302.000000	32798.273757	-60894.157990	0.013630	-176.371979
302.500000	32798.280572	-60982.343980	0.013236	-176.179965
303.000000	32798.287190	-61070.433962	0.012853	-175.988561
303.500000	32798.293616	-61158.428243	0.012481	-175.797766
304.000000	32798.299857	-61246.327126	0.012119	-175.607575
304.500000	32798.305916	-61334.130913	0.011767	-175.417986
305.000000	32798.311800	-61421.839906	0.011426	-175.228994
305.500000	32798.317513	-61509.454403	0.011094	-175.040597
306.000000	32798.323059	-61596.974702	0.010771	-174.852792
306.500000	32798.328445	-61684.401098	0.010457	-174.665576
307.000000	32798.333673	-61771.733886	0.010152	-174.478945
307.500000	32798.338750	-61858.973358	0.009856	-174.292896
308.000000	32798.343678	-61946.119806	0.009568	-174.107426
308.500000	32798.348462	-62033.173519	0.009288	-173.922532
309.000000	32798.353106	-62120.134785	0.009017	-173.738211
309.500000	32798.357614	-62207.003890	0.008753	-173.554460
310.000000	32798.361990	-62293.781120	0.008496	-173.371276
310.500000	32798.366238	-62380.466758	0.008247	-173.188656
311.000000	32798.370362	-62467.061086	0.008004	-173.006596
311.500000	32798.374364	-62553.564384	0.007769	-172.825095
312.000000	32798.378249	-62639.976931	0.007540	-172.644149
312.500000	32798.382019	-62726.299006	0.007318	-172.463756
313.000000	32798.385678	-62812.530884	0.007103	-172.283911
313.500000	32798.389229	-62898.672840	0.006893	-172.104614
314.000000	32798.392676	-62984.725147	0.006689	-171.925860
314.500000	32798.396020	-63070.688076	0.006492	-171.747647
315.000000	32798.399266	-63156.561900	0.006299	-171.569971
315.500000	32798.402416	-63242.346885	0.006113	-171.392832
316.000000	32798.405472	-63328.043301	0.005932	-171.216225
316.500000	32798.408438	-63413.651414	0.005756	-171.040148
317.000000	32798.411316	-63499.171487	0.005585	-170.864597
317.500000	32798.414108	-63584.603786	0.005419	-170.689572
318.000000	32798.416818	-63669.948572	0.005257	-170.515068
318.500000	32798.419446	-63755.206106	0.005101	-170.341084
319.000000	32798.421997	-63840.376648	0.004949	-170.167616
319.500000	32798.424471	-63925.460456	0.004801	-169.994662
320.000000	32798.426871	-64010.457787	0.004658	-169.822219
320.500000	32798.429200	-64095.368896	0.004518	-169.650285
321.000000	32798.431459	-64180.194039	0.004383	-169.478857
321.500000	32798.433651	-64264.933467	0.004252	-169.307933
322.000000	32798.435777	-64349.587434	0.004124	-169.137511
322.500000	32798.437839	-64434.156189	0.004001	-168.967586
323.000000	32798.439840	-64518.639983	0.003881	-168.798159
323.500000	32798.441780	-64603.039062	0.003764	-168.629224
324.000000	32798.443662	-64687.353674	0.003651	-168.460782
324.500000	32798.445487	-64771.584065	0.003541	-168.292828
325.000000	32798.447257	-64855.730479	0.003434	-168.125360
325.500000	32798.448974	-64939.793159	0.003330	-167.958377
326.000000	32798.450640	-65023.772347	0.003230	-167.791875
326.500000	32798.452255	-65107.668285	0.003132	-167.625853
327.000000	32798.453821	-65191.481211	0.003037	-167.460308
327.500000	32798.455339	-65275.211365	0.002946	-167.295237
328.000000	32798.456812	-65358.858984	0.002856	-167.130639
328.500000	32798.458240	-65442.424303	0.002770	-166.966510
329.000000	32798.459625	-65525.907558	0.002686	-166.802850
329.500000	32798.460968	-65609.308983	0.002604	-166.639655
330.000000	32798.462270	-65692.628811	0.002525	-166.476924
330.500000	32798.463532	-65775.867273	0.002448	-166.314653
331.000000	32798.464756	-65859.024599	0.002373	-166.152842
331.500000	32798.465943	-65942.101020	0.002301	-165.991487
332.000000	32798.467093	-66025.096763	0.002231	-165.830586
332.500000	32798.468209	-66108.012056	0.002163	-165.670138
333.000000	32798.469290	-66190.847125	0.002096	-165.510140
333.500000	32798.470338	-66273.602195	0.002032	-165.350590
334.000000	32798.471354	-66356.277490	0.001970	-165.191486
334.500000	32798.472339	-66438.873233	0.001910	-165.032825
335.000000	32798.473294	-66521.389645	0.001851	-164.874606
335.500000	32798.474220	-66603.826948	0.001794	-164.716827
336.000000	32798.475117	-66686.185362	0.001739	-164.559486
336.500000	32798.475986	-66768.465105	0.001686	-164.402579
337.000000	32798.476829	-66850.666394	0.001634	-164.246107
337.500000	32798.477646	-66932.789448	0.001583	-164.090065
338.000000	32798.478438	-67014.834480	0.001535	-163.934453
338.500000	32798.479205	-67096.801707	0.001487	-163.779269
339.000000	32798.479949	-67178.691341	0.001441	-163.624510
339.500000	32798.480669	-67260.503596	0.001397	-163.470174
340.000000	32798.481368	-67342.238683	0.001353	-163.316260
340.500000	32798.482044	-67423.896813	0.001312	-163.162765
341.000000	32798.482700	-67505.478196	0.001271	-163.009688
341.500000	32798.483336	-67586.983040	0.001231	-162.857026
342.000000	32798.483951	-67668.411553	0.001193	-162.704779
342.500000	32798.484548	-67749.763942	0.001156	-162.552943
343.000000	32798.485126	-67831.040414	0.001120	-162.401517
343.500000	32798.485686	-67912.241172	0.001085	-162.250499
344.000000	32798.486229	-67993.366422	0.001051	-162.099888
344.500000	32798.486754	-68074.416366	0.001019	-161.949681
345.000000	32798.487264	-68155.391206	0.000987	-161.799876
345.500000	32798.487757	-68236.291144	0.000956	-161.650472
346.000000	32798.488235	-68317.116380	0.000926	-161.501467
346.500000	32798.488698	-68397.867113	0.000897	-161.352859
347.000000	32798.489147	-68478.543543	0.000869	-161.204647
347.500000	32798.489581	-68559.145867	0.000842	-161.056828
348.000000	32798.490002	-68639.674281	0.000815	-160.909401
348.500000	32798.490410	-68720.128981	0.000790	-160.762364
349.000000	32798.490805	-68800.510163	0.000765	-160.615715
349.500000	32798.491188	-68880.818021	0.000741	-160.469453
350.000000	32798.491558	-68961.052748	0.000718	-160.323576
350.500000	32798.491917	-69041.214536	0.000695	-160.178082
351.000000	32798.492264	-69121.303576	0.000673	-160.032969
351.500000	32798.492601	-69201.320061	0.000652	-159.888236
352.000000	32798.492927	-69281.264179	0.000631	-159.743881
352.500000	32798.493242	-69361.136120	0.000611	-159.599903
353.000000	32798.493548	-69440.936071	0.000592	-159.456299
353.500000	32798.493844	-69520.664220	0.000573	-159.313068
354.000000	32798.494131	-69600.320755	0.000555	-159.170209
354.500000	32798.494408	-69679.905859	0.000537	-159.027720
355.000000	32798.494677	-69759.419719	0.000520	-158.885599
355.500000	32798.494937	-69838.862518	0.000504	-158.743844
356.000000	32798.495189	-69918.234441	0.000488	-158.602455
356.500000	32798.495433	-69997.535668	0.000472	-158.461429
357.000000	32798.495669	-70076.766382	0.000457	-158.320765
357.500000	32798.495898	-70155.926765	0.000443	-158.180461
358.000000	32798.496119	-70235.016995	0.000429	-158.040516
358.500000	32798.496334	-70314.037253	0.000415	-157.900928
359.000000	32798.496541	-70392.987717	0.000402	-157.761696
359.500000	32798.496742	-70471.868565	0.000389	-157.622818
360.000000	32798.496936	-70550.679974	0.000376	-157.484292
360.500000	32798.497125	-70629.422120	0.000364	-157.346118
361.000000	32798.497307	-70708.095179	0.000353	-157.208293
361.500000	32798.497483	-70786.699325	0.000341	-157.070816
362.000000	32798.497654	-70865.234733	0.000330	-156.933686
362.500000	32798.497819	-70943.701576	0.000320	-156.796901
363.000000	32798.497979	-71022.100027	0.000310	-156.660460
363.500000	32798.498134	-71100.430257	0.000300	-156.524361
364.000000	32798.498283	-71178.692438	0.000290	-156.388603
364.500000	32798.498428	-71256.886740	0.000281	-156.253184
365.000000	32798.498569	-71335.013332	0.000272	-156.118104
365.500000	32798.498704	-71413.072384	0.000263	-155.983359
366.000000	32798.498836	-71491.064063	0.000254	-155.848950
366.500000	32798.498963	-71568.988538	0.000246	-155.714875
367.000000	32798.499086	-71646.845976	0.000238	-155.581131
367.500000	32798.499205	-71724.636541	0.000230	-155.447719
368.000000	32798.499320	-71802.360401	0.000223	-155.314636
368.500000	32798.499432	-71880.017719	0.000216	-155.181882
369.000000	32798.499539	-71957.608660	0.000209	-155.049454
369.500000	32798.499644	-72035.133386	0.000202	-154.917351
370.000000	32798.499745	-72112.592062	0.000195	-154.785573
370.500000	32798.499842	-72189.984849	0.000189	-154.654118
371.000000	32798.499937	-72267.311907	0.000183	-154.522983
371.500000	32798.500028	-72344.573399	0.000177	-154.392169
372.000000	32798.500117	-72421.769484	0.000171	-154.261674
372.500000	32798.500202	-72498.900321	0.000166	-154.131497
373.000000	32798.500285	-72575.966069	0.000160	-154.001635
373.500000	32798.500365	-72652.966887	0.000155	-153.872088
374.000000	32798.500442	-72729.902931	0.000150	-153.742855
374.500000	32798.500517	-72806.774359	0.000145	-153.613935
375.000000	32798.500590	-72883.581326	0.000140	-153.485325
375.500000	32798.500660	-72960.323989	0.000136	-153.357025
376.000000	32798.500728	-73037.002501	0.000131	-153.229034
376.500000	32798.500793	-73113.617018	0.000127	-153.101350
377.000000	32798.500857	-73190.167693	0.000123	-152.973972
377.500000	32798.500918	-73266.654679	0.000119	-152.846899
378.000000	32798.500977	-73343.078129	0.000115	-152.720130
378.500000	32798.501034	-73419.438194	0.000111	-152.593663
379.000000	32798.501090	-73495.735025	0.000107	-152.467497
379.500000	32798.501144	-73571.968774	0.000104	-152.341631
380.000000	32798.501195	-73648.139589	0.000100	-152.216063
380.500000	32798.501246	-73724.247621	0.000097	-152.090794
381.000000	32798.501294	-73800.293018	0.000094	-151.965821
381.500000	32798.501341	-73876.275928	0.000091	-151.841143
382.000000	32798.501386	-73952.196499	0.000088	-151.716759
382.500000	32798.501430	-74028.054878	0.000085	-151.592667
383.000000	32798.501472	-74103.851212	0.000082	-151.468868
383.500000	32798.501513	-74179.585646	0.000079	-151.345359
384.000000	32798.501553	-74255.258326	0.000077	-151.222140
384.500000	32798.501591	-74330.869396	0.000074	-151.099209
385.000000	32798.501628	-74406.419000	0.000072	-150.976565
385.500000	32798.501664	-74481.907282	0.000069	-150.854206
386.000000	32798.501699	-74557.334385	0.000067	-150.732133
386.500000	32798.501732	-74632.700452	0.000065	-150.610344
387.000000	32798.501765	-74708.005624	0.000063	-150.488837
387.500000	32798.501796	-74783.250043	0.000060	-150.367612
388.000000	32798.501826	-74858.433849	0.000058	-150.246668
388.500000	32798.501855	-74933.557183	0.000056	-150.126002
389.000000	32798.501883	-75008.620184	0.000055	-150.005615
389.500000	32798.501911	-75083.622992	0.000053	-149.885506
390.000000	32798.501937	-75158.565745	0.000051	-149.765672
390.500000	32798.501963	-75233.448581	0.000049	-149.646114
391.000000	32798.501987	-75308.271637	0.000048	-149.526829
391.500000	32798.502011	-75383.035052	0.000046	-149.407818
392.000000	32798.502034	-75457.738961	0.000044	-149.289078
392.500000	32798.502056	-75532.383500	0.000043	-149.170610
393.000000	32798.502078	-75606.968805	0.000042	-149.052411
393.500000	32798.502098	-75681.495010	0.000040	-148.934481
394.000000	32798.502118	-75755.962251	0.000039	-148.816819
394.500000	32798.502138	-75830.370660	0.000037	-148.699423
395.000000	32798.502157	-75904.720372	0.000036	-148.582293
395.500000	32798.502175	-75979.011518	0.000035	-148.465429
396.000000	32798.502192	-76053.244233	0.000034	-148.348827
396.500000	32798.502209	-76127.418646	0.000033	-148.232489
397.000000	32798.502225	-76201.534891	0.000032	-148.116412
397.500000	32798.502241	-76275.593097	0.000030	-148.000596
398.000000	32798.502256	-76349.593395	0.000029	-147.885040
398.500000	32798.502271	-76423.535915	0.000028	-147.769743
399.000000	32798.502285	-76497.420786	0.000027	-147.654703
399.500000	32798.502299	-76571.248138	0.000027	-147.539920
400.000000	32798.502312	-76645.018098	0.000026	-147.425394
400.500000	32798.502325	-76718.730795	0.000025	-147.311122
401.000000	32798.502337	-76792.386356	0.000024	-147.197104
401.500000	32798.502349	-76865.984908	0.000023	-147.083339
402.000000	32798.502361	-76939.526577	0.000022	-146.969826
402.500000	32798.502372	-77013.011491	0.000022	-146.856565
403.000000	32798.502383	-77086.439773	0.000021	-146.743554
403.500000	32798.502393	-77159.811550	0.000020	-146.630792
404.000000	32798.502403	-77233.126946	0.000019	-146.518278
404.500000	32798.502413	-77306.386085	0.000019	-146.406012
405.000000	32798.502422	-77379.589090	0.000018	-146.293992
405.500000	32798.502431	-77452.736087	0.000017	-146.182218
406.000000	32798.502440	-77525.827196	0.000017	-146.070689
406.500000	32798.502449	-77598.862540	0.000016	-145.959404
407.000000	32798.502457	-77671.842242	0.000016	-145.848361
407.500000	32798.502465	-77744.766423	0.000015	-145.737561
408.000000	32798.502472	-77817.635204	0.000015	-145.627002
408.500000	32798.502480	-77890.448705	0.000014	-145.516683
409.000000	32798.502487	-77963.207046	0.000014	-145.406604
409.500000	32798.502494	-78035.910348	0.000013	-145.296763
410.000000	32798.502500	-78108.558730	0.000013	-145.187160
410.500000	32798.502507	-78181.152310	0.000012	-145.077794
411.000000	32798.502513	-78253.691207	0.000012	-144.968663
411.500000	32798.502519	-78326.175538	0.000011	-144.859768
412.000000	32798.502524	-78398.605422	0.000011	-144.751107
412.500000	32798.502530	-78470.980976	0.000011	-144.642680
413.000000	32798.502535	-78543.302316	0.000010	-144.534485
413.500000	32798.502540	-78615.569558	0.000010	-144.426522
414.000000	32798.502545	-78687.782819	0.000010	-144.318789
414.500000	32798.502550	-78759.942213	0.000009	-144.211287
415.000000	32798.502555	-78832.047857	0.000009	-144.104014
415.500000	32798.502559	-78904.099864	0.000009	-143.996970
416.000000	32798.502564	-78976.098349	0.000008	-143.890153
416.500000	32798.502568	-79048.043426	0.000008	-143.783563
417.000000	32798.502572	-79119.935207	0.000008	-143.677199
417.500000	32798.502576	-79191.773807	0.000008	-143.571061
418.000000	32798.502580	-79263.559337	0.000007	-143.465146
418.500000	32798.502583	-79335.291910	0.000007	-143.359456
419.000000	32798.502587	-79406.971638	0.000007	-143.253988
419.500000	32798.502590	-79478.598632	0.000007	-143.148742
420.000000	32798.502593	-79550.173003	0.000006	-143.043717
420.500000	32798.502596	-79621.694862	0.000006	-142.938913
421.000000	32798.502599	-79693.164318	0.000006	-142.834329
421.500000	32798.502602	-79764.581483	0.000006	-142.729964
422.000000	32798.502605	-79835.946465	0.000005	-142.625817
422.500000	32798.502608	-79907.259373	0.000005	-142.521887
423.000000	32798.502611	-79978.520317	0.000005	-142.418174
423.500000	32798.502613	-80049.729404	0.000005	-142.314677
424.000000	32798.502616	-80120.886742	0.000005	-142.211395
424.500000	32798.502618	-80191.992439	0.000005	-142.108327
425.000000	32798.502620	-80263.046603	0.000004	-142.005473
425.500000	32798.502622	-80334.049339	0.000004	-141.902832
426.000000	32798.502624	-80405.000755	0.000004	-141.800403
426.500000	32798.502627	-80475.900956	0.000004	-141.698185
427.000000	32798.502628	-80546.750049	0.000004	-141.596179
427.500000	32798.502630	-80617.548138	0.000004	-141.494382
428.000000	32798.502632	-80688.295329	0.000004	-141.392794
428.500000	32798.502634	-80758.991727	0.000003	-141.291415
429.000000	32798.502636	-80829.637434	0.000003	-141.190244
429.500000	32798.502637	-80900.232556	0.000003	-141.089280
430.000000	32798.502639	-80970.777197	0.000003	-140.988523
430.500000	32798.502640	-81041.271458	0.000003	-140.887971
431.000000	32798.502642	-81111.715443	0.000003	-140.787624
431.500000	32798.502643	-81182.109255	0.000003	-140.687481
432.000000	32798.502645	-81252.452996	0.000003	-140.587542
432.500000	32798.502646	-81322.746767	0.000003	-140.487806
433.000000	32798.502647	-81392.990670	0.000002	-140.388272
433.500000	32798.502649	-81463.184807	0.000002	-140.288940
434.000000	32798.502650	-81533.329277	0.000002	-140.189809
434.500000	32798.502651	-81603.424181	0.000002	-140.090877
435.000000	32798.502652	-81673.469620	0.000002	-139.992146
435.500000	32798.502653	-81743.465692	0.000002	-139.893613
436.000000	32798.502654	-81813.412499	0.000002	-139.795278
436.500000	32798.502655	-81883.310138	0.000002	-139.697141
437.000000	32798.502656	-81953.158708	0.000002	-139.599200
437.500000	32798.502657	-82022.958308	0.000002	-139.501456
438.000000	32798.502658	-82092.709036	0.000002	-139.403907
438.500000	32798.502659	-82162.410990	0.000002	-139.306553
439.000000	32798.502660	-82232.064266	0.000002	-139.209394
439.500000	32798.502660	-82301.668963	0.000002	-139.112427
440.000000	32798.502661	-82371.225177	0.000001	-139.015654
440.500000	32798.502662	-82440.733004	0.000001	-138.919073
441.000000	32798.502663	-82510.192540	0.000001	-138.822684
441.500000	32798.502663	-82579.603882	0.000001	-138.726486
442.000000	32798.502664	-82648.967125	0.000001	-138.630478
442.500000	32798.502665	-82718.282364	0.000001	-138.534660
443.000000	32798.502665	-82787.549694	0.000001	-138.439031
443.500000	32798.502666	-82856.769209	0.000001	-138.343590
444.000000	32798.502666	-82925.941004	0.000001	-138.248337
444.500000	32798.502667	-82995.065173	0.000001	-138.153272
445.000000	32798.502667	-83064.141809	0.000001	-138.058393
445.500000	32798.502668	-83133.171005	0.000001	-137.963700
446.000000	32798.502668	-83202.152856	0.000001	-137.869193
446.500000	32798.502669	-83271.087452	0.000001	-137.774871
447.000000	32798.502669	-83339.974888	0.000001	-137.680732
447.500000	32798.502670	-83408.815254	0.000001	-137.586778
448.000000	32798.502670	-83477.608643	0.000001	-137.493006
448.500000	32798.502671	-83546.355146	0.000001	-137.399417
449.000000	32798.502671	-83615.054854	0.000001	-137.306009
449.500000	32798.502671	-83683.707858	0.000001	-137.212783
450.000000	32798.502672	-83752.314250	0.000001	-137.119738
450.500000	32798.502672	-83820.874119	0.000001	-137.026872
451.000000	32798.502673	-83889.387555	0.000001	-136.934186
451.500000	32798.502673	-83957.854648	0.000001	-136.841679
452.000000	32798.502673	-84026.275487	0.000001	-136.749350
452.500000	32798.502673	-84094.650162	0.000001	-136.657199
453.000000	32798.502674	-84162.978762	0.000001	-136.565225
453.500000	32798.502674	-84231.261375	0.000001	-136.473428
454.000000	32798.502674	-84299.498089	0.000001	-136.381807
454.500000	32798.502675	-84367.688992	0.000001	-136.290361
455.000000	32798.502675	-84435.834172	0.000000	-136.199090
455.500000	32798.502675	-84503.933718	0.000000	-136.107994
456.000000	32798.502675	-84571.987715	0.000000	-136.017071
456.500000	32798.502676	-84639.996250	0.000000	-135.926322
457.000000	32798.502676	-84707.959411	0.000000	-135.835745
457.500000	32798.502676	-84775.877284	0.000000	-135.745341
458.000000	32798.502676	-84843.749954	0.000000	-135.655108
458.500000	32798.502676	-84911.577508	0.000000	-135.565046
459.000000	32798.502677	-84979.360031	0.000000	-135.475155
459.500000	32798.502677	-85047.097609	0.000000	-135.385433
460.000000	32798.502677	-85114.790325	0.000000	-135.295882
460.500000	32798.502677	-85182.438266	0.000000	-135.206499
461.000000	32798.502677	-85250.041515	0.000000	-135.117284
461.500000	32798.502677	-85317.600158	0.000000	-135.028237
462.000000	32798.502678	-85385.114276	0.000000	-134.939358
462.500000	32798.502678	-85452.583955	0.000000	-134.850645
463.000000	32798.502678	-85520.009278	0.000000	-134.762099
463.500000	32798.502678	-85587.390327	0.000000	-134.673719
464.000000	32798.502678	-85654.727187	0.000000	-134.585503
464.500000	32798.502678	-85722.019938	0.000000	-134.497453
465.000000	32798.502678	-85789.268665	0.000000	-134.409566
465.500000	32798.502678	-85856.473448	0.000000	-134.321844
466.000000	32798.502679	-85923.634370	0.000000	-134.234284
466.500000	32798.502679	-85990.751512	0.000000	-134.146887
467.000000	32798.502679	-86057.824955	0.000000	-134.059653
467.500000	32798.502679	-86124.854782	0.000000	-133.972580
468.000000	32798.502679	-86191.841072	0.000000	-133.885668
468.500000	32798.502679	-86258.783906	0.000000	-133.798917
469.000000	32798.502679	-86325.683365	0.000000	-133.712326
469.500000	32798.502679	-86392.539528	0.000000	-133.625895
470.000000	32798.502679	-86459.352476	0.000000	-133.539623
470.500000	32798.502679	-86526.122287	0.000000	-133.453510
471.000000	32798.502679	-86592.849042	0.000000	-133.367555
471.500000	32798.502680	-86659.532820	0.000000	-133.281758
472.000000	32798.502680	-86726.173699	0.000000	-133.196118
472.500000	32798.502680	-86792.771758	0.000000	-133.110635
473.000000	32798.502680	-86859.327075	0.000000	-133.025308
473.500000	32798.502680	-86925.839729	0.000000	-132.940137
474.000000	32798.502680	-86992.309798	0.000000	-132.855121
474.500000	32798.502680	-87058.737358	0.000000	-132.770260
475.000000	32798.502680	-87125.122489	0.000000	-132.685554
475.500000	32798.502680	-87191.465266	0.000000	-132.601002
476.000000	32798.502680	-87257.765766	0.000000	-132.516603
476.500000	32798.502680	-87324.024068	0.000000	-132.432357
477.000000	32798.502680	-87390.240246	0.000000	-132.348263
477.500000	32798.502680	-87456.414377	0.000000	-132.264322
478.000000	32798.502680	-87522.546538	0.000000	-132.180532
478.500000	32798.502680	-87588.636804	0.000000	-132.096894
479.000000	32798.502680	-87654.685251	0.000000	-132.013406
479.500000	32798.502680	-87720.691954	0.000000	-131.930068
480.000000	32798.502680	-87786.656988	0.000000	-131.846881
480.500000	32798.502680	-87852.580429	0.000000	-131.763842
481.000000	32798.502681	-87918.462350	0.000000	-131.680953
481.500000	32798.502681	-87984.302826	0.000000	-131.598212
482.000000	32798.502681	-88050.101932	0.000000	-131.515619
482.500000	32798.502681	-88115.859741	0.000000	-131.433174
483.000000	32798.502681	-88181.576328	0.000000	-131.350875
483.500000	32798.502681	-88247.251766	0.000000	-131.268724
484.000000	32798.502681	-88312.886128	0.000000	-131.186719
484.500000	32798.502681	-88378.479487	0.000000	-131.104859
485.000000	32798.502681	-88444.031917	0.000000	-131.023146
485.500000	32798.502681	-88509.543490	0.000000	-130.941577
486.000000	32798.502681	-88575.014278	0.000000	-130.860152
486.500000	32798.502681	-88640.444354	0.000000	-130.778872
487.000000	32798.502681	-88705.833790	0.000000	-130.697735
487.500000	32798.502681	-88771.182658	0.000000	-130.616742
488.000000	32798.502681	-88836.491029	0.000000	-130.535892
488.500000	32798.502681	-88901.758975	0.000000	-130.455184
489.000000	32798.502681	-88966.986567	0.000000	-130.374618
489.500000	32798.502681	-89032.173876	0.000000	-130.294194
490.000000	32798.502681	-89097.320973	0.000000	-130.213910
490.500000	32798.502681	-89162.427928	0.000000	-130.133768
491.000000	32798.502681	-89227.494812	0.000000	-130.053766
491.500000	32798.502681	-89292.521695	0.000000	-129.973904
492.000000	32798.502681	-89357.508647	0.000000	-129.894181
492.500000	32798.502681	-89422.455737	0.000000	-129.814598
493.000000	32798.502681	-89487.363037	0.000000	-129.735153
493.500000	32798.502681	-89552.230613	0.000000	-129.655847
494.000000	32798.502681	-89617.058537	0.000000	-129.576679
494.500000	32798.502681	-89681.846876	0.000000	-129.497648
495.000000	32798.502681	-89746.595700	0.000000	-129.418754
495.500000	32798.502681	-89811.305077	0.000000	-129.339997
496.000000	32798.502681	-89875.975076	0.000000	-129.261377
496.500000	32798.502681	-89940.605764	0.000000	-129.182892
497.000000	32798.502681	-90005.197211	0.000000	-129.104543
497.500000	32798.502681	-90069.749482	0.000000	-129.026329
498.000000	32798.502681	-90134.262647	0.000000	-128.948250
498.500000	32798.502681	-90198.736772	0.000000	-128.870305
499.000000	32798.502681	-90263.171924	0.000000	-128.792495
499.500000	32798.502681	-90327.568172	0.000000	-128.714818
500.000000	32798.502681	-90391.925580	0.000000	-128.637274
500.500000	32798.502681	-90456.244217	0.000000	-128.559863
501.000000	32798.502681	-90520.524149	0.000000	-128.482584
501.500000	32798.502681	-90584.765441	0.000000	-128.405438
502.000000	32798.502681	-90648.968160	0.000000	-128.328423
502.500000	32798.502681	-90713.132372	0.000000	-128.251540
503.000000	32798.502681	-90777.258142	0.000000	-128.174788
503.500000	32798.502681	-90841.345536	0.000000	-128.098166
504.000000	32798.502681	-90905.394619	0.000000	-128.021675
504.500000	32798.502681	-90969.405456	0.000000	-127.945313
505.000000	32798.502681	-91033.378113	0.000000	-127.869081
505.500000	32798.502681	-91097.312653	0.000000	-127.792978
506.000000	32798.502681	-91161.209142	0.000000	-127.717004
506.500000	32798.502681	-91225.067644	0.000000	-127.641158
507.000000	32798.502681	-91288.888224	0.000000	-127.565441
507.500000	32798.502681	-91352.670944	0.000000	-127.489851
508.000000	32798.502681	-91416.415869	0.000000	-127.414388
508.500000	32798.502681	-91480.123064	0.000000	-127.339053
509.000000	32798.502681	-91543.792590	0.000000	-127.263844
509.500000	32798.502681	-91607.424512	0.000000	-127.188761
510.000000	32798.502681	-91671.018892	0.000000	-127.113804
510.500000	32798.502681	-91734.575795	0.000000	-127.038973
511.000000	32798.502681	-91798.095281	0.000000	-126.964267
511.500000	32798.502681	-91861.577415	0.000000	-126.889686
512.000000	32798.502681	-91925.022258	0.000000	-126.815229
512.500000	32798.502681	-91988.429872	0.000000	-126.740897
513.000000	32798.502681	-92051.800321	0.000000	-126.666688
513.500000	32798.502681	-92115.133665	0.000000	-126.592603
514.000000	32798.502681	-92178.429967	0.000000	-126.518641
514.500000	32798.502681	-92241.689287	0.000000	-126.444802
515.000000	32798.502681	-92304.911688	0.000000	-126.371085
515.500000	32798.502681	-92368.097231	0.000000	-126.297491
516.000000	32798.502681	-92431.245976	0.000000	-126.224018
516.500000	32798.502681	-92494.357985	0.000000	-126.150667
517.000000	32798.502681	-92557.433319	0.000000	-126.077437
517.500000	32798.502681	-92620.472037	0.000000	-126.004327
518.000000	32798.502681	-92683.474201	0.000000	-125.931338
518.500000	32798.502681	-92746.439870	0.000000	-125.858470
519.000000	32798.502681	-92809.369105	0.000000	-125.785721
519.500000	32798.502681	-92872.261965	0.000000	-125.713091
520.000000	32798.502681	-92935.118510	0.000000	-125.640581
520.500000	32798.502681	-92997.938801	0.000000	-125.568189
521.000000	32798.502681	-93060.722895	0.000000	-125.495916
521.500000	32798.502681	-93123.470853	0.000000	-125.423761
522.000000	32798.502681	-93186.182734	0.000000	-125.351724
522.500000	32798.502681	-93248.858596	0.000000	-125.279805
523.000000	32798.502681	-93311.498498	0.000000	-125.208002
523.500000	32798.502681	-93374.102499	0.000000	-125.136317
524.000000	32798.502681	-93436.670658	0.000000	-125.064748
524.500000	32798.502681	-93499.203032	0.000000	-124.993296
525.000000	32798.502681	-93561.699680	0.000000	-124.921959
525.500000	32798.502681	-93624.160660	0.000000	-124.850738
526.000000	32798.502681	-93686.586029	0.000000	-124.779633
526.500000	32798.502681	-93748.975845	0.000000	-124.708642
527.000000	32798.502681	-93811.330166	0.000000	-124.637766
527.500000	32798.502681	-93873.649049	0.000000	-124.567005
528.000000	32798.502681	-93935.932551	0.000000	-124.496357
528.500000	32798.502681	-93998.180730	0.000000	-124.425824
529.000000	32798.502681	-94060.393642	0.000000	-124.355404
529.500000	32798.502681	-94122.571344	0.000000	-124.285097
530.000000	32798.502681	-94184.713892	0.000000	-124.214903
530.500000	32798.502681	-94246.821343	0.000000	-124.144821
531.000000	32798.502681	-94308.893754	0.000000	-124.074852
531.500000	32798.502681	-94370.931180	0.000000	-124.004995
532.000000	32798.502681	-94432.933677	0.000000	-123.935249
532.500000	32798.502681	-94494.901302	0.000000	-123.865615
533.000000	32798.502681	-94556.834110	0.000000	-123.796092
533.500000	32798.502681	-94618.732156	0.000000	-123.726680
534.000000	32798.502681	-94680.595495	0.000000	-123.657378
534.500000	32798.502681	-94742.424184	0.000000	-123.588186
535.000000	32798.502681	-94804.218278	0.000000	-123.519105
535.500000	32798.502681	-94865.977830	0.000000	-123.450133
536.000000	32798.502681	-94927.702896	0.000000	-123.381270
536.500000	32798.502681	-94989.393531	0.000000	-123.312516
537.000000	32798.502681	-95051.049789	0.000000	-123.243871
537.500000	32798.502681	-95112.671725	0.000000	-123.175335
538.000000	32798.502681	-95174.259392	0.000000	-123.106907
538.500000	32798.502681	-95235.812846	0.000000	-123.038586
539.000000	32798.502681	-95297.332139	0.000000	-122.970374
539.500000	32798.502681	-95358.817326	0.000000	-122.902268
540.000000	32798.502681	-95420.268460	0.000000	-122.834270
540.500000	32798.502681	-95481.685595	0.000000	-122.766379
541.000000	32798.502681	-95543.068784	0.000000	-122.698594
541.500000	32798.502681	-95604.418081	0.000000	-122.630915
542.000000	32798.502681	-95665.733539	0.000000	-122.563342
542.500000	32798.502681	-95727.015209	0.000000	-122.495875
543.000000	32798.502681	-95788.263147	0.000000	-122.428513
543.500000	32798.502681	-95849.477403	0.000000	-122.361256
544.000000	32798.502681	-95910.658032	0.000000	-122.294105
544.500000	32798.502681	-95971.805084	0.000000	-122.227057
545.000000	32798.502681	-96032.918612	0.000000	-122.160114
545.500000	32798.502681	-96093.998670	0.000000	-122.093276
546.000000	32798.502681	-96155.045308	0.000000	-122.026541
546.500000	32798.502681	-96216.058578	0.000000	-121.959909
547.000000	32798.502681	-96277.038532	0.000000	-121.893381
547.500000	32798.502681	-96337.985223	0.000000	-121.826955
548.000000	32798.502681	-96398.898700	0.000000	-121.760633
548.500000	32798.502681	-96459.779016	0.000000	-121.694412
549.000000	32798.502681	-96520.626223	0.000000	-121.628294
549.500000	32798.502681	-96581.440370	0.000000	-121.562278
550.000000	32798.502681	-96642.221509	0.000000	-121.496364
550.500000	32798.502681	-96702.969691	0.000000	-121.430551
551.000000	32798.502681	-96763.684966	0.000000	-121.364839
551.500000	32798.502681	-96824.367385	0.000000	-121.299228
552.000000	32798.502681	-96885.016999	0.000000	-121.233717
552.500000	32798.502681	-96945.633858	0.000000	-121.168307
553.000000	32798.502681	-97006.218012	0.000000	-121.102997
553.500000	32798.502681	-97066.769510	0.000000	-121.037787
554.000000	32798.502681	-97127.288404	0.000000	-120.972677
554.500000	32798.502681	-97187.774742	0.000000	-120.907666
555.000000	32798.502681	-97248.228575	0.000000	-120.842754
555.500000	32798.502681	-97308.649952	0.000000	-120.777940
556.000000	32798.502681	-97369.038922	0.000000	-120.713226
556.500000	32798.502681	-97429.395535	0.000000	-120.648610
557.000000	32798.502681	-97489.719840	0.000000	-120.584092
557.500000	32798.502681	-97550.011886	0.000000	-120.519671
558.000000	32798.502681	-97610.271721	0.000000	-120.455349
558.500000	32798.502681	-97670.499396	0.000000	-120.391123
559.000000	32798.502681	-97730.694957	0.000000	-120.326995
559.500000	32798.502681	-97790.858455	0.000000	-120.262964
560.000000	32798.502681	-97850.989937	0.000000	-120.199029
560.500000	32798.502681	-97911.089451	0.000000	-120.135191
561.000000	32798.502681	-97971.157047	0.000000	-120.071449
561.500000	32798.502681	-98031.192771	0.000000	-120.007802
562.000000	32798.502681	-98091.196672	0.000000	-119.944252
562.500000	32798.502681	-98151.168798	0.000000	-119.880797
563.000000	32798.502681	-98211.109197	0.000000	-119.817437
563.500000	32798.502681	-98271.017915	0.000000	-119.754172
564.000000	32798.502681	-98330.895001	0.000000	-119.691002
564.500000	32798.502681	-98390.740502	0.000000	-119.627926
565.000000	32798.502681	-98450.554464	0.000000	-119.564944
565.500000	32798.502681	-98510.336937	0.000000	-119.502057
566.000000	32798.502681	-98570.087965	0.000000	-119.439263
566.500000	32798.502681	-98629.807596	0.000000	-119.376563
567.000000	32798.502681	-98689.495878	0.000000	-119.313956
567.500000	32798.502681	-98749.152856	0.000000	-119.251442
568.000000	32798.502681	-98808.778577	0.000000	-119.189021
568.500000	32798.502681	-98868.373087	0.000000	-119.126693
569.000000	32798.502681	-98927.936433	0.000000	-119.064457
569.500000	32798.502681	-98987.468662	0.000000	-119.002313
570.000000	32798.502681	-99046.969818	0.000000	-118.940261
570.500000	32798.502681	-99106.439949	0.000000	-118.878301
571.000000	32798.502681	-99165.879100	0.000000	-118.816433
571.500000	32798.502681	-99225.287316	0.000000	-118.754655
572.000000	32798.502681	-99284.664644	0.000000	-118.692969
572.500000	32798.502681	-99344.011128	0.000000	-118.631374
573.000000	32798.502681	-99403.326815	0.000000	-118.569869
573.500000	32798.502681	-99462.611749	0.000000	-118.508454
574.000000	32798.502681	-99521.865977	0.000000	-118.447130
574.500000	32798.502681	-99581.089542	0.000000	-118.385896
575.000000	32798.502681	-99640.282489	0.000000	-118.324751
575.500000	32798.502681	-99699.444865	0.000000	-118.263696
576.000000	32798.502681	-99758.576713	0.000000	-118.202730
576.500000	32798.502681	-99817.678078	0.000000	-118.141853
577.000000	32798.502681	-99876.749005	0.000000	-118.081065
577.500000	32798.502681	-99935.789537	0.000000	-118.020366
578.000000	32798.502681	-99994.799720	0.000000	-117.959755
578.500000	32798.502681	-100053.779598	0.000000	-117.899233
579.000000	32798.502681	-100112.729214	0.000000	-117.838798
579.500000	32798.502681	-100171.648613	0.000000	-117.778451
580.000000	32798.502681	-100230.537839	0.000000	-117.718192
580.500000	32798.502681	-100289.396935	0.000000	-117.658020
581.000000	32798.502681	-100348.225945	0.000000	-117.597935
581.500000	32798.502681	-100407.024913	0.000000	-117.537937
582.000000	32798.502681	-100465.793881	0.000000	-117.478026
582.500000	32798.502681	-100524.532894	0.000000	-117.418202
583.000000	32798.502681	-100583.241995	0.000000	-117.358464
583.500000	32798.502681	-100641.921227	0.000000	-117.298811
584.000000	32798.502681	-100700.570633	0.000000	-117.239245
584.500000	32798.502681	-100759.190255	0.000000	-117.179765
585.000000	32798.502681	-100817.780138	0.000000	-117.120370
585.500000	32798.502681	-100876.340323	0.000000	-117.061060
586.000000	32798.502681	-100934.870853	0.000000	-117.001835
586.500000	32798.502681	-100993.371770	0.000000	-116.942696
587.000000	32798.502681	-101051.843118	0.000000	-116.883641
587.500000	32798.502681	-101110.284938	0.000000	-116.824670
588.000000	32798.502681	-101168.697273	0.000000	-116.765784
588.500000	32798.502681	-101227.080165	0.000000	-116.706981
589.000000	32798.502681	-101285.433656	0.000000	-116.648263
589.500000	32798.502681	-101343.757787	0.000000	-116.589629
590.000000	32798.502681	-101402.052602	0.000000	-116.531077
590.500000	32798.502681	-101460.318140	0.000000	-116.472610
591.000000	32798.502681	-101518.554445	0.000000	-116.414225
591.500000	32798.502681	-101576.761558	0.000000	-116.355923
592.000000	32798.502681	-101634.939519	0.000000	-116.297704
592.500000	32798.502681	-101693.088371	0.000000	-116.239567
593.000000	32798.502681	-101751.208154	0.000000	-116.181513
593.500000	32798.502681	-101809.298911	0.000000	-116.123541
594.000000	32798.502681	-101867.360681	0.000000	-116.065650
594.500000	32798.502681	-101925.393506	0.000000	-116.007842
595.000000	32798.502681	-101983.397427	0.000000	-115.950115
595.500000	32798.502681	-102041.372485	0.000000	-115.892469
596.000000	32798.502681	-102099.318719	0.000000	-115.834905
596.500000	32798.502681	-102157.236172	0.000000	-115.777421
597.000000	32798.502681	-102215.124882	0.000000	-115.720018
597.500000	32798.502681	-102272.984891	0.000000	-115.662696
598.000000	32798.502681	-102330.816240	0.000000	-115.605455
598.500000	32798.502681	-102388.618967	0.000000	-115.548293
599.000000	32798.502681	-102446.393114	0.000000	-115.491212
599.500000	32798.502681	-102504.138719	0.000000	-115.434210
600.000000	32798.502681	-102561.855824	0.000000	-115.377288
600.500000	32798.502681	-102619.544469	0.000000	-115.320446
601.000000	32798.502681	-102677.204692	0.000000	-115.263683
601.500000	32798.502681	-102734.836533	0.000000	-115.206999
602.000000	32798.502681	-102792.440032	0.000000	-115.150394
602.500000	32798.502681	-102850.015229	0.000000	-115.093867
603.000000	32798.502681	-102907.562163	0.000000	-115.037419
603.500000	32798.502681	-102965.080872	0.000000	-114.981050
604.000000	32798.502681	-103022.571397	0.000000	-114.924759
604.500000	32798.502681	-103080.033777	0.000000	-114.868546
605.000000	32798.502681	-103137.468050	0.000000	-114.812410
605.500000	32798.502681	-103194.874255	0.000000	-114.756353
606.000000	32798.502681	-103252.252431	0.000000	-114.700373
606.500000	32798.502681	-103309.602618	0.000000	-114.644470
607.000000	32798.502681	-103366.924853	0.000000	-114.588644
607.500000	32798.502681	-103424.219175	0.000000	-114.532895
608.000000	32798.502681	-103481.485622	0.000000	-114.477223
608.500000	32798.502681	-103538.724234	0.000000	-114.421628
609.000000	32798.502681	-103595.935048	0.000000	-114.366109
609.500000	32798.502681	-103653.118103	0.000000	-114.310666
610.000000	32798.502681	-103710.273436	0.000000	-114.255300
610.500000	32798.502681	-103767.401086	0.000000	-114.200009
611.000000	32798.502681	-103824.501090	0.000000	-114.144794
611.500000	32798.502681	-103881.573488	0.000000	-114.089655
612.000000	32798.502681	-103938.618315	0.000000	-114.034591
612.500000	32798.502681	-103995.635610	0.000000	-113.979602
613.000000	32798.502681	-104052.625412	0.000000	-113.924689
613.500000	32798.502681	-104109.587756	0.000000	-113.869850
614.000000	32798.502681	-104166.522681	0.000000	-113.815086
614.500000	32798.502681	-104223.430224	0.000000	-113.760396
615.000000	32798.502681	-104280.310422	0.000000	-113.705781
615.500000	32798.502681	-104337.163312	0.000000	-113.651240
616.000000	32798.502681	-104393.988932	0.000000	-113.596773
616.500000	32798.502681	-104450.787319	0.000000	-113.542380
617.000000	32798.502681	-104507.558509	0.000000	-113.488061
617.500000	32798.502681	-104564.302539	0.000000	-113.433815
618.000000	32798.502681	-104621.019447	0.000000	-113.379643
618.500000	32798.502681	-104677.709268	0.000000	-113.325543
619.000000	32798.502681	-104734.372040	0.000000	-113.271517
619.500000	32798.502681	-104791.007798	0.000000	-113.217564
620.000000	32798.502681	-104847.616581	0.000000	-113.163684
620.500000	32798.502681	-104904.198422	0.000000	-113.109876
621.000000	32798.502681	-104960.753360	0.000000	-113.056140
621.500000	32798.502681	-105017.281430	0.000000	-113.002477
622.000000	32798.502681	-105073.782669	0.000000	-112.948886
622.500000	32798.502681	-105130.257111	0.000000	-112.895366
623.000000	32798.502681	-105186.704795	0.000000	-112.841919
623.500000	32798.502681	-105243.125754	0.000000	-112.788543
624.000000	32798.502681	-105299.520025	0.000000	-112.735238
624.500000	32798.502681	-105355.887645	0.000000	-112.682005
625.000000	32798.502681	-105412.228647	0.000000	-112.628843
625.500000	32798.502681	-105468.543069	0.000000	-112.575752
626.000000	32798.502681	-105524.830945	0.000000	-112.522732
626.500000	32798.502681	-105581.092310	0.000000	-112.469782
627.000000	32798.502681	-105637.327201	0.000000	-112.416903
627.500000	32798.502681	-105693.535653	0.000000	-112.364094
628.000000	32798.502681	-105749.717700	0.000000	-112.311355
628.500000	32798.502681	-105805.873377	0.000000	-112.258687
629.000000	32798.502681	-105862.002721	0.000000	-112.206088
629.500000	32798.502681	-105918.105765	0.000000	-112.153559
630.000000	32798.502681	-105974.182544	0.000000	-112.101099
630.500000	32798.502681	-106030.233094	0.000000	-112.048709
631.000000	32798.502681	-106086.257448	0.000000	-111.996389
631.500000	32798.502681	-106142.255643	0.000000	-111.944137
632.000000	32798.502681	-106198.227711	0.000000	-111.891954
632.500000	32798.502681	-106254.173688	0.000000	-111.839840
633.000000	32798.502681	-106310.093609	0.000000	-111.787795
633.500000	32798.502681	-106365.987506	0.000000	-111.735819
634.000000	32798.502681	-106421.855416	0.000000	-111.683910
634.500000	32798.502681	-106477.697371	0.000000	-111.632070
635.000000	32798.502681	-106533.513406	0.000000	-111.580298
635.500000	32798.502681	-106589.303555	0.000000	-111.528594
636.000000	32798.502681	-106645.067852	0.000000	-111.476958
636.500000	32798.502681	-106700.806330	0.000000	-111.425389
637.000000	32798.502681	-106756.519025	0.000000	-111.373888
637.500000	32798.502681	-106812.205969	0.000000	-111.322454
638.000000	32798.502681	-106867.867195	0.000000	-111.271087
638.500000	32798.502681	-106923.502739	0.000000	-111.219787
639.000000	32798.502681	-106979.112632	0.000000	-111.168554
639.500000	32798.502681	-107034.696910	0.000000	-111.117388
640.000000	32798.502681	-107090.255604	0.000000	-111.066289
640.500000	32798.502681	-107145.788748	0.000000	-111.015256
641.000000	32798.502681	-107201.296376	0.000000	-110.964289
641.500000	32798.502681	-107256.778520	0.000000	-110.913389
642.000000	32798.502681	-107312.235215	0.000000	-110.862554
642.500000	32798.502681	-107367.666492	0.000000	-110.811785
643.000000	32798.502681	-107423.072384	0.000000	-110.761083
643.500000	32798.502681	-107478.452926	0.000000	-110.710445
644.000000	32798.502681	-107533.808148	0.000000	-110.659874
644.500000	32798.502681	-107589.138085	0.000000	-110.609367
645.000000	32798.502681	-107644.442769	0.000000	-110.558926
645.500000	32798.502681	-107699.722232	0.000000	-110.508550
646.000000	32798.502681	-107754.976506	0.000000	-110.458238
646.500000	32798.502681	-107810.205626	0.000000	-110.407992
647.000000	32798.502681	-107865.409621	0.000000	-110.357810
647.500000	32798.502681	-107920.588526	0.000000	-110.307693
648.000000	32798.502681	-107975.742373	0.000000	-110.257640
648.500000	32798.502681	-108030.871192	0.000000	-110.207651
649.000000	32798.502681	-108085.975018	0.000000	-110.157726
649.500000	32798.502681	-108141.053881	0.000000	-110.107865
