0.000000	0.000000	0.000000	494.974747	494.974747
0.500000	247.487373	247.487373	488.045100	483.140100
1.000000	491.509924	489.057424	481.431394	471.687864
1.500000	732.225621	724.901355	475.112323	460.591682
2.000000	969.781782	955.197196	469.068469	449.827544
2.500000	1204.316017	1180.110968	463.282093	439.373521
3.000000	1435.957063	1399.797729	457.736953	429.209549
3.500000	1664.825539	1614.402504	452.418148	419.317227
4.000000	1891.034613	1824.061117	447.311984	409.679653
4.500000	2114.690606	2028.900943	442.405846	400.281268
5.000000	2335.893529	2229.041577	437.688097	391.107729
5.500000	2554.737577	2424.595442	433.147981	382.145788
6.000000	2771.311568	2615.668336	428.775541	373.383193
6.500000	2985.699338	2802.359932	424.561544	364.808591
7.000000	3197.980110	2984.764228	420.497417	356.411451
7.500000	3408.228819	3162.969953	416.575185	348.181987
8.000000	3616.516412	3337.060947	412.787423	340.111099
8.500000	3822.910123	3507.116496	409.127202	332.190305
9.000000	4027.473724	3673.211649	405.588055	324.411699
9.500000	4230.267751	3835.417499	402.163932	316.767897
10.000000	4431.349718	3993.801447	398.849171	309.251997
10.500000	4630.774303	4148.427445	395.638462	301.857539
11.000000	4828.593534	4299.356215	392.526823	294.578473
11.500000	5024.856946	4446.645451	389.509572	287.409125
12.000000	5219.611731	4590.350014	386.582305	280.344170
12.500000	5412.902884	4730.522099	383.740877	273.378605
13.000000	5604.773322	4867.211402	380.981378	266.507727
13.500000	5795.264011	5000.465265	378.300120	259.727108
14.000000	5984.414071	5130.328819	375.693619	253.032579
14.500000	6172.260880	5256.845108	373.158581	246.420211
15.000000	6358.840171	5380.055214	370.691888	239.886298
15.500000	6544.186115	5499.998363	368.290588	233.427341
16.000000	6728.331408	5616.712033	365.951879	227.040038
16.500000	6911.307348	5730.232052	363.673105	220.721264
17.000000	7093.143901	5840.592684	361.451741	214.468069
17.500000	7273.869771	5947.826719	359.285386	208.277659
18.000000	7453.512464	6051.965548	357.171757	202.147389
18.500000	7632.098343	6153.039242	355.108679	196.074755
19.000000	7809.652682	6251.076620	353.094078	190.057384
19.500000	7986.199722	6346.105312	351.125976	184.093028
20.000000	8161.762710	6438.151826	349.202485	178.179554
20.500000	8336.363952	6527.241603	347.321799	172.314940
21.000000	8510.024852	6613.399073	345.482193	166.497266
21.500000	8682.765948	6696.647706	343.682014	160.724711
22.000000	8854.606956	6777.010062	341.919681	154.995546
22.500000	9025.566796	6854.507835	340.193675	149.308131
23.000000	9195.663633	6929.161900	338.502541	143.660906
23.500000	9364.914904	7000.992353	336.844882	138.052394
24.000000	9533.337345	7070.018550	335.219355	132.481188
24.500000	9700.947022	7136.259144	333.624668	126.945956
25.000000	9867.759356	7199.732122	332.059577	121.445431
25.500000	10033.789145	7260.454838	330.522887	115.978411
26.000000	10199.050588	7318.444043	329.013442	110.543756
26.500000	10363.557309	7373.715921	327.530130	105.140385
27.000000	10527.322374	7426.286114	326.071877	99.767271
27.500000	10690.358313	7476.169750	324.637644	94.423443
28.000000	10852.677135	7523.381471	323.226428	89.107980
28.500000	11014.290349	7567.935461	321.837259	83.820010
29.000000	11175.208979	7609.845466	320.469197	78.558709
29.500000	11335.443577	7649.124821	319.121331	73.323298
30.000000	11495.004243	7685.786470	317.792780	68.113041
30.500000	11653.900633	7719.842990	316.482688	62.927247
31.000000	11812.141976	7751.306614	315.190223	57.765262
31.500000	11969.737088	7780.189245	313.914579	52.626474
32.000000	12126.694377	7806.502482	312.654972	47.510306
32.500000	12283.021864	7830.257635	311.410640	42.416220
33.000000	12438.727184	7851.465745	310.180841	37.343713
33.500000	12593.817604	7870.137602	308.964853	32.292316
34.000000	12748.300031	7886.283760	307.761972	27.261594
34.500000	12902.181017	7899.914557	306.571513	22.251143
35.000000	13055.466773	7911.040128	305.392808	17.260592
35.500000	13208.163177	7919.670424	304.225206	12.289600
36.000000	13360.275780	7925.815224	303.068071	7.337856
36.500000	13511.809816	7929.484152	301.920783	2.405078
37.000000	13662.770208	7930.686691	300.782735	-2.508988
37.500000	13813.161575	7929.432197	299.653335	-7.404567
38.000000	13962.988242	7925.729913	298.532006	-12.281858
38.500000	14112.254245	7919.588984	297.418182	-17.141035
39.000000	14260.963336	7911.018467	296.311311	-21.982243
39.500000	14409.118992	7900.027345	295.210853	-26.805604
40.000000	14556.724418	7886.624544	294.116279	-31.611215
40.500000	14703.782558	7870.818936	293.027074	-36.399149
41.000000	14850.296095	7852.619362	291.942732	-41.169454
41.500000	14996.267461	7832.034635	290.862758	-45.922157
42.000000	15141.698840	7809.073556	289.786670	-50.657262
42.500000	15286.592175	7783.744925	288.713993	-55.374748
43.000000	15430.949171	7756.057551	287.644266	-60.074577
43.500000	15574.771305	7726.020263	286.577036	-64.756686
44.000000	15718.059823	7693.641920	285.511860	-69.420992
44.500000	15860.815752	7658.931424	284.448305	-74.067393
45.000000	16003.039905	7621.897727	283.385947	-78.695766
45.500000	16144.732878	7582.549844	282.324372	-83.305969
46.000000	16285.895064	7540.896860	281.263175	-87.897839
46.500000	16426.526652	7496.947940	280.201961	-92.471198
47.000000	16566.627632	7450.712341	279.140343	-97.025847
47.500000	16706.197804	7402.199417	278.077943	-101.561569
48.000000	16845.236775	7351.418632	277.014391	-106.078132
48.500000	16983.743971	7298.379567	275.949328	-110.575283
49.000000	17121.718634	7243.091925	274.882401	-115.052757
49.500000	17259.159835	7185.565547	273.813269	-119.510268
50.000000	17396.066470	7125.810413	272.741595	-123.947519
50.500000	17532.437267	7063.836653	271.667054	-128.364193
51.000000	17668.270794	6999.654557	270.589328	-132.759962
51.500000	17803.565459	6933.274576	269.508108	-137.134480
52.000000	17938.319513	6864.707336	268.423092	-141.487388
52.500000	18072.531059	6793.963641	267.333987	-145.818315
53.000000	18206.198052	6721.054484	266.240509	-150.126873
53.500000	18339.318307	6645.991047	265.142381	-154.412664
54.000000	18471.889498	6568.784715	264.039335	-158.675276
54.500000	18603.909165	6489.447077	262.931110	-162.914285
55.000000	18735.374720	6407.989935	261.817454	-167.129254
55.500000	18866.283447	6324.425307	260.698123	-171.319738
56.000000	18996.632509	6238.765439	259.572882	-175.485277
56.500000	19126.418950	6151.022800	258.441502	-179.625403
57.000000	19255.639701	6061.210099	257.303764	-183.739637
57.500000	19384.291583	5969.340280	256.159456	-187.827491
58.000000	19512.371311	5875.426534	255.008374	-191.888467
58.500000	19639.875498	5779.482301	253.850325	-195.922059
59.000000	19766.800660	5681.521271	252.685119	-199.927752
59.500000	19893.143220	5581.557395	251.512579	-203.905023
60.000000	20018.899509	5479.604884	250.332534	-207.853343
60.500000	20144.065776	5375.678212	249.144821	-211.772174
61.000000	20268.638187	5269.792125	247.949287	-215.660974
61.500000	20392.612830	5161.961638	246.745785	-219.519194
62.000000	20515.985723	5052.202041	245.534178	-223.346280
62.500000	20638.752812	4940.528901	244.314338	-227.141671
63.000000	20760.909981	4826.958066	243.086143	-230.904805
63.500000	20882.453053	4711.505663	241.849482	-234.635115
64.000000	21003.377794	4594.188106	240.604252	-238.332029
64.500000	21123.679920	4475.022091	239.350357	-241.994976
65.000000	21243.355099	4354.024603	238.087712	-245.623380
65.500000	21362.398955	4231.212913	236.816239	-249.216664
66.000000	21480.807074	4106.604581	235.535870	-252.774251
66.500000	21598.575010	3980.217455	234.246546	-256.295564
67.000000	21715.698282	3852.069673	232.948215	-259.780024
67.500000	21832.172390	3722.179661	231.640836	-263.227056
68.000000	21947.992808	3590.566133	230.324375	-266.636085
68.500000	22063.154995	3457.248090	228.998811	-270.006539
69.000000	22177.654401	3322.244821	227.664127	-273.337848
69.500000	22291.486464	3185.575896	226.320319	-276.629447
70.000000	22404.646623	3047.261173	224.967390	-279.880773
70.500000	22517.130318	2907.320787	223.605353	-283.091270
71.000000	22628.932995	2765.775152	222.234232	-286.260388
71.500000	22740.050111	2622.644958	220.854057	-289.387582
72.000000	22850.477139	2477.951166	219.464870	-292.472314
72.500000	22960.209574	2331.715009	218.066721	-295.514056
73.000000	23069.242934	2183.957981	216.659670	-298.512285
73.500000	23177.572769	2034.701839	215.243786	-301.466489
74.000000	23285.194663	1883.968595	213.819148	-304.376167
74.500000	23392.104237	1731.780511	212.385844	-307.240828
75.000000	23498.297159	1578.160097	210.943971	-310.059991
75.500000	23603.769144	1423.130102	209.493635	-312.833187
76.000000	23708.515962	1266.713508	208.034953	-315.559963
76.500000	23812.533438	1108.933526	206.568050	-318.239876
77.000000	23915.817464	949.813588	205.093060	-320.872499
77.500000	24018.363994	789.377339	203.610127	-323.457418
78.000000	24120.169057	627.648630	202.119403	-325.994236
78.500000	24221.228759	464.651512	200.621050	-328.482573
79.000000	24321.539284	300.410225	199.115238	-330.922064
79.500000	24421.096903	134.949193	197.602146	-333.312363
80.000000	24519.897976	-31.706988	196.081963	-335.653139
80.500000	24617.938957	-199.533558	194.554884	-337.944085
81.000000	24715.216399	-368.505600	193.021114	-340.184909
81.500000	24811.726956	-538.598055	191.480865	-342.375340
82.000000	24907.467389	-709.785725	189.934360	-344.515127
82.500000	25002.434569	-882.043288	188.381826	-346.604042
83.000000	25096.625482	-1055.345309	186.823501	-348.641875
83.500000	25190.037232	-1229.666247	185.259627	-350.628442
84.000000	25282.667045	-1404.980468	183.690456	-352.563578
84.500000	25374.512273	-1581.262256	182.116246	-354.447141
85.000000	25465.570396	-1758.485827	180.537262	-356.279014
85.500000	25555.839027	-1936.625334	178.953775	-358.059101
86.000000	25645.315914	-2115.654884	177.366063	-359.787333
86.500000	25733.998946	-2295.548551	175.774410	-361.463662
87.000000	25821.886151	-2476.280382	174.179105	-363.088066
87.500000	25908.975703	-2657.824415	172.580442	-364.660546
88.000000	25995.265924	-2840.154688	170.978722	-366.181130
88.500000	26080.755285	-3023.245253	169.374249	-367.649868
89.000000	26165.442409	-3207.070187	167.767332	-369.066836
89.500000	26249.326076	-3391.603605	166.158285	-370.432137
90.000000	26332.405218	-3576.819673	164.547425	-371.745896
90.500000	26414.678931	-3762.692622	162.935072	-373.008264
91.000000	26496.146467	-3949.196754	161.321550	-374.219418
91.500000	26576.807242	-4136.306463	159.707185	-375.379557
92.000000	26656.660834	-4323.996241	158.092306	-376.488908
92.500000	26735.706987	-4512.240696	156.477245	-377.547721
93.000000	26813.945609	-4701.014556	154.862333	-378.556268
93.500000	26891.376776	-4890.292690	153.247906	-379.514849
94.000000	26968.000729	-5080.050114	151.634297	-380.423785
94.500000	27043.817877	-5270.262007	150.021843	-381.283421
95.000000	27118.828799	-5460.903717	148.410879	-382.094125
95.500000	27193.034238	-5651.950780	146.801741	-382.856288
96.000000	27266.435109	-5843.378923	145.194764	-383.570322
96.500000	27339.032491	-6035.164084	143.590283	-384.236661
97.000000	27410.827633	-6227.282415	141.988631	-384.855762
97.500000	27481.821948	-6419.710296	140.390139	-385.428100
98.000000	27552.017018	-6612.424346	138.795138	-385.954171
98.500000	27621.414587	-6805.401431	137.203954	-386.434491
99.000000	27690.016564	-6998.618677	135.616912	-386.869594
99.500000	27757.825020	-7192.053474	134.034335	-387.260032
100.000000	27824.842188	-7385.683490	132.456542	-387.606376
100.500000	27891.070459	-7579.486678	130.883846	-387.909212
101.000000	27956.512382	-7773.441284	129.316561	-388.169143
101.500000	28021.170662	-7967.525855	127.754992	-388.386787
102.000000	28085.048159	-8161.719249	126.199444	-388.562778
102.500000	28148.147880	-8356.000638	124.650213	-388.697761
103.000000	28210.472987	-8550.349518	123.107593	-388.792397
103.500000	28272.026783	-8744.745716	121.571871	-388.847356
104.000000	28332.812719	-8939.169395	120.043331	-388.863324
104.500000	28392.834385	-9133.601057	118.522249	-388.840994
105.000000	28452.095509	-9328.021554	117.008895	-388.781070
105.500000	28510.599957	-9522.412089	115.503535	-388.684266
106.000000	28568.351724	-9716.754222	114.006426	-388.551302
106.500000	28625.354937	-9911.029873	112.517821	-388.382908
107.000000	28681.613848	-10105.221327	111.037964	-388.179819
107.500000	28737.132830	-10299.311236	109.567095	-387.942776
108.000000	28791.916377	-10493.282625	108.105443	-387.672527
108.500000	28845.969099	-10687.118888	106.653235	-387.369822
109.000000	28899.295716	-10880.803799	105.210686	-387.035415
109.500000	28951.901059	-11074.321506	103.778008	-386.670062
110.000000	29003.790063	-11267.656538	102.355401	-386.274524
110.500000	29054.967764	-11460.793800	100.943062	-385.849560
111.000000	29105.439295	-11653.718580	99.541178	-385.395931
111.500000	29155.209884	-11846.416546	98.149929	-384.914398
112.000000	29204.284849	-12038.873745	96.769486	-384.405719
112.500000	29252.669592	-12231.076604	95.400015	-383.870653
113.000000	29300.369599	-12423.011931	94.041673	-383.309955
113.500000	29347.390436	-12614.666908	92.694609	-382.724379
114.000000	29393.737741	-12806.029097	91.358965	-382.114673
114.500000	29439.417224	-12997.086434	90.034875	-381.481582
115.000000	29484.434661	-13187.827225	88.722466	-380.825848
115.500000	29528.795894	-13378.240149	87.421856	-380.148204
116.000000	29572.506822	-13568.314251	86.133157	-379.449381
116.500000	29615.573401	-13758.038942	84.856473	-378.730102
117.000000	29658.001638	-13947.403993	83.591901	-377.991082
117.500000	29699.797588	-14136.399534	82.339529	-377.233031
118.000000	29740.967353	-14325.016049	81.099441	-376.456650
118.500000	29781.517073	-14513.244374	79.871711	-375.662632
119.000000	29821.452929	-14701.075690	78.656407	-374.851661
119.500000	29860.781132	-14888.501521	77.453590	-374.024414
120.000000	29899.507927	-15075.513728	76.263314	-373.181557
120.500000	29937.639584	-15262.104506	75.085627	-372.323746
121.000000	29975.182398	-15448.266380	73.920570	-371.451630
121.500000	30012.142683	-15633.992194	72.768177	-370.565843
122.000000	30048.526771	-15819.275116	71.628477	-369.667014
122.500000	30084.341010	-16004.108623	70.501491	-368.755759
123.000000	30119.591755	-16188.486503	69.387235	-367.832681
123.500000	30154.285373	-16372.402843	68.285720	-366.898375
124.000000	30188.428233	-16555.852030	67.196949	-365.953424
124.500000	30222.026707	-16738.828742	66.120922	-364.998399
125.000000	30255.087168	-16921.327941	65.057632	-364.033860
125.500000	30287.615984	-17103.344871	64.007066	-363.060356
126.000000	30319.619517	-17284.875049	62.969207	-362.078423
126.500000	30351.104121	-17465.914261	61.944034	-361.088585
127.000000	30382.076138	-17646.458553	60.931518	-360.091357
127.500000	30412.541897	-17826.504232	59.931629	-359.087240
128.000000	30442.507711	-18006.047852	58.944329	-358.076722
128.500000	30471.979876	-18185.086213	57.969579	-357.060281
129.000000	30500.964666	-18363.616353	57.007333	-356.038383
129.500000	30529.468332	-18541.635544	56.057543	-355.011481
130.000000	30557.497104	-18719.141285	55.120155	-353.980018
130.500000	30585.057181	-18896.131294	54.195112	-352.944424
131.000000	30612.154737	-19072.603506	53.282356	-351.905116
131.500000	30638.795915	-19248.556064	52.381821	-350.862503
132.000000	30664.986826	-19423.987316	51.493441	-349.816979
132.500000	30690.733546	-19598.895805	50.617145	-348.768928
133.000000	30716.042118	-19773.280269	49.752861	-347.718722
133.500000	30740.918549	-19947.139630	48.900512	-346.666723
134.000000	30765.368805	-20120.472992	48.060019	-345.613282
134.500000	30789.398814	-20293.279633	47.231301	-344.558736
135.000000	30813.014465	-20465.559000	46.414274	-343.503414
135.500000	30836.221602	-20637.310708	45.608852	-342.447635
136.000000	30859.026028	-20808.534525	44.814946	-341.391705
136.500000	30881.433501	-20979.230378	44.032466	-340.335920
137.000000	30903.449734	-21149.398338	43.261319	-339.280567
137.500000	30925.080393	-21319.038621	42.501411	-338.225923
138.000000	30946.331099	-21488.151583	41.752646	-337.172254
138.500000	30967.207422	-21656.737710	41.014925	-336.119816
139.000000	30987.714884	-21824.797618	40.288151	-335.068858
139.500000	31007.858960	-21992.332047	39.572222	-334.019615
140.000000	31027.645071	-22159.341854	38.867037	-332.972318
140.500000	31047.078590	-22325.828014	38.172493	-331.927186
141.000000	31066.164837	-22491.791607	37.488486	-330.884429
141.500000	31084.909079	-22657.233821	36.814910	-329.844251
142.000000	31103.316534	-22822.155946	36.151660	-328.806843
142.500000	31121.392364	-22986.559368	35.498629	-327.772393
143.000000	31139.141679	-23150.445565	34.855710	-326.741077
143.500000	31156.569534	-23313.816103	34.222795	-325.713065
144.000000	31173.680931	-23476.672636	33.599775	-324.688519
144.500000	31190.480819	-23639.016895	32.986542	-323.667593
145.000000	31206.974090	-23800.850692	32.382986	-322.650435
145.500000	31223.165583	-23962.175910	31.788998	-321.637184
146.000000	31239.060082	-24122.994501	31.204467	-320.627973
146.500000	31254.662316	-24283.308488	30.629284	-319.622929
147.000000	31269.976958	-24443.119952	30.063339	-318.622171
147.500000	31285.008627	-24602.431038	29.506521	-317.625813
148.000000	31299.761887	-24761.243944	28.958720	-316.633961
148.500000	31314.241247	-24919.560925	28.419827	-315.646718
149.000000	31328.451161	-25077.384284	27.889732	-314.664178
149.500000	31342.396027	-25234.716373	27.368324	-313.686431
150.000000	31356.080189	-25391.559588	26.855495	-312.713560
150.500000	31369.507937	-25547.916369	26.351136	-311.745646
151.000000	31382.683505	-25703.789192	25.855137	-310.782761
151.500000	31395.611073	-25859.180572	25.367391	-309.824974
152.000000	31408.294769	-26014.093059	24.887789	-308.872348
152.500000	31420.738663	-26168.529233	24.416224	-307.924943
153.000000	31432.946775	-26322.491704	23.952589	-306.982814
153.500000	31444.923070	-26475.983111	23.496777	-306.046010
154.000000	31456.671458	-26629.006116	23.048683	-305.114578
154.500000	31468.195800	-26781.563405	22.608202	-304.188559
155.000000	31479.499901	-26933.657685	22.175228	-303.267991
155.500000	31490.587515	-27085.291680	21.749659	-302.352908
156.000000	31501.462344	-27236.468134	21.331390	-301.443342
156.500000	31512.128039	-27387.189805	20.920319	-300.539317
157.000000	31522.588198	-27537.459464	20.516344	-299.640860
157.500000	31532.846370	-27687.279893	20.119365	-298.747988
158.000000	31542.906053	-27836.653888	19.729282	-297.860720
158.500000	31552.770694	-27985.584248	19.345994	-296.979070
159.000000	31562.443691	-28134.073783	18.969403	-296.103049
159.500000	31571.928392	-28282.125307	18.599411	-295.232665
160.000000	31581.228098	-28429.741639	18.235922	-294.367923
160.500000	31590.346059	-28576.925601	17.878840	-293.508828
161.000000	31599.285479	-28723.680015	17.528069	-292.655379
161.500000	31608.049513	-28870.007705	17.183515	-291.807576
162.000000	31616.641271	-29015.911492	16.845085	-290.965413
162.500000	31625.063813	-29161.394199	16.512686	-290.128886
163.000000	31633.320156	-29306.458642	16.186228	-289.297985
163.500000	31641.413270	-29451.107634	15.865618	-288.472701
164.000000	31649.346079	-29595.343985	15.550768	-287.653021
164.500000	31657.121463	-29739.170495	15.241589	-286.838933
165.000000	31664.742258	-29882.589962	14.937994	-286.030420
165.500000	31672.211255	-30025.605171	14.639895	-285.227465
166.000000	31679.531203	-30168.218904	14.347206	-284.430049
166.500000	31686.704806	-30310.433928	14.059844	-283.638153
167.000000	31693.734728	-30452.253005	13.777723	-282.851755
167.500000	31700.623589	-30593.678883	13.500762	-282.070832
168.000000	31707.373970	-30734.714299	13.228877	-281.295360
168.500000	31713.988409	-30875.361979	12.961989	-280.525313
169.000000	31720.469403	-31015.624635	12.700016	-279.760666
169.500000	31726.819411	-31155.504968	12.442881	-279.001390
170.000000	31733.040852	-31295.005663	12.190504	-278.247457
170.500000	31739.136104	-31434.129391	11.942809	-277.498838
171.000000	31745.107508	-31572.878810	11.699720	-276.755503
171.500000	31750.957368	-31711.256562	11.461161	-276.017420
172.000000	31756.687949	-31849.265272	11.227058	-275.284558
172.500000	31762.301478	-31986.907551	10.997338	-274.556883
173.000000	31767.800147	-32124.185992	10.771929	-273.834364
173.500000	31773.186112	-32261.103174	10.550758	-273.116965
174.000000	31778.461491	-32397.661656	10.333756	-272.404652
174.500000	31783.628369	-32533.863982	10.120853	-271.697391
175.000000	31788.688796	-32669.712678	9.911981	-270.995146
175.500000	31793.644786	-32805.210251	9.707071	-270.297880
176.000000	31798.498322	-32940.359191	9.506057	-269.605558
176.500000	31803.251350	-33075.161970	9.308874	-268.918143
177.000000	31807.905787	-33209.621042	9.115455	-268.235598
177.500000	31812.463515	-33343.738841	8.925738	-267.557885
178.000000	31816.926384	-33477.517783	8.739658	-266.884967
178.500000	31821.296213	-33610.960267	8.557154	-266.216806
179.000000	31825.574790	-33744.068670	8.378165	-265.553364
179.500000	31829.763873	-33876.845352	8.202629	-264.894602
180.000000	31833.865187	-34009.292653	8.030488	-264.240483
180.500000	31837.880431	-34141.412895	7.861681	-263.590967
181.000000	31841.811272	-34273.208378	7.696152	-262.946016
181.500000	31845.659348	-34404.681386	7.533843	-262.305592
182.000000	31849.426270	-34535.834182	7.374699	-261.669655
182.500000	31853.113619	-34666.669010	7.218663	-261.038167
183.000000	31856.722950	-34797.188093	7.065680	-260.411089
183.500000	31860.255790	-34927.393637	6.915698	-259.788382
184.000000	31863.713640	-35057.287828	6.768663	-259.170007
184.500000	31867.097971	-35186.872832	6.624523	-258.555927
185.000000	31870.410233	-35316.150795	6.483226	-257.946102
185.500000	31873.651846	-35445.123846	6.344723	-257.340493
186.000000	31876.824207	-35573.794093	6.208962	-256.739062
186.500000	31879.928688	-35702.163624	6.075895	-256.141772
187.000000	31882.966635	-35830.234510	5.945473	-255.548583
187.500000	31885.939372	-35958.008802	5.817649	-254.959458
188.000000	31888.848197	-36085.488531	5.692377	-254.374359
188.500000	31891.694385	-36212.675710	5.569609	-253.793248
189.000000	31894.479189	-36339.572334	5.449300	-253.216087
189.500000	31897.203839	-36466.180378	5.331406	-252.642840
190.000000	31899.869542	-36592.501798	5.215883	-252.073469
190.500000	31902.477484	-36718.538532	5.102687	-251.507937
191.000000	31905.028828	-36844.292500	4.991776	-250.946207
191.500000	31907.524716	-36969.765604	4.883108	-250.388244
192.000000	31909.966270	-37094.959726	4.776641	-249.834010
192.500000	31912.354591	-37219.876731	4.672335	-249.283469
193.000000	31914.690758	-37344.518465	4.570150	-248.736587
193.500000	31916.975833	-37468.886759	4.470047	-248.193327
194.000000	31919.210857	-37592.983422	4.371987	-247.653655
194.500000	31921.396850	-37716.810250	4.275931	-247.117534
195.000000	31923.534816	-37840.369017	4.181843	-246.584931
195.500000	31925.625737	-37963.661483	4.089686	-246.055812
196.000000	31927.670580	-38086.689389	3.999423	-245.530141
196.500000	31929.670291	-38209.454459	3.911018	-245.007885
197.000000	31931.625801	-38331.958402	3.824438	-244.489011
197.500000	31933.538020	-38454.202907	3.739647	-243.973485
198.000000	31935.407843	-38576.189650	3.656612	-243.461274
198.500000	31937.236149	-38697.920287	3.575298	-242.952346
199.000000	31939.023798	-38819.396460	3.495674	-242.446668
199.500000	31940.771635	-38940.619794	3.417708	-241.944208
200.000000	31942.480489	-39061.591899	3.341367	-241.444935
200.500000	31944.151173	-39182.314366	3.266621	-240.948816
201.000000	31945.784483	-39302.788774	3.193438	-240.455821
201.500000	31947.381202	-39423.016685	3.121790	-239.965918
202.000000	31948.942097	-39542.999644	3.051646	-239.479078
202.500000	31950.467920	-39662.739183	2.982977	-238.995269
203.000000	31951.959409	-39782.236817	2.915755	-238.514463
203.500000	31953.417287	-39901.494048	2.849952	-238.036628
204.000000	31954.842262	-40020.512362	2.785540	-237.561737
204.500000	31956.235032	-40139.293231	2.722492	-237.089759
205.000000	31957.596278	-40257.838110	2.660781	-236.620666
205.500000	31958.926669	-40376.148443	2.600382	-236.154430
206.000000	31960.226860	-40494.225659	2.541269	-235.691023
206.500000	31961.497494	-40612.071170	2.483416	-235.230416
207.000000	31962.739202	-40729.686378	2.426798	-234.772583
207.500000	31963.952601	-40847.072670	2.371392	-234.317495
208.000000	31965.138297	-40964.231417	2.317173	-233.865127
208.500000	31966.296884	-41081.163981	2.264118	-233.415451
209.000000	31967.428943	-41197.871706	2.212204	-232.968441
209.500000	31968.535045	-41314.355926	2.161408	-232.524071
210.000000	31969.615749	-41430.617962	2.111708	-232.082315
210.500000	31970.671603	-41546.659119	2.063081	-231.643148
211.000000	31971.703143	-41662.480693	2.015507	-231.206545
211.500000	31972.710897	-41778.083965	1.968965	-230.772480
212.000000	31973.695379	-41893.470205	1.923433	-230.340930
212.500000	31974.657096	-42008.640670	1.878892	-229.911869
213.000000	31975.596542	-42123.596605	1.835321	-229.485275
213.500000	31976.514202	-42238.339242	1.792700	-229.061122
214.000000	31977.410552	-42352.869804	1.751012	-228.639388
214.500000	31978.286058	-42467.189498	1.710236	-228.220050
215.000000	31979.141176	-42581.299523	1.670354	-227.803084
215.500000	31979.976353	-42695.201065	1.631348	-227.388468
216.000000	31980.792028	-42808.895299	1.593201	-226.976179
216.500000	31981.588628	-42922.383389	1.555894	-226.566196
217.000000	31982.366575	-43035.666487	1.519410	-226.158496
217.500000	31983.126280	-43148.745735	1.483732	-225.753058
218.000000	31983.868146	-43261.622264	1.448845	-225.349861
218.500000	31984.592568	-43374.297194	1.414731	-224.948883
219.000000	31985.299934	-43486.771636	1.381375	-224.550103
219.500000	31985.990621	-43599.046687	1.348761	-224.153501
220.000000	31986.665002	-43711.123438	1.316873	-223.759057
220.500000	31987.323439	-43823.002967	1.285698	-223.366751
221.000000	31987.966287	-43934.686342	1.255219	-222.976562
221.500000	31988.593897	-44046.174623	1.225422	-222.588471
222.000000	31989.206608	-44157.468859	1.196293	-222.202459
222.500000	31989.804754	-44268.570089	1.167818	-221.818507
223.000000	31990.388663	-44379.479342	1.139984	-221.436594
223.500000	31990.958655	-44490.197639	1.112777	-221.056704
224.000000	31991.515044	-44600.725991	1.086183	-220.678817
224.500000	31992.058135	-44711.065400	1.060191	-220.302915
225.000000	31992.588231	-44821.216857	1.034786	-219.928981
225.500000	31993.105624	-44931.181348	1.009957	-219.556995
226.000000	31993.610603	-45040.959845	0.985692	-219.186942
226.500000	31994.103449	-45150.553316	0.961979	-218.818802
227.000000	31994.584438	-45259.962717	0.938805	-218.452560
227.500000	31995.053841	-45369.188997	0.916160	-218.088198
228.000000	31995.511921	-45478.233096	0.894032	-217.725699
228.500000	31995.958937	-45587.095946	0.872410	-217.365047
229.000000	31996.395142	-45695.778469	0.851283	-217.006225
229.500000	31996.820783	-45804.281582	0.830641	-216.649218
230.000000	31997.236104	-45912.606191	0.810473	-216.294009
230.500000	31997.641341	-46020.753195	0.790770	-215.940583
231.000000	31998.036725	-46128.723487	0.771520	-215.588923
231.500000	31998.422485	-46236.517948	0.752714	-215.239015
232.000000	31998.798842	-46344.137456	0.734343	-214.890844
232.500000	31999.166014	-46451.582878	0.716398	-214.544393
233.000000	31999.524213	-46558.855074	0.698868	-214.199649
233.500000	31999.873647	-46665.954899	0.681745	-213.856597
234.000000	32000.214519	-46772.883197	0.665020	-213.515222
234.500000	32000.547029	-46879.640808	0.648685	-213.175509
235.000000	32000.871372	-46986.228563	0.632731	-212.837446
235.500000	32001.187737	-47092.647286	0.617149	-212.501017
236.000000	32001.496312	-47198.897794	0.601931	-212.166209
236.500000	32001.797277	-47304.980898	0.587070	-211.833008
237.000000	32002.090812	-47410.897402	0.572557	-211.501401
237.500000	32002.377091	-47516.648102	0.558386	-211.171374
238.000000	32002.656284	-47622.233789	0.544547	-210.842914
238.500000	32002.928557	-47727.655246	0.531035	-210.516008
239.000000	32003.194075	-47832.913250	0.517841	-210.190644
239.500000	32003.452995	-47938.008572	0.504959	-209.866808
240.000000	32003.705474	-48042.941976	0.492381	-209.544488
240.500000	32003.951665	-48147.714220	0.480102	-209.223671
241.000000	32004.191716	-48252.326056	0.468114	-208.904346
241.500000	32004.425773	-48356.778229	0.456410	-208.586499
242.000000	32004.653978	-48461.071478	0.444985	-208.270120
242.500000	32004.876470	-48565.206538	0.433833	-207.955195
243.000000	32005.093387	-48669.184135	0.422946	-207.641714
243.500000	32005.304860	-48773.004993	0.412319	-207.329665
244.000000	32005.511019	-48876.669825	0.401947	-207.019036
244.500000	32005.711993	-48980.179343	0.391823	-206.709816
245.000000	32005.907904	-49083.534251	0.381942	-206.401994
245.500000	32006.098875	-49186.735248	0.372298	-206.095558
246.000000	32006.285024	-49289.783027	0.362887	-205.790498
246.500000	32006.466467	-49392.678276	0.353702	-205.486803
247.000000	32006.643318	-49495.421678	0.344738	-205.184463
247.500000	32006.815688	-49598.013909	0.335992	-204.883465
248.000000	32006.983683	-49700.455642	0.327456	-204.583801
248.500000	32007.147412	-49802.747542	0.319128	-204.285460
249.000000	32007.306976	-49904.890272	0.311002	-203.988431
249.500000	32007.462476	-50006.884488	0.303072	-203.692705
250.000000	32007.614012	-50108.730840	0.295336	-203.398271
250.500000	32007.761681	-50210.429976	0.287788	-203.105119
251.000000	32007.905575	-50311.982535	0.280425	-202.813241
251.500000	32008.045787	-50413.389155	0.273241	-202.522625
252.000000	32008.182408	-50514.650468	0.266233	-202.233263
252.500000	32008.315524	-50615.767099	0.259396	-201.945144
253.000000	32008.445222	-50716.739671	0.252727	-201.658261
253.500000	32008.571586	-50817.568802	0.246222	-201.372602
254.000000	32008.694697	-50918.255103	0.239877	-201.088160
254.500000	32008.814635	-51018.799183	0.233688	-200.804925
255.000000	32008.931479	-51119.201645	0.227651	-200.522888
255.500000	32009.045305	-51219.463090	0.221764	-200.242041
256.000000	32009.156187	-51319.584110	0.216022	-199.962374
256.500000	32009.264198	-51419.565297	0.210422	-199.683879
257.000000	32009.369409	-51519.407236	0.204961	-199.406547
257.500000	32009.471890	-51619.110510	0.199636	-199.130370
258.000000	32009.571708	-51718.675695	0.194443	-198.855339
258.500000	32009.668929	-51818.103364	0.189379	-198.581446
259.000000	32009.763619	-51917.394087	0.184441	-198.308683
259.500000	32009.855839	-52016.548429	0.179626	-198.037042
260.000000	32009.945652	-52115.566950	0.174932	-197.766514
260.500000	32010.033118	-52214.450207	0.170355	-197.497092
261.000000	32010.118295	-52313.198753	0.165892	-197.228768
261.500000	32010.201242	-52411.813137	0.161542	-196.961534
262.000000	32010.282013	-52510.293904	0.157301	-196.695382
262.500000	32010.360663	-52608.641595	0.153166	-196.430304
263.000000	32010.437246	-52706.856747	0.149136	-196.166294
263.500000	32010.511814	-52804.939894	0.145207	-195.903343
264.000000	32010.584417	-52902.891566	0.141377	-195.641444
264.500000	32010.655106	-53000.712288	0.137644	-195.380590
265.000000	32010.723928	-53098.402583	0.134005	-195.120773
265.500000	32010.790931	-53195.962969	0.130459	-194.861987
266.000000	32010.856160	-53293.393963	0.127003	-194.604224
266.500000	32010.919661	-53390.696075	0.123634	-194.347477
267.000000	32010.981478	-53487.869813	0.120351	-194.091739
267.500000	32011.041654	-53584.915683	0.117151	-193.837004
268.000000	32011.100229	-53681.834185	0.114034	-193.583264
268.500000	32011.157246	-53778.625817	0.110995	-193.330513
269.000000	32011.212744	-53875.291073	0.108035	-193.078743
269.500000	32011.266761	-53971.830445	0.105150	-192.827949
270.000000	32011.319336	-54068.244419	0.102339	-192.578124
270.500000	32011.370506	-54164.533482	0.099600	-192.329261
271.000000	32011.420306	-54260.698112	0.096932	-192.081354
271.500000	32011.468772	-54356.738789	0.094332	-191.834397
272.000000	32011.515937	-54452.655988	0.091799	-191.588382
272.500000	32011.561837	-54548.450179	0.089331	-191.343305
273.000000	32011.606502	-54644.121831	0.086927	-191.099158
273.500000	32011.649966	-54739.671410	0.084585	-190.855936
274.000000	32011.692259	-54835.099378	0.082304	-190.613632
274.500000	32011.733411	-54930.406194	0.080082	-190.372241
275.000000	32011.773452	-55025.592315	0.077918	-190.131756
275.500000	32011.812411	-55120.658193	0.075809	-189.892172
276.000000	32011.850315	-55215.604279	0.073756	-189.653483
276.500000	32011.887193	-55310.431020	0.071756	-189.415683
277.000000	32011.923071	-55405.138861	0.069808	-189.178765
277.500000	32011.957975	-55499.728244	0.067911	-188.942726
278.000000	32011.991930	-55594.199607	0.066063	-188.707559
278.500000	32012.024962	-55688.553386	0.064264	-188.473258
279.000000	32012.057094	-55782.790015	0.062512	-188.239817
279.500000	32012.088350	-55876.909924	0.060806	-188.007233
280.000000	32012.118753	-55970.913540	0.059145	-187.775498
280.500000	32012.148325	-56064.801289	0.057527	-187.544607
281.000000	32012.177089	-56158.573593	0.055952	-187.314556
281.500000	32012.205064	-56252.230871	0.054418	-187.085339
282.000000	32012.232273	-56345.773541	0.052925	-186.856951
282.500000	32012.258736	-56439.202016	0.051471	-186.629387
283.000000	32012.284472	-56532.516710	0.050056	-186.402641
283.500000	32012.309500	-56625.718030	0.048678	-186.176708
284.000000	32012.333839	-56718.806384	0.047337	-185.951584
284.500000	32012.357507	-56811.782176	0.046031	-185.727263
285.000000	32012.380522	-56904.645807	0.044760	-185.503740
285.500000	32012.402902	-56997.397677	0.043523	-185.281011
286.000000	32012.424664	-57090.038183	0.042318	-185.059071
286.500000	32012.445823	-57182.567719	0.041146	-184.837915
287.000000	32012.466396	-57274.986676	0.040005	-184.617537
287.500000	32012.486399	-57367.295444	0.038895	-184.397934
288.000000	32012.505846	-57459.494411	0.037814	-184.179101
288.500000	32012.524753	-57551.583962	0.036762	-183.961033
289.000000	32012.543134	-57643.564478	0.035739	-183.743725
289.500000	32012.561003	-57735.436341	0.034742	-183.527173
290.000000	32012.578375	-57827.199927	0.033773	-183.311372
290.500000	32012.595261	-57918.855613	0.032830	-183.096318
291.000000	32012.611676	-58010.403772	0.031912	-182.882007
291.500000	32012.627632	-58101.844775	0.031019	-182.668433
292.000000	32012.643141	-58193.178992	0.030150	-182.455593
292.500000	32012.658216	-58284.406788	0.029304	-182.243483
293.000000	32012.672868	-58375.528530	0.028481	-182.032097
293.500000	32012.687109	-58466.544578	0.027681	-181.821432
294.000000	32012.700949	-58557.455295	0.026902	-181.611484
294.500000	32012.714400	-58648.261037	0.026145	-181.402248
295.000000	32012.727472	-58738.962161	0.025408	-181.193720
295.500000	32012.740176	-58829.559021	0.024691	-180.985897
296.000000	32012.752522	-58920.051969	0.023993	-180.778773
296.500000	32012.764518	-59010.441356	0.023315	-180.572345
297.000000	32012.776176	-59100.727528	0.022655	-180.366609
297.500000	32012.787503	-59190.910833	0.022013	-180.161561
298.000000	32012.798510	-59280.991613	0.021389	-179.957197
298.500000	32012.809204	-59370.970212	0.020782	-179.753513
299.000000	32012.819595	-59460.846968	0.020191	-179.550506
299.500000	32012.829690	-59550.622221	0.019617	-179.348170
300.000000	32012.839499	-59640.296306	0.019058	-179.146503
300.500000	32012.849028	-59729.869558	0.018515	-178.945501
301.000000	32012.858285	-59819.342309	0.017987	-178.745160
301.500000	32012.867279	-59908.714889	0.017473	-178.545477
302.000000	32012.876015	-59997.987627	0.016974	-178.346447
302.500000	32012.884502	-60087.160851	0.016488	-178.148066
303.000000	32012.892746	-60176.234884	0.016016	-177.950332
303.500000	32012.900754	-60265.210050	0.015556	-177.753241
304.000000	32012.908532	-60354.086671	0.015110	-177.556789
304.500000	32012.916087	-60442.865065	0.014676	-177.360972
305.000000	32012.923425	-60531.545551	0.014254	-177.165788
305.500000	32012.930552	-60620.128445	0.013844	-176.971232
306.000000	32012.937474	-60708.614061	0.013445	-176.777301
306.500000	32012.944196	-60797.002712	0.013057	-176.583992
307.000000	32012.950725	-60885.294708	0.012680	-176.391301
307.500000	32012.957065	-60973.490358	0.012314	-176.199225
308.000000	32012.963222	-61061.589971	0.011957	-176.007760
308.500000	32012.969200	-61149.593851	0.011611	-175.816904
309.000000	32012.975006	-61237.502303	0.011275	-175.626653
309.500000	32012.980643	-61325.315629	0.010948	-175.437003
310.000000	32012.986117	-61413.034131	0.010630	-175.247951
310.500000	32012.991432	-61500.658106	0.010321	-175.059495
311.000000	32012.996593	-61588.187854	0.010021	-174.871631
311.500000	32013.001603	-61675.623669	0.009729	-174.684355
312.000000	32013.006467	-61762.965847	0.009445	-174.497665
312.500000	32013.011190	-61850.214679	0.009170	-174.311558
313.000000	32013.015775	-61937.370458	0.008902	-174.126030
313.500000	32013.020226	-62024.433473	0.008642	-173.941078
314.000000	32013.024547	-62111.404012	0.008389	-173.756700
314.500000	32013.028741	-62198.282362	0.008143	-173.572892
315.000000	32013.032813	-62285.068808	0.007904	-173.389651
315.500000	32013.036765	-62371.763633	0.007672	-173.206974
316.000000	32013.040601	-62458.367120	0.007447	-173.024859
316.500000	32013.044325	-62544.879549	0.007228	-172.843302
317.000000	32013.047939	-62631.301200	0.007016	-172.662300
317.500000	32013.051447	-62717.632350	0.006809	-172.481851
318.000000	32013.054851	-62803.873276	0.006608	-172.301952
318.500000	32013.058155	-62890.024251	0.006413	-172.122599
319.000000	32013.061362	-62976.085551	0.006224	-171.943791
319.500000	32013.064474	-63062.057446	0.006040	-171.765523
320.000000	32013.067493	-63147.940208	0.005861	-171.587794
320.500000	32013.070424	-63233.734105	0.005687	-171.410601
321.000000	32013.073268	-63319.439405	0.005519	-171.233940
321.500000	32013.076027	-63405.056376	0.005355	-171.057810
322.000000	32013.078705	-63490.585281	0.005196	-170.882207
322.500000	32013.081303	-63576.026384	0.005042	-170.707129
323.000000	32013.083823	-63661.379949	0.004892	-170.532573
323.500000	32013.086269	-63746.646236	0.004746	-170.358537
324.000000	32013.088642	-63831.825504	0.004604	-170.185017
324.500000	32013.090944	-63916.918012	0.004467	-170.012011
325.000000	32013.093178	-64001.924018	0.004334	-169.839517
325.500000	32013.095345	-64086.843776	0.004204	-169.667532
326.000000	32013.097447	-64171.677543	0.004078	-169.496054
326.500000	32013.099486	-64256.425569	0.003956	-169.325079
327.000000	32013.101464	-64341.088109	0.003838	-169.154606
327.500000	32013.103383	-64425.665412	0.003722	-168.984632
328.000000	32013.105244	-64510.157729	0.003611	-168.815155
328.500000	32013.107049	-64594.565306	0.003502	-168.646171
329.000000	32013.108800	-64678.888392	0.003397	-168.477679
329.500000	32013.110498	-64763.127231	0.003294	-168.309676
330.000000	32013.112146	-64847.282069	0.003195	-168.142160
330.500000	32013.113743	-64931.353149	0.003099	-167.975128
331.000000	32013.115293	-65015.340713	0.003005	-167.808578
331.500000	32013.116795	-65099.245002	0.002914	-167.642508
332.000000	32013.118252	-65183.066256	0.002826	-167.476915
332.500000	32013.119666	-65266.804713	0.002741	-167.311796
333.000000	32013.121036	-65350.460611	0.002658	-167.147151
333.500000	32013.122365	-65434.034187	0.002577	-166.982975
334.000000	32013.123653	-65517.525674	0.002499	-166.819268
334.500000	32013.124903	-65600.935308	0.002423	-166.656027
335.000000	32013.126114	-65684.263322	0.002349	-166.493249
335.500000	32013.127289	-65767.509946	0.002278	-166.330932
336.000000	32013.128428	-65850.675412	0.002208	-166.169074
336.500000	32013.129532	-65933.759949	0.002141	-166.007674
337.000000	32013.130602	-66016.763786	0.002076	-165.846727
337.500000	32013.131640	-66099.687149	0.002012	-165.686234
338.000000	32013.132646	-66182.530266	0.001951	-165.526191
338.500000	32013.133622	-66265.293362	0.001891	-165.366596
339.000000	32013.134567	-66347.976660	0.001833	-165.207447
339.500000	32013.135484	-66430.580383	0.001777	-165.048742
340.000000	32013.136372	-66513.104754	0.001722	-164.890479
340.500000	32013.137234	-66595.549994	0.001670	-164.732656
341.000000	32013.138068	-66677.916321	0.001618	-164.575270
341.500000	32013.138877	-66760.203957	0.001568	-164.418320
342.000000	32013.139662	-66842.413117	0.001520	-164.261804
342.500000	32013.140422	-66924.544019	0.001473	-164.105720
343.000000	32013.141158	-67006.596879	0.001428	-163.950065
343.500000	32013.141872	-67088.571911	0.001384	-163.794837
344.000000	32013.142564	-67170.469330	0.001341	-163.640036
344.500000	32013.143235	-67252.289348	0.001300	-163.485657
345.000000	32013.143885	-67334.032176	0.001259	-163.331701
345.500000	32013.144514	-67415.698027	0.001220	-163.178164
346.000000	32013.145125	-67497.287109	0.001183	-163.025045
346.500000	32013.145716	-67578.799631	0.001146	-162.872342
347.000000	32013.146289	-67660.235802	0.001110	-162.720053
347.500000	32013.146844	-67741.595829	0.001076	-162.568176
348.000000	32013.147382	-67822.879917	0.001042	-162.416709
348.500000	32013.147903	-67904.088271	0.001010	-162.265650
349.000000	32013.148408	-67985.221096	0.000978	-162.114998
349.500000	32013.148897	-68066.278595	0.000948	-161.964750
350.000000	32013.149371	-68147.260970	0.000918	-161.814905
350.500000	32013.149831	-68228.168422	0.000890	-161.665461
351.000000	32013.150275	-68309.001153	0.000862	-161.516416
351.500000	32013.150706	-68389.759361	0.000835	-161.367769
352.000000	32013.151124	-68470.443245	0.000809	-161.219517
352.500000	32013.151528	-68551.053004	0.000783	-161.071658
353.000000	32013.151920	-68631.588833	0.000759	-160.924192
353.500000	32013.152299	-68712.050929	0.000735	-160.777116
354.000000	32013.152667	-68792.439487	0.000712	-160.630428
354.500000	32013.153023	-68872.754701	0.000690	-160.484127
355.000000	32013.153367	-68952.996764	0.000668	-160.338211
355.500000	32013.153701	-69033.165870	0.000647	-160.192679
356.000000	32013.154025	-69113.262210	0.000626	-160.047528
356.500000	32013.154338	-69193.285974	0.000607	-159.902757
357.000000	32013.154641	-69273.237352	0.000587	-159.758364
357.500000	32013.154935	-69353.116534	0.000569	-159.614348
358.000000	32013.155219	-69432.923708	0.000551	-159.470707
358.500000	32013.155495	-69512.659061	0.000533	-159.327438
359.000000	32013.155762	-69592.322780	0.000517	-159.184542
359.500000	32013.156020	-69671.915051	0.000500	-159.042016
360.000000	32013.156270	-69751.436059	0.000484	-158.899858
360.500000	32013.156512	-69830.885988	0.000469	-158.758066
361.000000	32013.156747	-69910.265021	0.000454	-158.616640
361.500000	32013.156974	-69989.573342	0.000440	-158.475578
362.000000	32013.157193	-70068.811131	0.000426	-158.334878
362.500000	32013.157406	-70147.978569	0.000412	-158.194538
363.000000	32013.157612	-70227.075838	0.000399	-158.054557
363.500000	32013.157812	-70306.103117	0.000386	-157.914933
364.000000	32013.158005	-70385.060583	0.000374	-157.775665
364.500000	32013.158192	-70463.948415	0.000362	-157.636751
365.000000	32013.158373	-70542.766791	0.000350	-157.498191
365.500000	32013.158548	-70621.515886	0.000339	-157.359981
366.000000	32013.158717	-70700.195877	0.000328	-157.222121
366.500000	32013.158881	-70778.806938	0.000318	-157.084610
367.000000	32013.159040	-70857.349242	0.000307	-156.947445
367.500000	32013.159194	-70935.822965	0.000298	-156.810625
368.000000	32013.159343	-71014.228278	0.000288	-156.674150
368.500000	32013.159487	-71092.565352	0.000279	-156.538017
369.000000	32013.159626	-71170.834361	0.000270	-156.402224
369.500000	32013.159761	-71249.035473	0.000261	-156.266771
370.000000	32013.159892	-71327.168859	0.000253	-156.131657
370.500000	32013.160018	-71405.234687	0.000245	-155.996879
371.000000	32013.160140	-71483.233126	0.000237	-155.862436
371.500000	32013.160259	-71561.164344	0.000229	-155.728327
372.000000	32013.160373	-71639.028508	0.000222	-155.594550
372.500000	32013.160484	-71716.825783	0.000214	-155.461105
373.000000	32013.160591	-71794.556335	0.000207	-155.327989
373.500000	32013.160695	-71872.220330	0.000201	-155.195201
374.000000	32013.160795	-71949.817931	0.000194	-155.062741
374.500000	32013.160892	-72027.349301	0.000188	-154.930606
375.000000	32013.160986	-72104.814604	0.000182	-154.798795
375.500000	32013.161077	-72182.214001	0.000176	-154.667307
376.000000	32013.161165	-72259.547655	0.000170	-154.536141
376.500000	32013.161250	-72336.815726	0.000165	-154.405295
377.000000	32013.161332	-72414.018373	0.000159	-154.274768
377.500000	32013.161412	-72491.155757	0.000154	-154.144558
378.000000	32013.161489	-72568.228036	0.000149	-154.014665
378.500000	32013.161563	-72645.235368	0.000144	-153.885087
379.000000	32013.161635	-72722.177912	0.000139	-153.755822
379.500000	32013.161705	-72799.055823	0.000135	-153.626870
380.000000	32013.161773	-72875.869258	0.000130	-153.498229
380.500000	32013.161838	-72952.618373	0.000126	-153.369899
381.000000	32013.161901	-73029.303322	0.000122	-153.241876
381.500000	32013.161962	-73105.924260	0.000118	-153.114162
382.000000	32013.162021	-73182.481341	0.000114	-152.986753
382.500000	32013.162078	-73258.974718	0.000110	-152.859649
383.000000	32013.162133	-73335.404542	0.000107	-152.732850
383.500000	32013.162187	-73411.770967	0.000103	-152.606352
384.000000	32013.162238	-73488.074143	0.000100	-152.480156
384.500000	32013.162288	-73564.314221	0.000097	-152.354260
385.000000	32013.162336	-73640.491351	0.000093	-152.228663
385.500000	32013.162383	-73716.605682	0.000090	-152.103363
386.000000	32013.162428	-73792.657364	0.000087	-151.978360
386.500000	32013.162472	-73868.646544	0.000084	-151.853653
387.000000	32013.162514	-73944.573371	0.000082	-151.729239
387.500000	32013.162555	-74020.437990	0.000079	-151.605119
388.000000	32013.162594	-74096.240550	0.000076	-151.481290
388.500000	32013.162632	-74171.981195	0.000074	-151.357752
389.000000	32013.162669	-74247.660071	0.000071	-151.234504
389.500000	32013.162705	-74323.277323	0.000069	-151.111544
390.000000	32013.162739	-74398.833094	0.000067	-150.988871
390.500000	32013.162773	-74474.327530	0.000064	-150.866484
391.000000	32013.162805	-74549.760772	0.000062	-150.744382
391.500000	32013.162836	-74625.132963	0.000060	-150.622565
392.000000	32013.162866	-74700.444245	0.000058	-150.501030
392.500000	32013.162895	-74775.694760	0.000056	-150.379776
393.000000	32013.162923	-74850.884648	0.000054	-150.258803
393.500000	32013.162950	-74926.014050	0.000053	-150.138110
394.000000	32013.162977	-75001.083105	0.000051	-150.017695
394.500000	32013.163002	-75076.091952	0.000049	-149.897558
395.000000	32013.163027	-75151.040731	0.000047	-149.777697
395.500000	32013.163050	-75225.929580	0.000046	-149.658111
396.000000	32013.163073	-75300.758635	0.000044	-149.538799
396.500000	32013.163095	-75375.528034	0.000043	-149.419760
397.000000	32013.163117	-75450.237914	0.000041	-149.300993
397.500000	32013.163137	-75524.888411	0.000040	-149.182497
398.000000	32013.163157	-75599.479659	0.000039	-149.064271
398.500000	32013.163177	-75674.011795	0.000037	-148.946314
399.000000	32013.163195	-75748.484952	0.000036	-148.828625
399.500000	32013.163213	-75822.899265	0.000035	-148.711203
400.000000	32013.163231	-75897.254866	0.000034	-148.594047
400.500000	32013.163248	-75971.551890	0.000033	-148.477155
401.000000	32013.163264	-76045.790467	0.000031	-148.360528
401.500000	32013.163280	-76119.970731	0.000030	-148.244163
402.000000	32013.163295	-76194.092812	0.000029	-148.128060
402.500000	32013.163310	-76268.156842	0.000028	-148.012218
403.000000	32013.163324	-76342.162951	0.000027	-147.896635
403.500000	32013.163337	-76416.111269	0.000026	-147.781312
404.000000	32013.163351	-76490.001925	0.000026	-147.666247
404.500000	32013.163363	-76563.835048	0.000025	-147.551438
405.000000	32013.163376	-76637.610768	0.000024	-147.436886
405.500000	32013.163388	-76711.329211	0.000023	-147.322588
406.000000	32013.163399	-76784.990505	0.000022	-147.208545
406.500000	32013.163410	-76858.594777	0.000021	-147.094755
407.000000	32013.163421	-76932.142155	0.000021	-146.981217
407.500000	32013.163432	-77005.632763	0.000020	-146.867930
408.000000	32013.163442	-77079.066728	0.000019	-146.754894
408.500000	32013.163451	-77152.444175	0.000019	-146.642107
409.000000	32013.163461	-77225.765229	0.000018	-146.529568
409.500000	32013.163470	-77299.030013	0.000017	-146.417277
410.000000	32013.163478	-77372.238652	0.000017	-146.305233
410.500000	32013.163487	-77445.391268	0.000016	-146.193435
411.000000	32013.163495	-77518.487986	0.000016	-146.081881
411.500000	32013.163503	-77591.528926	0.000015	-145.970571
412.000000	32013.163510	-77664.514211	0.000015	-145.859504
412.500000	32013.163518	-77737.443964	0.000014	-145.748680
413.000000	32013.163525	-77810.318304	0.000014	-145.638096
413.500000	32013.163532	-77883.137352	0.000013	-145.527754
414.000000	32013.163538	-77955.901229	0.000013	-145.417650
414.500000	32013.163545	-78028.610054	0.000012	-145.307785
415.000000	32013.163551	-78101.263946	0.000012	-145.198158
415.500000	32013.163557	-78173.863026	0.000011	-145.088768
416.000000	32013.163562	-78246.407410	0.000011	-144.979614
416.500000	32013.163568	-78318.897217	0.000011	-144.870696
417.000000	32013.163573	-78391.332565	0.000010	-144.762011
417.500000	32013.163578	-78463.713570	0.000010	-144.653560
418.000000	32013.163583	-78536.040350	0.000010	-144.545342
418.500000	32013.163588	-78608.313021	0.000009	-144.437356
419.000000	32013.163593	-78680.531699	0.000009	-144.329600
419.500000	32013.163597	-78752.696499	0.000009	-144.222075
420.000000	32013.163602	-78824.807537	0.000008	-144.114779
420.500000	32013.163606	-78896.864926	0.000008	-144.007712
421.000000	32013.163610	-78968.868782	0.000008	-143.900872
421.500000	32013.163614	-79040.819218	0.000008	-143.794259
422.000000	32013.163617	-79112.716348	0.000007	-143.687873
422.500000	32013.163621	-79184.560285	0.000007	-143.581712
423.000000	32013.163625	-79256.351140	0.000007	-143.475775
423.500000	32013.163628	-79328.089028	0.000007	-143.370062
424.000000	32013.163631	-79399.774059	0.000006	-143.264572
424.500000	32013.163634	-79471.406345	0.000006	-143.159304
425.000000	32013.163637	-79542.985996	0.000006	-143.054257
425.500000	32013.163640	-79614.513125	0.000006	-142.949431
426.000000	32013.163643	-79685.987840	0.000005	-142.844824
426.500000	32013.163646	-79757.410252	0.000005	-142.740437
427.000000	32013.163649	-79828.780471	0.000005	-142.636268
427.500000	32013.163651	-79900.098605	0.000005	-142.532316
428.000000	32013.163653	-79971.364763	0.000005	-142.428582
428.500000	32013.163656	-80042.579054	0.000005	-142.325063
429.000000	32013.163658	-80113.741585	0.000004	-142.221759
429.500000	32013.163660	-80184.852465	0.000004	-142.118670
430.000000	32013.163662	-80255.911800	0.000004	-142.015795
430.500000	32013.163664	-80326.919697	0.000004	-141.913132
431.000000	32013.163666	-80397.876263	0.000004	-141.810682
431.500000	32013.163668	-80468.781604	0.000004	-141.708443
432.000000	32013.163670	-80539.635826	0.000004	-141.606415
432.500000	32013.163672	-80610.439033	0.000003	-141.504598
433.000000	32013.163674	-80681.191332	0.000003	-141.402989
433.500000	32013.163675	-80751.892827	0.000003	-141.301589
434.000000	32013.163677	-80822.543621	0.000003	-141.200397
434.500000	32013.163678	-80893.143820	0.000003	-141.099412
435.000000	32013.163680	-80963.693526	0.000003	-140.998634
435.500000	32013.163681	-81034.192843	0.000003	-140.898062
436.000000	32013.163683	-81104.641874	0.000003	-140.797694
436.500000	32013.163684	-81175.040721	0.000003	-140.697531
437.000000	32013.163685	-81245.389487	0.000002	-140.597572
437.500000	32013.163687	-81315.688272	0.000002	-140.497815
438.000000	32013.163688	-81385.937180	0.000002	-140.398261
438.500000	32013.163689	-81456.136311	0.000002	-140.298909
439.000000	32013.163690	-81526.285765	0.000002	-140.199757
439.500000	32013.163691	-81596.385643	0.000002	-140.100806
440.000000	32013.163692	-81666.436046	0.000002	-140.002054
440.500000	32013.163693	-81736.437073	0.000002	-139.903501
441.000000	32013.163694	-81806.388824	0.000002	-139.805146
441.500000	32013.163695	-81876.291397	0.000002	-139.706989
442.000000	32013.163696	-81946.144891	0.000002	-139.609029
442.500000	32013.163697	-82015.949406	0.000002	-139.511265
443.000000	32013.163698	-82085.705038	0.000002	-139.413697
443.500000	32013.163698	-82155.411887	0.000002	-139.316323
444.000000	32013.163699	-82225.070048	0.000001	-139.219144
444.500000	32013.163700	-82294.679620	0.000001	-139.122159
445.000000	32013.163701	-82364.240700	0.000001	-139.025366
445.500000	32013.163701	-82433.753383	0.000001	-138.928766
446.000000	32013.163702	-82503.217766	0.000001	-138.832357
446.500000	32013.163703	-82572.633944	0.000001	-138.736140
447.000000	32013.163703	-82642.002014	0.000001	-138.640113
447.500000	32013.163704	-82711.322071	0.000001	-138.544276
448.000000	32013.163704	-82780.594208	0.000001	-138.448628
448.500000	32013.163705	-82849.818522	0.000001	-138.353168
449.000000	32013.163705	-82918.995106	0.000001	-138.257897
449.500000	32013.163706	-82988.124055	0.000001	-138.162812
450.000000	32013.163706	-83057.205461	0.000001	-138.067915
450.500000	32013.163707	-83126.239418	0.000001	-137.973204
451.000000	32013.163707	-83195.226020	0.000001	-137.878678
451.500000	32013.163708	-83264.165359	0.000001	-137.784337
452.000000	32013.163708	-83333.057527	0.000001	-137.690180
452.500000	32013.163709	-83401.902617	0.000001	-137.596207
453.000000	32013.163709	-83470.700721	0.000001	-137.502417
453.500000	32013.163709	-83539.451929	0.000001	-137.408809
454.000000	32013.163710	-83608.156334	0.000001	-137.315384
454.500000	32013.163710	-83676.814025	0.000001	-137.222139
455.000000	32013.163711	-83745.425095	0.000001	-137.129075
455.500000	32013.163711	-83813.989633	0.000001	-137.036192
456.000000	32013.163711	-83882.507729	0.000001	-136.943488
456.500000	32013.163712	-83950.979473	0.000001	-136.850963
457.000000	32013.163712	-84019.404954	0.000001	-136.758616
457.500000	32013.163712	-84087.784262	0.000001	-136.666447
458.000000	32013.163712	-84156.117486	0.000001	-136.574456
458.500000	32013.163713	-84224.404714	0.000001	-136.482641
459.000000	32013.163713	-84292.646034	0.000000	-136.391002
459.500000	32013.163713	-84360.841535	0.000000	-136.299539
460.000000	32013.163713	-84428.991304	0.000000	-136.208250
460.500000	32013.163714	-84497.095429	0.000000	-136.117136
461.000000	32013.163714	-84565.153998	0.000000	-136.026196
461.500000	32013.163714	-84633.167096	0.000000	-135.935430
462.000000	32013.163714	-84701.134811	0.000000	-135.844836
462.500000	32013.163714	-84769.057228	0.000000	-135.754414
463.000000	32013.163715	-84836.934435	0.000000	-135.664164
463.500000	32013.163715	-84904.766517	0.000000	-135.574085
464.000000	32013.163715	-84972.553559	0.000000	-135.484176
464.500000	32013.163715	-85040.295648	0.000000	-135.394438
465.000000	32013.163715	-85107.992867	0.000000	-135.304869
465.500000	32013.163715	-85175.645301	0.000000	-135.215469
466.000000	32013.163716	-85243.253036	0.000000	-135.126238
466.500000	32013.163716	-85310.816155	0.000000	-135.037174
467.000000	32013.163716	-85378.334742	0.000000	-134.948278
467.500000	32013.163716	-85445.808881	0.000000	-134.859549
468.000000	32013.163716	-85513.238655	0.000000	-134.770986
468.500000	32013.163716	-85580.624148	0.000000	-134.682589
469.000000	32013.163716	-85647.965442	0.000000	-134.594357
469.500000	32013.163717	-85715.262621	0.000000	-134.506290
470.000000	32013.163717	-85782.515765	0.000000	-134.418387
470.500000	32013.163717	-85849.724959	0.000000	-134.330648
471.000000	32013.163717	-85916.890283	0.000000	-134.243072
471.500000	32013.163717	-85984.011819	0.000000	-134.155659
472.000000	32013.163717	-86051.089648	0.000000	-134.068408
472.500000	32013.163717	-86118.123852	0.000000	-133.981319
473.000000	32013.163717	-86185.114511	0.000000	-133.894391
473.500000	32013.163717	-86252.061707	0.000000	-133.807624
474.000000	32013.163717	-86318.965519	0.000000	-133.721017
474.500000	32013.163717	-86385.826027	0.000000	-133.634570
475.000000	32013.163718	-86452.643312	0.000000	-133.548282
475.500000	32013.163718	-86519.417453	0.000000	-133.462153
476.000000	32013.163718	-86586.148530	0.000000	-133.376182
476.500000	32013.163718	-86652.836620	0.000000	-133.290369
477.000000	32013.163718	-86719.481805	0.000000	-133.204713
477.500000	32013.163718	-86786.084161	0.000000	-133.119214
478.000000	32013.163718	-86852.643769	0.000000	-133.033872
478.500000	32013.163718	-86919.160704	0.000000	-132.948685
479.000000	32013.163718	-86985.635047	0.000000	-132.863654
479.500000	32013.163718	-87052.066874	0.000000	-132.778777
480.000000	32013.163718	-87118.456262	0.000000	-132.694055
480.500000	32013.163718	-87184.803290	0.000000	-132.609488
481.000000	32013.163718	-87251.108034	0.000000	-132.525073
481.500000	32013.163718	-87317.370571	0.000000	-132.440812
482.000000	32013.163718	-87383.590977	0.000000	-132.356703
482.500000	32013.163718	-87449.769328	0.000000	-132.272747
483.000000	32013.163718	-87515.905701	0.000000	-132.188942
483.500000	32013.163718	-87582.000172	0.000000	-132.105288
484.000000	32013.163719	-87648.052816	0.000000	-132.021785
484.500000	32013.163719	-87714.063709	0.000000	-131.938432
485.000000	32013.163719	-87780.032925	0.000000	-131.855230
485.500000	32013.163719	-87845.960540	0.000000	-131.772176
486.000000	32013.163719	-87911.846628	0.000000	-131.689272
486.500000	32013.163719	-87977.691264	0.000000	-131.606516
487.000000	32013.163719	-88043.494522	0.000000	-131.523908
487.500000	32013.163719	-88109.256476	0.000000	-131.441448
488.000000	32013.163719	-88174.977200	0.000000	-131.359135
488.500000	32013.163719	-88240.656768	0.000000	-131.276969
489.000000	32013.163719	-88306.295253	0.000000	-131.194949
489.500000	32013.163719	-88371.892727	0.000000	-131.113075
490.000000	32013.163719	-88437.449265	0.000000	-131.031347
490.500000	32013.163719	-88502.964938	0.000000	-130.949763
491.000000	32013.163719	-88568.439820	0.000000	-130.868325
491.500000	32013.163719	-88633.873982	0.000000	-130.787030
492.000000	32013.163719	-88699.267497	0.000000	-130.705879
492.500000	32013.163719	-88764.620437	0.000000	-130.624871
493.000000	32013.163719	-88829.932872	0.000000	-130.544006
493.500000	32013.163719	-88895.204876	0.000000	-130.463284
494.000000	32013.163719	-88960.436518	0.000000	-130.382704
494.500000	32013.163719	-89025.627870	0.000000	-130.302265
495.000000	32013.163719	-89090.779002	0.000000	-130.221968
495.500000	32013.163719	-89155.889986	0.000000	-130.141812
496.000000	32013.163719	-89220.960892	0.000000	-130.061796
496.500000	32013.163719	-89285.991790	0.000000	-129.981919
497.000000	32013.163719	-89350.982750	0.000000	-129.902183
497.500000	32013.163719	-89415.933841	0.000000	-129.822586
498.000000	32013.163719	-89480.845134	0.000000	-129.743127
498.500000	32013.163719	-89545.716698	0.000000	-129.663807
499.000000	32013.163719	-89610.548601	0.000000	-129.584625
499.500000	32013.163719	-89675.340913	0.000000	-129.505580
500.000000	32013.163719	-89740.093704	0.000000	-129.426673
500.500000	32013.163719	-89804.807040	0.000000	-129.347902
501.000000	32013.163719	-89869.480991	0.000000	-129.269268
501.500000	32013.163719	-89934.115625	0.000000	-129.190770
502.000000	32013.163719	-89998.711010	0.000000	-129.112407
502.500000	32013.163719	-90063.267213	0.000000	-129.034179
503.000000	32013.163719	-90127.784303	0.000000	-128.956087
503.500000	32013.163719	-90192.262346	0.000000	-128.878129
504.000000	32013.163719	-90256.701410	0.000000	-128.800304
504.500000	32013.163719	-90321.101563	0.000000	-128.722614
505.000000	32013.163719	-90385.462870	0.000000	-128.645057
505.500000	32013.163719	-90449.785398	0.000000	-128.567632
506.000000	32013.163719	-90514.069214	0.000000	-128.490341
506.500000	32013.163719	-90578.314384	0.000000	-128.413181
507.000000	32013.163719	-90642.520975	0.000000	-128.336153
507.500000	32013.163719	-90706.689052	0.000000	-128.259257
508.000000	32013.163719	-90770.818680	0.000000	-128.182491
508.500000	32013.163719	-90834.909926	0.000000	-128.105857
509.000000	32013.163719	-90898.962854	0.000000	-128.029352
509.500000	32013.163719	-90962.977530	0.000000	-127.952978
510.000000	32013.163719	-91026.954019	0.000000	-127.876733
510.500000	32013.163719	-91090.892385	0.000000	-127.800617
511.000000	32013.163719	-91154.792693	0.000000	-127.724630
511.500000	32013.163719	-91218.655008	0.000000	-127.648771
512.000000	32013.163719	-91282.479394	0.000000	-127.573041
512.500000	32013.163719	-91346.265914	0.000000	-127.497438
513.000000	32013.163719	-91410.014633	0.000000	-127.421963
513.500000	32013.163719	-91473.725614	0.000000	-127.346614
514.000000	32013.163719	-91537.398922	0.000000	-127.271393
514.500000	32013.163719	-91601.034618	0.000000	-127.196297
515.000000	32013.163719	-91664.632766	0.000000	-127.121328
515.500000	32013.163719	-91728.193430	0.000000	-127.046484
516.000000	32013.163719	-91791.716672	0.000000	-126.971765
516.500000	32013.163719	-91855.202555	0.000000	-126.897172
517.000000	32013.163719	-91918.651141	0.000000	-126.822703
517.500000	32013.163719	-91982.062492	0.000000	-126.748358
518.000000	32013.163719	-92045.436671	0.000000	-126.674137
518.500000	32013.163719	-92108.773739	0.000000	-126.600039
519.000000	32013.163719	-92172.073759	0.000000	-126.526065
519.500000	32013.163719	-92235.336791	0.000000	-126.452213
520.000000	32013.163719	-92298.562898	0.000000	-126.378484
520.500000	32013.163719	-92361.752140	0.000000	-126.304878
521.000000	32013.163719	-92424.904579	0.000000	-126.231393
521.500000	32013.163719	-92488.020275	0.000000	-126.158029
522.000000	32013.163719	-92551.099290	0.000000	-126.084787
522.500000	32013.163719	-92614.141683	0.000000	-126.011665
523.000000	32013.163719	-92677.147516	0.000000	-125.938664
523.500000	32013.163719	-92740.116848	0.000000	-125.865784
524.000000	32013.163719	-92803.049740	0.000000	-125.793022
524.500000	32013.163719	-92865.946251	0.000000	-125.720381
525.000000	32013.163719	-92928.806442	0.000000	-125.647859
525.500000	32013.163719	-92991.630371	0.000000	-125.575455
526.000000	32013.163719	-93054.418099	0.000000	-125.503170
526.500000	32013.163719	-93117.169684	0.000000	-125.431004
527.000000	32013.163719	-93179.885186	0.000000	-125.358955
527.500000	32013.163719	-93242.564663	0.000000	-125.287023
528.000000	32013.163719	-93305.208175	0.000000	-125.215209
528.500000	32013.163719	-93367.815779	0.000000	-125.143512
529.000000	32013.163719	-93430.387535	0.000000	-125.071932
529.500000	32013.163719	-93492.923501	0.000000	-125.000468
530.000000	32013.163719	-93555.423735	0.000000	-124.929119
530.500000	32013.163719	-93617.888295	0.000000	-124.857887
531.000000	32013.163719	-93680.317238	0.000000	-124.786770
531.500000	32013.163719	-93742.710623	0.000000	-124.715768
532.000000	32013.163719	-93805.068507	0.000000	-124.644880
532.500000	32013.163719	-93867.390947	0.000000	-124.574107
533.000000	32013.163719	-93929.678001	0.000000	-124.503448
533.500000	32013.163719	-93991.929725	0.000000	-124.432903
534.000000	32013.163719	-94054.146177	0.000000	-124.362472
534.500000	32013.163719	-94116.327413	0.000000	-124.292154
535.000000	32013.163719	-94178.473490	0.000000	-124.221948
535.500000	32013.163719	-94240.584464	0.000000	-124.151856
536.000000	32013.163719	-94302.660391	0.000000	-124.081875
536.500000	32013.163719	-94364.701329	0.000000	-124.012007
537.000000	32013.163719	-94426.707332	0.000000	-123.942250
537.500000	32013.163719	-94488.678457	0.000000	-123.872605
538.000000	32013.163719	-94550.614759	0.000000	-123.803070
538.500000	32013.163719	-94612.516295	0.000000	-123.733647
539.000000	32013.163719	-94674.383118	0.000000	-123.664334
539.500000	32013.163719	-94736.215285	0.000000	-123.595131
540.000000	32013.163719	-94798.012851	0.000000	-123.526039
540.500000	32013.163719	-94859.775870	0.000000	-123.457056
541.000000	32013.163719	-94921.504398	0.000000	-123.388182
541.500000	32013.163719	-94983.198489	0.000000	-123.319417
542.000000	32013.163719	-95044.858198	0.000000	-123.250762
542.500000	32013.163719	-95106.483578	0.000000	-123.182214
543.000000	32013.163719	-95168.074686	0.000000	-123.113775
543.500000	32013.163719	-95229.631573	0.000000	-123.045444
544.000000	32013.163719	-95291.154295	0.000000	-122.977221
544.500000	32013.163719	-95352.642906	0.000000	-122.909104
545.000000	32013.163719	-95414.097458	0.000000	-122.841095
545.500000	32013.163719	-95475.518005	0.000000	-122.773193
546.000000	32013.163719	-95536.904602	0.000000	-122.705397
546.500000	32013.163719	-95598.257301	0.000000	-122.637708
547.000000	32013.163719	-95659.576155	0.000000	-122.570125
547.500000	32013.163719	-95720.861217	0.000000	-122.502647
548.000000	32013.163719	-95782.112541	0.000000	-122.435274
548.500000	32013.163719	-95843.330178	0.000000	-122.368007
549.000000	32013.163719	-95904.514181	0.000000	-122.300845
549.500000	32013.163719	-95965.664604	0.000000	-122.233787
550.000000	32013.163719	-96026.781498	0.000000	-122.166834
550.500000	32013.163719	-96087.864915	0.000000	-122.099985
551.000000	32013.163719	-96148.914907	0.000000	-122.033239
551.500000	32013.163719	-96209.931526	0.000000	-121.966597
552.000000	32013.163719	-96270.914825	0.000000	-121.900058
552.500000	32013.163719	-96331.864854	0.000000	-121.833623
553.000000	32013.163719	-96392.781666	0.000000	-121.767290
553.500000	32013.163719	-96453.665311	0.000000	-121.701059
554.000000	32013.163719	-96514.515840	0.000000	-121.634931
554.500000	32013.163719	-96575.333306	0.000000	-121.568905
555.000000	32013.163719	-96636.117758	0.000000	-121.502980
555.500000	32013.163719	-96696.869248	0.000000	-121.437157
556.000000	32013.163719	-96757.587826	0.000000	-121.371435
556.500000	32013.163719	-96818.273544	0.000000	-121.305814
557.000000	32013.163719	-96878.926451	0.000000	-121.240293
557.500000	32013.163719	-96939.546597	0.000000	-121.174873
558.000000	32013.163719	-97000.134034	0.000000	-121.109553
558.500000	32013.163719	-97060.688810	0.000000	-121.044333
559.000000	32013.163719	-97121.210976	0.000000	-120.979212
559.500000	32013.163719	-97181.700583	0.000000	-120.914191
560.000000	32013.163719	-97242.157678	0.000000	-120.849269
560.500000	32013.163719	-97302.582313	0.000000	-120.784446
561.000000	32013.163719	-97362.974536	0.000000	-120.719722
561.500000	32013.163719	-97423.334397	0.000000	-120.655096
562.000000	32013.163719	-97483.661945	0.000000	-120.590568
562.500000	32013.163719	-97543.957229	0.000000	-120.526138
563.000000	32013.163719	-97604.220297	0.000000	-120.461805
563.500000	32013.163719	-97664.451200	0.000000	-120.397570
564.000000	32013.163719	-97724.649985	0.000000	-120.333432
564.500000	32013.163719	-97784.816701	0.000000	-120.269391
565.000000	32013.163719	-97844.951397	0.000000	-120.205447
565.500000	32013.163719	-97905.054120	0.000000	-120.141599
566.000000	32013.163719	-97965.124920	0.000000	-120.077847
566.500000	32013.163719	-98025.163843	0.000000	-120.014191
567.000000	32013.163719	-98085.170939	0.000000	-119.950631
567.500000	32013.163719	-98145.146254	0.000000	-119.887166
568.000000	32013.163719	-98205.089837	0.000000	-119.823797
568.500000	32013.163719	-98265.001736	0.000000	-119.760522
569.000000	32013.163719	-98324.881997	0.000000	-119.697342
569.500000	32013.163719	-98384.730668	0.000000	-119.634257
570.000000	32013.163719	-98444.547797	0.000000	-119.571266
570.500000	32013.163719	-98504.333430	0.000000	-119.508369
571.000000	32013.163719	-98564.087614	0.000000	-119.445566
571.500000	32013.163719	-98623.810397	0.000000	-119.382856
572.000000	32013.163719	-98683.501826	0.000000	-119.320240
572.500000	32013.163719	-98743.161946	0.000000	-119.257717
573.000000	32013.163719	-98802.790804	0.000000	-119.195287
573.500000	32013.163719	-98862.388448	0.000000	-119.132949
574.000000	32013.163719	-98921.954922	0.000000	-119.070704
574.500000	32013.163719	-98981.490274	0.000000	-119.008551
575.000000	32013.163719	-99040.994550	0.000000	-118.946490
575.500000	32013.163719	-99100.467795	0.000000	-118.884521
576.000000	32013.163719	-99159.910055	0.000000	-118.822643
576.500000	32013.163719	-99219.321377	0.000000	-118.760857
577.000000	32013.163719	-99278.701805	0.000000	-118.699161
577.500000	32013.163719	-99338.051385	0.000000	-118.637557
578.000000	32013.163719	-99397.370164	0.000000	-118.576043
578.500000	32013.163719	-99456.658185	0.000000	-118.514619
579.000000	32013.163719	-99515.915495	0.000000	-118.453286
579.500000	32013.163719	-99575.142137	0.000000	-118.392042
580.000000	32013.163719	-99634.338159	0.000000	-118.330889
580.500000	32013.163719	-99693.503603	0.000000	-118.269825
581.000000	32013.163719	-99752.638515	0.000000	-118.208850
581.500000	32013.163719	-99811.742940	0.000000	-118.147964
582.000000	32013.163719	-99870.816922	0.000000	-118.087167
582.500000	32013.163719	-99929.860506	0.000000	-118.026459
583.000000	32013.163719	-99988.873736	0.000000	-117.965839
583.500000	32013.163719	-100047.856655	0.000000	-117.905308
584.000000	32013.163719	-100106.809309	0.000000	-117.844864
584.500000	32013.163719	-100165.731742	0.000000	-117.784509
585.000000	32013.163719	-100224.623996	0.000000	-117.724241
585.500000	32013.163719	-100283.486116	0.000000	-117.664060
586.000000	32013.163719	-100342.318146	0.000000	-117.603967
586.500000	32013.163719	-100401.120130	0.000000	-117.543960
587.000000	32013.163719	-100459.892110	0.000000	-117.484040
587.500000	32013.163719	-100518.634130	0.000000	-117.424207
588.000000	32013.163719	-100577.346233	0.000000	-117.364460
588.500000	32013.163719	-100636.028463	0.000000	-117.304799
589.000000	32013.163719	-100694.680863	0.000000	-117.245225
589.500000	32013.163719	-100753.303475	0.000000	-117.185735
590.000000	32013.163719	-100811.896343	0.000000	-117.126332
590.500000	32013.163719	-100870.459509	0.000000	-117.067014
591.000000	32013.163719	-100928.993016	0.000000	-117.007780
591.500000	32013.163719	-100987.496906	0.000000	-116.948632
592.000000	32013.163719	-101045.971222	0.000000	-116.889569
592.500000	32013.163719	-101104.416006	0.000000	-116.830590
593.000000	32013.163719	-101162.831301	0.000000	-116.771695
593.500000	32013.163719	-101221.217149	0.000000	-116.712884
594.000000	32013.163719	-101279.573591	0.000000	-116.654157
594.500000	32013.163719	-101337.900669	0.000000	-116.595514
595.000000	32013.163719	-101396.198426	0.000000	-116.536955
595.500000	32013.163719	-101454.466904	0.000000	-116.478479
596.000000	32013.163719	-101512.706143	0.000000	-116.420086
596.500000	32013.163719	-101570.916186	0.000000	-116.361775
597.000000	32013.163719	-101629.097074	0.000000	-116.303548
597.500000	32013.163719	-101687.248848	0.000000	-116.245403
598.000000	32013.163719	-101745.371549	0.000000	-116.187340
598.500000	32013.163719	-101803.465219	0.000000	-116.129360
599.000000	32013.163719	-101861.529899	0.000000	-116.071461
599.500000	32013.163719	-101919.565630	0.000000	-116.013645
600.000000	32013.163719	-101977.572453	0.000000	-115.955910
600.500000	32013.163719	-102035.550407	0.000000	-115.898256
601.000000	32013.163719	-102093.499535	0.000000	-115.840683
601.500000	32013.163719	-102151.419877	0.000000	-115.783192
602.000000	32013.163719	-102209.311473	0.000000	-115.725781
602.500000	32013.163719	-102267.174363	0.000000	-115.668451
603.000000	32013.163719	-102325.008588	0.000000	-115.611201
603.500000	32013.163719	-102382.814189	0.000000	-115.554031
604.000000	32013.163719	-102440.591204	0.000000	-115.496942
604.500000	32013.163719	-102498.339675	0.000000	-115.439932
605.000000	32013.163719	-102556.059641	0.000000	-115.383002
605.500000	32013.163719	-102613.751142	0.000000	-115.326152
606.000000	32013.163719	-102671.414218	0.000000	-115.269381
606.500000	32013.163719	-102729.048909	0.000000	-115.212689
607.000000	32013.163719	-102786.655253	0.000000	-115.156076
607.500000	32013.163719	-102844.233291	0.000000	-115.099542
608.000000	32013.163719	-102901.783062	0.000000	-115.043086
608.500000	32013.163719	-102959.304605	0.000000	-114.986709
609.000000	32013.163719	-103016.797959	0.000000	-114.930410
609.500000	32013.163719	-103074.263164	0.000000	-114.874189
610.000000	32013.163719	-103131.700258	0.000000	-114.818046
610.500000	32013.163719	-103189.109281	0.000000	-114.761980
611.000000	32013.163719	-103246.490271	0.000000	-114.705992
611.500000	32013.163719	-103303.843267	0.000000	-114.650082
612.000000	32013.163719	-103361.168308	0.000000	-114.594248
612.500000	32013.163719	-103418.465432	0.000000	-114.538492
613.000000	32013.163719	-103475.734678	0.000000	-114.482812
613.500000	32013.163719	-103532.976084	0.000000	-114.427209
614.000000	32013.163719	-103590.189688	0.000000	-114.371682
614.500000	32013.163719	-103647.375529	0.000000	-114.316232
615.000000	32013.163719	-103704.533645	0.000000	-114.260858
615.500000	32013.163719	-103761.664074	0.000000	-114.205560
616.000000	32013.163719	-103818.766854	0.000000	-114.150337
616.500000	32013.163719	-103875.842022	0.000000	-114.095190
617.000000	32013.163719	-103932.889617	0.000000	-114.040119
617.500000	32013.163719	-103989.909677	0.000000	-113.985122
618.000000	32013.163719	-104046.902238	0.000000	-113.930201
618.500000	32013.163719	-104103.867338	0.000000	-113.875355
619.000000	32013.163719	-104160.805016	0.000000	-113.820583
619.500000	32013.163719	-104217.715307	0.000000	-113.765886
620.000000	32013.163719	-104274.598250	0.000000	-113.711264
620.500000	32013.163719	-104331.453882	0.000000	-113.656715
621.000000	32013.163719	-104388.282240	0.000000	-113.602241
621.500000	32013.163719	-104445.083360	0.000000	-113.547840
622.000000	32013.163719	-104501.857280	0.000000	-113.493514
622.500000	32013.163719	-104558.604037	0.000000	-113.439261
623.000000	32013.163719	-104615.323667	0.000000	-113.385081
623.500000	32013.163719	-104672.016208	0.000000	-113.330974
624.000000	32013.163719	-104728.681695	0.000000	-113.276941
624.500000	32013.163719	-104785.320165	0.000000	-113.222980
625.000000	32013.163719	-104841.931655	0.000000	-113.169092
625.500000	32013.163719	-104898.516202	0.000000	-113.115277
626.000000	32013.163719	-104955.073840	0.000000	-113.061534
626.500000	32013.163719	-105011.604607	0.000000	-113.007864
627.000000	32013.163719	-105068.108539	0.000000	-112.954265
627.500000	32013.163719	-105124.585672	0.000000	-112.900739
628.000000	32013.163719	-105181.036042	0.000000	-112.847284
628.500000	32013.163719	-105237.459684	0.000000	-112.793901
629.000000	32013.163719	-105293.856634	0.000000	-112.740589
629.500000	32013.163719	-105350.226929	0.000000	-112.687349
630.000000	32013.163719	-105406.570603	0.000000	-112.634180
630.500000	32013.163719	-105462.887693	0.000000	-112.581081
631.000000	32013.163719	-105519.178234	0.000000	-112.528054
631.500000	32013.163719	-105575.442261	0.000000	-112.475097
632.000000	32013.163719	-105631.679810	0.000000	-112.422211
632.500000	32013.163719	-105687.890915	0.000000	-112.369395
633.000000	32013.163719	-105744.075613	0.000000	-112.316649
633.500000	32013.163719	-105800.233937	0.000000	-112.263974
634.000000	32013.163719	-105856.365924	0.000000	-112.211368
634.500000	32013.163719	-105912.471608	0.000000	-112.158832
635.000000	32013.163719	-105968.551024	0.000000	-112.106366
635.500000	32013.163719	-106024.604207	0.000000	-112.053969
636.000000	32013.163719	-106080.631192	0.000000	-112.001641
636.500000	32013.163719	-106136.632012	0.000000	-111.949382
637.000000	32013.163719	-106192.606703	0.000000	-111.897193
637.500000	32013.163719	-106248.555300	0.000000	-111.845072
638.000000	32013.163719	-106304.477836	0.000000	-111.793020
638.500000	32013.163719	-106360.374346	0.000000	-111.741036
639.000000	32013.163719	-106416.244864	0.000000	-111.689121
639.500000	32013.163719	-106472.089424	0.000000	-111.637274
640.000000	32013.163719	-106527.908061	0.000000	-111.585495
640.500000	32013.163719	-106583.700809	0.000000	-111.533784
641.000000	32013.163719	-106639.467701	0.000000	-111.482141
641.500000	32013.163719	-106695.208772	0.000000	-111.430566
642.000000	32013.163719	-106750.924055	0.000000	-111.379058
642.500000	32013.163719	-106806.613583	0.000000	-111.327617
643.000000	32013.163719	-106862.277392	0.000000	-111.276243
643.500000	32013.163719	-106917.915514	0.000000	-111.224937
644.000000	32013.163719	-106973.527982	0.000000	-111.173697
644.500000	32013.163719	-107029.114831	0.000000	-111.122525
645.000000	32013.163719	-107084.676093	0.000000	-111.071418
645.500000	32013.163719	-107140.211802	0.000000	-111.020379
646.000000	32013.163719	-107195.721992	0.000000	-110.969405
646.500000	32013.163719	-107251.206694	0.000000	-110.918498
647.000000	32013.163719	-107306.665944	0.000000	-110.867657
647.500000	32013.163719	-107362.099772	0.000000	-110.816882
648.000000	32013.163719	-107417.508213	0.000000	-110.766173
648.500000	32013.163719	-107472.891299	0.000000	-110.715529
649.000000	32013.163719	-107528.249064	0.000000	-110.664950
649.500000	32013.163719	-107583.581539	0.000000	-110.614437
