0.000000	0.000000	0.000000	239.414100	657.784834
0.500000	119.707050	328.892417	236.062303	643.670847
1.000000	237.738202	650.727841	232.825450	629.939924
1.500000	354.150927	965.697803	229.698189	616.573708
2.000000	469.000022	1273.984656	226.675500	603.554969
2.500000	582.337772	1575.762141	223.752667	590.867522
3.000000	694.214105	1871.195902	220.925263	578.496148
3.500000	804.676737	2160.443976	218.189121	566.426518
4.000000	913.771297	2443.657235	215.540318	554.645133
4.500000	1021.541456	2720.979801	212.975157	543.139260
5.000000	1128.029034	2992.549431	210.490151	531.896882
5.500000	1233.274110	3258.497872	208.082010	520.906644
6.000000	1337.315115	3518.951194	205.747623	510.157806
6.500000	1440.188927	3774.030097	203.484051	499.640207
7.000000	1541.930952	4023.850201	201.288512	489.344220
7.500000	1642.575208	4268.522311	199.158370	479.260721
8.000000	1742.154393	4508.152671	197.091130	469.381051
8.500000	1840.699958	4742.843196	195.084423	459.696991
9.000000	1938.242169	4972.691692	193.136002	450.200732
9.500000	2034.810170	5197.792058	191.243733	440.884847
10.000000	2130.432037	5418.234481	189.405589	431.742270
10.500000	2225.134831	5634.105616	187.619641	422.766274
11.000000	2318.944652	5845.488753	185.884053	413.950446
11.500000	2411.886678	6052.463977	184.197078	405.288675
12.000000	2503.985217	6255.108314	182.557051	396.775126
12.500000	2595.263743	6453.495877	180.962386	388.404232
13.000000	2685.744936	6647.697993	179.411568	380.170671
13.500000	2775.450720	6837.783328	177.903152	372.069358
14.000000	2864.402296	7023.818007	176.435758	364.095427
14.500000	2952.620175	7205.865721	175.008066	356.244222
15.000000	3040.124208	7383.987832	173.618816	348.511282
15.500000	3126.933616	7558.243473	172.266801	340.892334
16.000000	3213.067017	7728.689640	170.950866	333.383278
16.500000	3298.542450	7895.381279	169.669904	325.980184
17.000000	3383.377402	8058.371371	168.422854	318.679277
17.500000	3467.588829	8217.711009	167.208701	311.476931
18.000000	3551.193179	8373.449474	166.026467	304.369662
18.500000	3634.206413	8525.634305	164.875217	297.354121
19.000000	3716.644022	8674.311365	163.754049	290.427084
19.500000	3798.521046	8819.524907	162.662099	283.585449
20.000000	3879.852096	8961.317632	161.598535	276.826228
20.500000	3960.651363	9099.730746	160.562554	270.146542
21.000000	4040.932640	9234.804017	159.553386	263.543616
21.500000	4120.709333	9366.575824	158.570285	257.014772
22.000000	4199.994476	9495.083210	157.612536	250.557427
22.500000	4278.800744	9620.361924	156.679444	244.169087
23.000000	4357.140466	9742.446467	155.770342	237.847342
23.500000	4435.025637	9861.370139	154.884581	231.589865
24.000000	4512.467927	9977.165071	154.021535	225.394403
24.500000	4589.478695	10089.862273	153.180599	219.258781
25.000000	4666.068995	10199.491663	152.361183	213.180890
25.500000	4742.249586	10306.082108	151.562717	207.158692
26.000000	4818.030945	10409.661454	150.784647	201.190211
26.500000	4893.423268	10510.256560	150.026433	195.273534
27.000000	4968.436485	10607.893327	149.287549	189.406807
27.500000	5043.080259	10702.596731	148.567483	183.588232
28.000000	5117.364000	10794.390847	147.865735	177.816066
28.500000	5191.296868	10883.298880	147.181816	172.088619
29.000000	5264.887776	10969.343189	146.515246	166.404250
29.500000	5338.145399	11052.545314	145.865557	160.761367
30.000000	5411.078177	11132.925997	145.232285	155.158425
30.500000	5483.694320	11210.505210	144.614978	149.593927
31.000000	5556.001809	11285.302173	144.013186	144.066416
31.500000	5628.008402	11357.335381	143.426468	138.574481
32.000000	5699.721636	11426.622622	142.854384	133.116750
32.500000	5771.148828	11493.180997	142.296502	127.691896
33.000000	5842.297079	11557.026945	141.752390	122.298629
33.500000	5913.173274	11618.176259	141.221617	116.935698
34.000000	5983.784082	11676.644108	140.703755	111.601893
34.500000	6054.135960	11732.445055	140.198376	106.296041
35.000000	6124.235148	11785.593075	139.705049	101.017010
35.500000	6194.087672	11836.101580	139.223345	95.763702
36.000000	6263.699345	11883.983431	138.752829	90.535061
36.500000	6333.075759	11929.250962	138.293065	85.330069
37.000000	6402.222292	11971.915997	137.843613	80.147747
37.500000	6471.144098	12011.989870	137.404028	74.987155
38.000000	6539.846112	12049.483447	136.973860	69.847394
38.500000	6608.333042	12084.407144	136.552652	64.727606
39.000000	6676.609368	12116.770947	136.139944	59.626978
39.500000	6744.679340	12146.584436	135.735268	54.544736
40.000000	6812.546974	12173.856804	135.338148	49.480155
40.500000	6880.216048	12198.596882	134.948104	44.432554
41.000000	6947.690100	12220.813159	134.564650	39.401299
41.500000	7014.972425	12240.513808	134.187292	34.385806
42.000000	7082.066071	12257.706711	133.815531	29.385542
42.500000	7148.973836	12272.399482	133.448866	24.400023
43.000000	7215.698269	12284.599494	133.086789	19.428820
43.500000	7282.241664	12294.313904	132.728792	14.471558
44.000000	7348.606060	12301.549683	132.374366	9.527914
44.500000	7414.793243	12306.313640	132.023000	4.597624
45.000000	7480.804743	12308.612452	131.674187	-0.319523
45.500000	7546.641836	12308.452690	131.327424	-5.223682
46.000000	7612.305548	12305.840849	130.982213	-10.114951
46.500000	7677.796655	12300.783374	130.638065	-14.993374
47.000000	7743.115687	12293.286686	130.294498	-19.858943
47.500000	7808.262936	12283.357215	129.951044	-24.711595
48.000000	7873.238458	12271.001417	129.607246	-29.551218
48.500000	7938.042081	12256.225808	129.262663	-34.377651
49.000000	8002.673413	12239.036982	128.916870	-39.190687
49.500000	8067.131848	12219.441639	128.569459	-43.990074
50.000000	8131.416578	12197.446602	128.220041	-48.775521
50.500000	8195.526598	12173.058841	127.868247	-53.546696
51.000000	8259.460722	12146.285493	127.513726	-58.303236
51.500000	8323.217585	12117.133875	127.156150	-63.044741
52.000000	8386.795660	12085.611505	126.795212	-67.770786
52.500000	8450.193266	12051.726112	126.430624	-72.480917
53.000000	8513.408578	12015.485653	126.062121	-77.174660
53.500000	8576.439639	11976.898323	125.689458	-81.851517
54.000000	8639.284368	11935.972565	125.312411	-86.510976
54.500000	8701.940573	11892.717077	124.930775	-91.152509
55.000000	8764.405961	11847.140823	124.544365	-95.775575
55.500000	8826.678143	11799.253035	124.153016	-100.379625
56.000000	8888.754651	11749.063223	123.756580	-104.964100
56.500000	8950.632941	11696.581173	123.354929	-109.528439
57.000000	9012.310406	11641.816953	122.947948	-114.072076
57.500000	9073.784380	11584.780915	122.535541	-118.594442
58.000000	9135.052150	11525.483694	122.117628	-123.094970
58.500000	9196.110964	11463.936209	121.694141	-127.573094
59.000000	9256.958035	11400.149662	121.265029	-132.028252
59.500000	9317.590549	11334.135536	120.830253	-136.459886
60.000000	9378.005676	11265.905594	120.389786	-140.867443
60.500000	9438.200568	11195.471872	119.943613	-145.250379
61.000000	9498.172375	11122.846683	119.491732	-149.608156
61.500000	9557.918241	11048.042605	119.034149	-153.940245
62.000000	9617.435315	10971.072482	118.570883	-158.246129
62.500000	9676.720757	10891.949418	118.101960	-162.525299
63.000000	9735.771737	10810.686768	117.627417	-166.777258
63.500000	9794.585445	10727.298139	117.147296	-171.001522
64.000000	9853.159093	10641.797378	116.661650	-175.197618
64.500000	9911.489918	10554.198569	116.170538	-179.365087
65.000000	9969.575187	10464.516025	115.674027	-183.503483
65.500000	10027.412201	10372.764284	115.172188	-187.612374
66.000000	10084.998295	10278.958097	114.665100	-191.691342
66.500000	10142.330845	10183.112426	114.152848	-195.739984
67.000000	10199.407269	10085.242434	113.635520	-199.757913
67.500000	10256.225029	9985.363478	113.113211	-203.744754
68.000000	10312.781634	9883.491101	112.586018	-207.700150
68.500000	10369.074643	9779.641026	112.054045	-211.623759
69.000000	10425.101666	9673.829146	111.517397	-215.515254
69.500000	10480.860365	9566.071520	110.976185	-219.374323
70.000000	10536.348457	9456.384358	110.430522	-223.200672
70.500000	10591.563718	9344.784022	109.880523	-226.994021
71.000000	10646.503980	9231.287011	109.326306	-230.754107
71.500000	10701.167133	9115.909958	108.767994	-234.480681
72.000000	10755.551130	8998.669617	108.205708	-238.173512
72.500000	10809.653984	8879.582861	107.639573	-241.832383
73.000000	10863.473770	8758.666669	107.069717	-245.457095
73.500000	10917.008629	8635.938122	106.496266	-249.047461
74.000000	10970.256762	8511.414392	105.919351	-252.603312
74.500000	11023.216437	8385.112736	105.339101	-256.124494
75.000000	11075.885988	8257.050488	104.755648	-259.610869
75.500000	11128.263812	8127.245054	104.169122	-263.062312
76.000000	11180.348373	7995.713898	103.579658	-266.478714
76.500000	11232.138202	7862.474541	102.987386	-269.859981
77.000000	11283.631895	7727.544550	102.392441	-273.206033
77.500000	11334.828115	7590.941534	101.794954	-276.516804
78.000000	11385.725592	7452.683132	101.195058	-279.792242
78.500000	11436.323121	7312.787011	100.592887	-283.032310
79.000000	11486.619565	7171.270856	99.988572	-286.236983
79.500000	11536.613851	7028.152365	99.382244	-289.406251
80.000000	11586.304973	6883.449239	98.774035	-292.540115
80.500000	11635.691990	6737.179182	98.164075	-295.638590
81.000000	11684.774028	6589.359887	97.552494	-298.701703
81.500000	11733.550274	6440.009036	96.939419	-301.729495
82.000000	11782.019984	6289.144288	96.324979	-304.722016
82.500000	11830.182474	6136.783280	95.709301	-307.679330
83.000000	11878.037124	5982.943615	95.092508	-310.601510
83.500000	11925.583378	5827.642860	94.474726	-313.488644
84.000000	11972.820742	5670.898538	93.856078	-316.340826
84.500000	12019.748780	5512.728125	93.236683	-319.158163
85.000000	12066.367122	5353.149044	92.616663	-321.940773
85.500000	12112.675453	5192.178657	91.996134	-324.688783
86.000000	12158.673520	5029.834266	91.375215	-327.402327
86.500000	12204.361128	4866.133102	90.754021	-330.081553
87.000000	12249.738138	4701.092326	90.132663	-332.726614
87.500000	12294.804470	4534.729019	89.511255	-335.337673
88.000000	12339.560098	4367.060182	88.889906	-337.914902
88.500000	12384.005051	4198.102732	88.268725	-340.458479
89.000000	12428.139413	4027.873492	87.647816	-342.968593
89.500000	12471.963321	3856.389195	87.027285	-345.445438
90.000000	12515.476964	3683.666477	86.407235	-347.889214
90.500000	12558.680581	3509.721870	85.787765	-350.300131
91.000000	12601.574464	3334.571804	85.168975	-352.678404
91.500000	12644.158952	3158.232602	84.550961	-355.024253
92.000000	12686.434432	2980.720476	83.933817	-357.337906
92.500000	12728.401341	2802.051523	83.317637	-359.619595
93.000000	12770.060160	2622.241725	82.702512	-361.869559
93.500000	12811.411415	2441.306946	82.088528	-364.088041
94.000000	12852.455679	2259.262925	81.475775	-366.275289
94.500000	12893.193567	2076.125281	80.864335	-368.431556
95.000000	12933.625735	1891.909503	80.254293	-370.557098
95.500000	12973.752881	1706.630954	79.645727	-372.652177
96.000000	13013.575744	1520.304865	79.038718	-374.717058
96.500000	13053.095103	1332.946336	78.433341	-376.752010
97.000000	13092.311774	1144.570331	77.829672	-378.757303
97.500000	13131.226610	955.191680	77.227782	-380.733212
98.000000	13169.840501	764.825074	76.627743	-382.680017
98.500000	13208.154372	573.485065	76.029622	-384.597996
99.000000	13246.169183	381.186068	75.433488	-386.487432
99.500000	13283.885927	187.942351	74.839404	-388.348611
100.000000	13321.305629	-6.231954	74.247433	-390.181820
100.500000	13358.429346	-201.322864	73.657636	-391.987346
101.000000	13395.258164	-397.316537	73.070073	-393.765481
101.500000	13431.793200	-594.199277	72.484799	-395.516515
102.000000	13468.035600	-791.957535	71.901871	-397.240742
102.500000	13503.986535	-990.577906	71.321342	-398.938456
103.000000	13539.647206	-1190.047134	70.743263	-400.609951
103.500000	13575.018838	-1390.352110	70.167684	-402.255522
104.000000	13610.102679	-1591.479871	69.594653	-403.875466
104.500000	13644.900006	-1793.417604	69.024217	-405.470078
105.000000	13679.412114	-1996.152643	68.456419	-407.039656
105.500000	13713.640324	-2199.672471	67.891303	-408.584494
106.000000	13747.585976	-2403.964718	67.328910	-410.104890
106.500000	13781.250430	-2609.017163	66.769279	-411.601139
107.000000	13814.635070	-2814.817732	66.212447	-413.073537
107.500000	13847.741293	-3021.354500	65.658452	-414.522379
108.000000	13880.570520	-3228.615690	65.107328	-415.947960
108.500000	13913.124184	-3436.589670	64.559108	-417.350573
109.000000	13945.403738	-3645.264956	64.013823	-418.730510
109.500000	13977.410650	-3854.630211	63.471504	-420.088064
110.000000	14009.146402	-4064.674244	62.932179	-421.423526
110.500000	14040.612491	-4275.386007	62.395876	-422.737184
111.000000	14071.810429	-4486.754598	61.862619	-424.029327
111.500000	14102.741739	-4698.769262	61.332434	-425.300241
112.000000	14133.407956	-4911.419382	60.805343	-426.550212
112.500000	14163.810627	-5124.694488	60.281368	-427.779523
113.000000	14193.951311	-5338.584250	59.760530	-428.988457
113.500000	14223.831577	-5553.078478	59.242848	-430.177293
114.000000	14253.453000	-5768.167125	58.728338	-431.346311
114.500000	14282.817169	-5983.840281	58.217019	-432.495787
115.000000	14311.925679	-6200.088174	57.708905	-433.625994
115.500000	14340.780131	-6416.901171	57.204011	-434.737207
116.000000	14369.382136	-6634.269775	56.702349	-435.829696
116.500000	14397.733311	-6852.184623	56.203932	-436.903729
117.000000	14425.835277	-7070.636487	55.708771	-437.959572
117.500000	14453.689663	-7289.616273	55.216876	-438.997490
118.000000	14481.298100	-7509.115018	54.728254	-440.017745
118.500000	14508.662227	-7729.123891	54.242915	-441.020596
119.000000	14535.783685	-7949.634189	53.760865	-442.006300
119.500000	14562.664118	-8170.637339	53.282110	-442.975112
120.000000	14589.305173	-8392.124895	52.806654	-443.927286
120.500000	14615.708500	-8614.088538	52.334503	-444.863069
121.000000	14641.875751	-8836.520073	51.865658	-445.782711
121.500000	14667.808580	-9059.411428	51.400122	-446.686457
122.000000	14693.508641	-9282.754657	50.937897	-447.574548
122.500000	14718.977590	-9506.541931	50.478984	-448.447226
123.000000	14744.217082	-9730.765544	50.023381	-449.304726
123.500000	14769.228772	-9955.417907	49.571089	-450.147285
124.000000	14794.014317	-10180.491549	49.122105	-450.975135
124.500000	14818.575369	-10405.979117	48.676428	-451.788505
125.000000	14842.913583	-10631.873369	48.234053	-452.587622
125.500000	14867.030610	-10858.167180	47.794978	-453.372711
126.000000	14890.928099	-11084.853536	47.359198	-454.143994
126.500000	14914.607698	-11311.925533	46.926707	-454.901691
127.000000	14938.071052	-11539.376378	46.497501	-455.646017
127.500000	14961.319802	-11767.199387	46.071572	-456.377187
128.000000	14984.355589	-11995.387980	45.648915	-457.095412
128.500000	15007.180046	-12223.935686	45.229521	-457.800901
129.000000	15029.794806	-12452.836137	44.813382	-458.493861
129.500000	15052.201497	-12682.083067	44.400491	-459.174493
130.000000	15074.401743	-12911.670314	43.990837	-459.843001
130.500000	15096.397161	-13141.591814	43.584413	-460.499581
131.000000	15118.189368	-13371.841605	43.181207	-461.144430
131.500000	15139.779971	-13602.413820	42.781209	-461.777741
132.000000	15161.170576	-13833.302691	42.384409	-462.399704
132.500000	15182.362780	-14064.502543	41.990795	-463.010508
133.000000	15203.358178	-14296.007797	41.600356	-463.610337
133.500000	15224.158356	-14527.812966	41.213079	-464.199375
134.000000	15244.764895	-14759.912653	40.828952	-464.777802
134.500000	15265.179371	-14992.301554	40.447963	-465.345796
135.000000	15285.403352	-15224.974452	40.070097	-465.903532
135.500000	15305.438401	-15457.926218	39.695343	-466.451184
136.000000	15325.286073	-15691.151810	39.323686	-466.988921
136.500000	15344.947915	-15924.646270	38.955111	-467.516911
137.000000	15364.425471	-16158.404726	38.589606	-468.035321
137.500000	15383.720274	-16392.422387	38.227154	-468.544314
138.000000	15402.833851	-16626.694544	37.867741	-469.044049
138.500000	15421.767722	-16861.216568	37.511353	-469.534687
139.000000	15440.523398	-17095.983912	37.157973	-470.016382
139.500000	15459.102385	-17330.992103	36.807586	-470.489288
140.000000	15477.506178	-17566.236746	36.460176	-470.953557
140.500000	15495.736266	-17801.713525	36.115728	-471.409339
141.000000	15513.794129	-18037.418194	35.774224	-471.856779
141.500000	15531.681241	-18273.346584	35.435649	-472.296023
142.000000	15549.399066	-18509.494595	35.099986	-472.727213
142.500000	15566.949058	-18745.858202	34.767218	-473.150489
143.000000	15584.332667	-18982.433446	34.437328	-473.565990
143.500000	15601.551331	-19219.216442	34.110300	-473.973852
144.000000	15618.606481	-19456.203368	33.786116	-474.374207
144.500000	15635.499539	-19693.390471	33.464759	-474.767189
145.000000	15652.231919	-19930.774066	33.146211	-475.152926
145.500000	15668.805024	-20168.350529	32.830455	-475.531547
146.000000	15685.220252	-20406.116303	32.517473	-475.903176
146.500000	15701.478989	-20644.067891	32.207248	-476.267938
147.000000	15717.582613	-20882.201860	31.899762	-476.625954
147.500000	15733.532494	-21120.514837	31.594997	-476.977343
148.000000	15749.329992	-21359.003509	31.292934	-477.322224
148.500000	15764.976459	-21597.664621	30.993557	-477.660712
149.000000	15780.473238	-21836.494977	30.696846	-477.992921
149.500000	15795.821661	-22075.491437	30.402784	-478.318963
150.000000	15811.023053	-22314.650919	30.111353	-478.638949
150.500000	15826.078729	-22553.970393	29.822533	-478.952986
151.000000	15840.989996	-22793.446886	29.536308	-479.261181
151.500000	15855.758150	-23033.077476	29.252659	-479.563640
152.000000	15870.384480	-23272.859296	28.971567	-479.860465
152.500000	15884.870263	-23512.789529	28.693015	-480.151758
153.000000	15899.216771	-23752.865408	28.416983	-480.437618
153.500000	15913.425262	-23993.084217	28.143454	-480.718144
154.000000	15927.496989	-24233.443289	27.872410	-480.993431
154.500000	15941.433194	-24473.940004	27.603831	-481.263575
155.000000	15955.235110	-24714.571792	27.337700	-481.528669
155.500000	15968.903959	-24955.336127	27.073998	-481.788805
156.000000	15982.440959	-25196.230529	26.812708	-482.044071
156.500000	15995.847312	-25437.252565	26.553810	-482.294558
157.000000	16009.124217	-25678.399844	26.297287	-482.540352
157.500000	16022.272861	-25919.670020	26.043120	-482.781537
158.000000	16035.294421	-26161.060788	25.791292	-483.018200
158.500000	16048.190067	-26402.569888	25.541784	-483.250421
159.000000	16060.960958	-26644.195099	25.294577	-483.478282
159.500000	16073.608247	-26885.934240	25.049655	-483.701863
160.000000	16086.133075	-27127.785171	24.806999	-483.921243
160.500000	16098.536575	-27369.745793	24.566591	-484.136498
161.000000	16110.819870	-27611.814042	24.328414	-484.347703
161.500000	16122.984077	-27853.987893	24.092448	-484.554934
162.000000	16135.030301	-28096.265361	23.858678	-484.758264
162.500000	16146.959640	-28338.644493	23.627084	-484.957763
163.000000	16158.773182	-28581.123374	23.397649	-485.153504
163.500000	16170.472007	-28823.700126	23.170356	-485.345554
164.000000	16182.057185	-29066.372903	22.945188	-485.533982
164.500000	16193.529779	-29309.139894	22.722126	-485.718855
165.000000	16204.890841	-29551.999322	22.501153	-485.900239
165.500000	16216.141418	-29794.949442	22.282252	-486.078198
166.000000	16227.282544	-30037.988541	22.065406	-486.252795
166.500000	16238.315247	-30281.114938	21.850598	-486.424093
167.000000	16249.240546	-30524.326985	21.637811	-486.592153
167.500000	16260.059452	-30767.623062	21.427027	-486.757035
168.000000	16270.772965	-31011.001579	21.218230	-486.918798
168.500000	16281.382080	-31254.460978	21.011403	-487.077500
169.000000	16291.887781	-31497.999728	20.806529	-487.233197
169.500000	16302.291046	-31741.616327	20.603591	-487.385946
170.000000	16312.592841	-31985.309300	20.402574	-487.535802
170.500000	16322.794128	-32229.077201	20.203460	-487.682818
171.000000	16332.895858	-32472.918610	20.006233	-487.827047
171.500000	16342.898975	-32716.832133	19.810878	-487.968542
172.000000	16352.804414	-32960.816404	19.617377	-488.107353
172.500000	16362.613102	-33204.870081	19.425714	-488.243530
173.000000	16372.325959	-33448.991846	19.235875	-488.377123
173.500000	16381.943896	-33693.180407	19.047842	-488.508180
174.000000	16391.467817	-33937.434497	18.861600	-488.636748
174.500000	16400.898617	-34181.752872	18.677133	-488.762875
175.000000	16410.237184	-34426.134309	18.494426	-488.886605
175.500000	16419.484397	-34670.577611	18.313463	-489.007983
176.000000	16428.641128	-34915.081603	18.134229	-489.127054
176.500000	16437.708243	-35159.645130	17.956708	-489.243862
177.000000	16446.686597	-35404.267061	17.780886	-489.358447
177.500000	16455.577040	-35648.946284	17.606746	-489.470853
178.000000	16464.380413	-35893.681711	17.434275	-489.581119
178.500000	16473.097551	-36138.472271	17.263457	-489.689287
179.000000	16481.729279	-36383.316914	17.094278	-489.795396
179.500000	16490.276418	-36628.214612	16.926722	-489.899484
180.000000	16498.739779	-36873.164354	16.760775	-490.001590
180.500000	16507.120166	-37118.165149	16.596423	-490.101750
181.000000	16515.418378	-37363.216025	16.433651	-490.200002
181.500000	16523.635203	-37608.316026	16.272445	-490.296381
182.000000	16531.771425	-37853.464216	16.112790	-490.390923
182.500000	16539.827820	-38098.659678	15.954674	-490.483663
183.000000	16547.805157	-38343.901510	15.798081	-490.574633
183.500000	16555.704198	-38589.188826	15.642998	-490.663869
184.000000	16563.525696	-38834.520761	15.489411	-490.751402
184.500000	16571.270402	-39079.896462	15.337306	-490.837264
185.000000	16578.939055	-39325.315094	15.186670	-490.921488
185.500000	16586.532390	-39570.775838	15.037489	-491.004104
186.000000	16594.051134	-39816.277890	14.889751	-491.085143
186.500000	16601.496010	-40061.820462	14.743441	-491.164634
187.000000	16608.867730	-40307.402779	14.598547	-491.242607
187.500000	16616.167004	-40553.024082	14.455055	-491.319090
188.000000	16623.394531	-40798.683627	14.312952	-491.394112
188.500000	16630.551007	-41044.380683	14.172227	-491.467701
189.000000	16637.637120	-41290.114534	14.032865	-491.539882
189.500000	16644.653553	-41535.884475	13.894854	-491.610685
190.000000	16651.600980	-41781.689817	13.758183	-491.680133
190.500000	16658.480071	-42027.529884	13.622837	-491.748253
191.000000	16665.291490	-42273.404010	13.488806	-491.815071
191.500000	16672.035893	-42519.311546	13.356076	-491.880611
192.000000	16678.713931	-42765.251851	13.224636	-491.944896
192.500000	16685.326249	-43011.224299	13.094473	-492.007952
193.000000	16691.873485	-43257.228275	12.965575	-492.069801
193.500000	16698.356273	-43503.263176	12.837932	-492.130467
194.000000	16704.775239	-43749.328409	12.711530	-492.189971
194.500000	16711.131004	-43995.423395	12.586359	-492.248336
195.000000	16717.424183	-44241.547563	12.462406	-492.305584
195.500000	16723.655386	-44487.700355	12.339660	-492.361735
196.000000	16729.825216	-44733.881222	12.218111	-492.416811
196.500000	16735.934271	-44980.089628	12.097745	-492.470832
197.000000	16741.983144	-45226.325044	11.978554	-492.523818
197.500000	16747.972421	-45472.586953	11.860524	-492.575790
198.000000	16753.902683	-45718.874848	11.743646	-492.626765
198.500000	16759.774506	-45965.188230	11.627909	-492.676763
199.000000	16765.588460	-46211.526612	11.513301	-492.725804
199.500000	16771.345111	-46457.889514	11.399812	-492.773904
200.000000	16777.045017	-46704.276466	11.287431	-492.821082
200.500000	16782.688732	-46950.687007	11.176148	-492.867356
201.000000	16788.276807	-47197.120685	11.065953	-492.912742
201.500000	16793.809783	-47443.577056	10.956834	-492.957258
202.000000	16799.288200	-47690.055685	10.848783	-493.000921
202.500000	16804.712592	-47936.556146	10.741788	-493.043746
203.000000	16810.083485	-48183.078018	10.635839	-493.085749
203.500000	16815.401405	-48429.620893	10.530927	-493.126947
204.000000	16820.666868	-48676.184367	10.427042	-493.167355
204.500000	16825.880389	-48922.768044	10.324173	-493.206987
205.000000	16831.042476	-49169.371538	10.222312	-493.245858
205.500000	16836.153632	-49415.994467	10.121448	-493.283984
206.000000	16841.214356	-49662.636459	10.021572	-493.321378
206.500000	16846.225142	-49909.297148	9.922674	-493.358054
207.000000	16851.186479	-50155.976175	9.824746	-493.394026
207.500000	16856.098852	-50402.673188	9.727777	-493.429308
208.000000	16860.962741	-50649.387842	9.631759	-493.463912
208.500000	16865.778620	-50896.119798	9.536683	-493.497852
209.000000	16870.546961	-51142.868723	9.442538	-493.531140
209.500000	16875.268231	-51389.634293	9.349318	-493.563788
210.000000	16879.942889	-51636.416187	9.257011	-493.595810
210.500000	16884.571395	-51883.214092	9.165611	-493.627217
211.000000	16889.154201	-52130.027701	9.075107	-493.658020
211.500000	16893.691754	-52376.856711	8.985492	-493.688232
212.000000	16898.184500	-52623.700827	8.896757	-493.717863
212.500000	16902.632879	-52870.559758	8.808893	-493.746925
213.000000	16907.037325	-53117.433221	8.721892	-493.775429
213.500000	16911.398271	-53364.320935	8.635745	-493.803385
214.000000	16915.716144	-53611.222627	8.550445	-493.830803
214.500000	16919.991366	-53858.138029	8.465983	-493.857695
215.000000	16924.224358	-54105.066876	8.382351	-493.884070
215.500000	16928.415533	-54352.008911	8.299541	-493.909938
216.000000	16932.565303	-54598.963880	8.217545	-493.935308
216.500000	16936.674076	-54845.931534	8.136355	-493.960191
217.000000	16940.742253	-55092.911630	8.055963	-493.984596
217.500000	16944.770234	-55339.903928	7.976362	-494.008531
218.000000	16948.758415	-55586.908194	7.897544	-494.032007
218.500000	16952.707187	-55833.924197	7.819501	-494.055031
219.000000	16956.616938	-56080.951712	7.742226	-494.077612
219.500000	16960.488051	-56327.990518	7.665712	-494.099759
220.000000	16964.320907	-56575.040397	7.589950	-494.121479
220.500000	16968.115882	-56822.101137	7.514934	-494.142783
221.000000	16971.873349	-57069.172528	7.440656	-494.163676
221.500000	16975.593677	-57316.254367	7.367110	-494.184168
222.000000	16979.277232	-57563.346450	7.294288	-494.204265
222.500000	16982.924376	-57810.448583	7.222182	-494.223976
223.000000	16986.535467	-58057.560571	7.150787	-494.243308
223.500000	16990.110861	-58304.682225	7.080095	-494.262268
224.000000	16993.650908	-58551.813359	7.010100	-494.280863
224.500000	16997.155958	-58798.953790	6.940794	-494.299100
225.000000	17000.626355	-59046.103340	6.872170	-494.316986
225.500000	17004.062440	-59293.261833	6.804223	-494.334528
226.000000	17007.464552	-59540.429097	6.736945	-494.351733
226.500000	17010.833024	-59787.604963	6.670331	-494.368606
227.000000	17014.168190	-60034.789266	6.604373	-494.385155
227.500000	17017.470376	-60281.981844	6.539065	-494.401385
228.000000	17020.739909	-60529.182536	6.474401	-494.417303
228.500000	17023.977109	-60776.391188	6.410374	-494.432914
229.000000	17027.182296	-61023.607645	6.346979	-494.448225
229.500000	17030.355786	-61270.831757	6.284209	-494.463241
230.000000	17033.497890	-61518.063378	6.222057	-494.477969
230.500000	17036.608919	-61765.302362	6.160519	-494.492412
231.000000	17039.689178	-62012.548569	6.099588	-494.506578
231.500000	17042.738972	-62259.801857	6.039258	-494.520471
232.000000	17045.758601	-62507.062093	5.979522	-494.534096
232.500000	17048.748362	-62754.329141	5.920376	-494.547459
233.000000	17051.708550	-63001.602870	5.861814	-494.560565
233.500000	17054.639457	-63248.883153	5.803830	-494.573418
234.000000	17057.541372	-63496.169862	5.746417	-494.586024
234.500000	17060.414581	-63743.462874	5.689571	-494.598387
235.000000	17063.259367	-63990.762067	5.633287	-494.610512
235.500000	17066.076010	-64238.067324	5.577557	-494.622404
236.000000	17068.864789	-64485.378525	5.522378	-494.634066
236.500000	17071.625978	-64732.695558	5.467744	-494.645504
237.000000	17074.359850	-64980.018310	5.413648	-494.656722
237.500000	17077.066674	-65227.346671	5.360087	-494.667723
238.000000	17079.746717	-65474.680533	5.307055	-494.678513
238.500000	17082.400245	-65722.019789	5.254546	-494.689094
239.000000	17085.027518	-65969.364336	5.202556	-494.699472
239.500000	17087.628796	-66216.714072	5.151079	-494.709650
240.000000	17090.204335	-66464.068897	5.100111	-494.719632
240.500000	17092.754391	-66711.428713	5.049645	-494.729422
241.000000	17095.279213	-66958.793424	4.999679	-494.739023
241.500000	17097.779053	-67206.162936	4.950205	-494.748439
242.000000	17100.254155	-67453.537155	4.901221	-494.757673
242.500000	17102.704766	-67700.915992	4.852720	-494.766730
243.000000	17105.131126	-67948.299357	4.804698	-494.775612
243.500000	17107.533475	-68195.687163	4.757151	-494.784323
244.000000	17109.912051	-68443.079324	4.710074	-494.792866
244.500000	17112.267088	-68690.475758	4.663461	-494.801245
245.000000	17114.598818	-68937.876380	4.617310	-494.809462
245.500000	17116.907473	-69185.281111	4.571614	-494.817521
246.000000	17119.193280	-69432.689871	4.526370	-494.825424
246.500000	17121.456465	-69680.102584	4.481573	-494.833175
247.000000	17123.697251	-69927.519171	4.437218	-494.840777
247.500000	17125.915860	-70174.939560	4.393302	-494.848232
248.000000	17128.112511	-70422.363676	4.349820	-494.855544
248.500000	17130.287421	-70669.791448	4.306768	-494.862714
249.000000	17132.440805	-70917.222805	4.264141	-494.869747
249.500000	17134.572876	-71164.657678	4.221935	-494.876644
250.000000	17136.683843	-71412.096000	4.180147	-494.883408
250.500000	17138.773917	-71659.537704	4.138772	-494.890041
251.000000	17140.843303	-71906.982725	4.097806	-494.896547
251.500000	17142.892206	-72154.430998	4.057245	-494.902927
252.000000	17144.920828	-72401.882461	4.017084	-494.909184
252.500000	17146.929370	-72649.337054	3.977321	-494.915321
253.000000	17148.918031	-72896.794714	3.937951	-494.921339
253.500000	17150.887007	-73144.255384	3.898970	-494.927241
254.000000	17152.836492	-73391.719004	3.860375	-494.933030
254.500000	17154.766679	-73639.185519	3.822161	-494.938707
255.000000	17156.677760	-73886.654873	3.784326	-494.944274
255.500000	17158.569923	-74134.127010	3.746864	-494.949734
256.000000	17160.443355	-74381.601877	3.709773	-494.955089
256.500000	17162.298241	-74629.079422	3.673048	-494.960341
257.000000	17164.134765	-74876.559592	3.636687	-494.965491
257.500000	17165.953109	-75124.042338	3.600685	-494.970542
258.000000	17167.753451	-75371.527609	3.565040	-494.975496
258.500000	17169.535971	-75619.015356	3.529747	-494.980354
259.000000	17171.300845	-75866.505533	3.494803	-494.985118
259.500000	17173.048246	-76113.998092	3.460204	-494.989791
260.000000	17174.778348	-76361.492988	3.425948	-494.994373
260.500000	17176.491322	-76608.990174	3.392031	-494.998867
261.000000	17178.187337	-76856.489608	3.358449	-495.003275
261.500000	17179.866562	-77103.991245	3.325199	-495.007597
262.000000	17181.529162	-77351.495044	3.292279	-495.011836
262.500000	17183.175301	-77599.000962	3.259684	-495.015993
263.000000	17184.805143	-77846.508958	3.227411	-495.020070
263.500000	17186.418848	-78094.018993	3.195458	-495.024069
264.000000	17188.016577	-78341.531028	3.163820	-495.027990
264.500000	17189.598487	-78589.045023	3.132496	-495.031836
265.000000	17191.164735	-78836.560940	3.101482	-495.035607
265.500000	17192.715476	-79084.078744	3.070774	-495.039306
266.000000	17194.250863	-79331.598397	3.040371	-495.042933
266.500000	17195.771049	-79579.119864	3.010268	-495.046491
267.000000	17197.276183	-79826.643109	2.980463	-495.049980
267.500000	17198.766414	-80074.168099	2.950953	-495.053401
268.000000	17200.241890	-80321.694800	2.921735	-495.056757
268.500000	17201.702758	-80569.223178	2.892806	-495.060047
269.000000	17203.149161	-80816.753202	2.864163	-495.063275
269.500000	17204.581242	-81064.284839	2.835804	-495.066440
270.000000	17205.999144	-81311.818059	2.807725	-495.069544
270.500000	17207.403006	-81559.352831	2.779924	-495.072588
271.000000	17208.792968	-81806.889125	2.752398	-495.075573
271.500000	17210.169167	-82054.426911	2.725145	-495.078501
272.000000	17211.531740	-82301.966162	2.698161	-495.081372
272.500000	17212.880821	-82549.506848	2.671445	-495.084188
273.000000	17214.216543	-82797.048942	2.644993	-495.086950
273.500000	17215.539039	-83044.592417	2.618802	-495.089658
274.000000	17216.848441	-83292.137246	2.592871	-495.092314
274.500000	17218.144876	-83539.683403	2.567196	-495.094919
275.000000	17219.428474	-83787.230863	2.541776	-495.097473
275.500000	17220.699362	-84034.779599	2.516607	-495.099979
276.000000	17221.957666	-84282.329589	2.491687	-495.102436
276.500000	17223.203510	-84529.880807	2.467014	-495.104845
277.000000	17224.437017	-84777.433229	2.442585	-495.107208
277.500000	17225.658309	-85024.986833	2.418398	-495.109525
278.000000	17226.867508	-85272.541596	2.394450	-495.111798
278.500000	17228.064734	-85520.097495	2.370740	-495.114027
279.000000	17229.250104	-85767.654508	2.347264	-495.116213
279.500000	17230.423736	-86015.212615	2.324020	-495.118356
280.000000	17231.585746	-86262.771793	2.301007	-495.120459
280.500000	17232.736249	-86510.332022	2.278221	-495.122520
281.000000	17233.875359	-86757.893282	2.255661	-495.124542
281.500000	17235.003190	-87005.455553	2.233324	-495.126525
282.000000	17236.119852	-87253.018816	2.211208	-495.128470
282.500000	17237.225456	-87500.583051	2.189311	-495.130377
283.000000	17238.320111	-87748.148239	2.167631	-495.132247
283.500000	17239.403927	-87995.714362	2.146166	-495.134081
284.000000	17240.477009	-88243.281403	2.124913	-495.135880
284.500000	17241.539466	-88490.849343	2.103870	-495.137644
285.000000	17242.591401	-88738.418165	2.083036	-495.139374
285.500000	17243.632918	-88985.987852	2.062408	-495.141071
286.000000	17244.664122	-89233.558387	2.041984	-495.142734
286.500000	17245.685114	-89481.129754	2.021762	-495.144366
287.000000	17246.695995	-89728.701938	2.001741	-495.145966
287.500000	17247.696866	-89976.274921	1.981917	-495.147536
288.000000	17248.687824	-90223.848689	1.962290	-495.149075
288.500000	17249.668969	-90471.423226	1.942858	-495.150584
289.000000	17250.640398	-90718.998518	1.923617	-495.152065
289.500000	17251.602207	-90966.574551	1.904568	-495.153516
290.000000	17252.554491	-91214.151309	1.885706	-495.154940
290.500000	17253.497344	-91461.728779	1.867032	-495.156336
291.000000	17254.430860	-91709.306947	1.848542	-495.157705
291.500000	17255.355131	-91956.885799	1.830236	-495.159048
292.000000	17256.270249	-92204.465323	1.812111	-495.160365
292.500000	17257.176305	-92452.045506	1.794165	-495.161656
293.000000	17258.073387	-92699.626334	1.776397	-495.162923
293.500000	17258.961585	-92947.207795	1.758804	-495.164165
294.000000	17259.840988	-93194.789877	1.741386	-495.165383
294.500000	17260.711681	-93442.372569	1.724141	-495.166577
295.000000	17261.573751	-93689.955858	1.707066	-495.167749
295.500000	17262.427284	-93937.539732	1.690160	-495.168898
296.000000	17263.272364	-94185.124181	1.673422	-495.170024
296.500000	17264.109075	-94432.709193	1.656849	-495.171129
297.000000	17264.937500	-94680.294758	1.640441	-495.172213
297.500000	17265.757720	-94927.880864	1.624194	-495.173276
298.000000	17266.569817	-95175.467502	1.608109	-495.174318
298.500000	17267.373872	-95423.054661	1.592183	-495.175340
299.000000	17268.169963	-95670.642331	1.576415	-495.176342
299.500000	17268.958171	-95918.230502	1.560803	-495.177325
300.000000	17269.738572	-96165.819164	1.545345	-495.178289
300.500000	17270.511245	-96413.408309	1.530041	-495.179234
301.000000	17271.276265	-96660.997926	1.514888	-495.180162
301.500000	17272.033709	-96908.588007	1.499885	-495.181071
302.000000	17272.783651	-97156.178542	1.485030	-495.181962
302.500000	17273.526167	-97403.769523	1.470323	-495.182837
303.000000	17274.261328	-97651.360942	1.455762	-495.183694
303.500000	17274.989209	-97898.952789	1.441344	-495.184535
304.000000	17275.709881	-98146.545057	1.427069	-495.185360
304.500000	17276.423416	-98394.137737	1.412936	-495.186169
305.000000	17277.129884	-98641.730821	1.398943	-495.186962
305.500000	17277.829355	-98889.324302	1.385088	-495.187740
306.000000	17278.521899	-99136.918172	1.371370	-495.188503
306.500000	17279.207584	-99384.512424	1.357788	-495.189251
307.000000	17279.886478	-99632.107049	1.344341	-495.189985
307.500000	17280.558649	-99879.702041	1.331027	-495.190704
308.000000	17281.224163	-100127.297394	1.317845	-495.191410
308.500000	17281.883085	-100374.893098	1.304793	-495.192102
309.000000	17282.535481	-100622.489149	1.291870	-495.192780
309.500000	17283.181417	-100870.085540	1.279076	-495.193446
310.000000	17283.820955	-101117.682262	1.266408	-495.194099
310.500000	17284.454159	-101365.279312	1.253866	-495.194739
311.000000	17285.081092	-101612.876681	1.241448	-495.195366
311.500000	17285.701815	-101860.474364	1.229152	-495.195982
312.000000	17286.316391	-102108.072355	1.216979	-495.196586
312.500000	17286.924881	-102355.670648	1.204926	-495.197178
313.000000	17287.527344	-102603.269237	1.192992	-495.197758
313.500000	17288.123840	-102850.868116	1.181177	-495.198328
314.000000	17288.714428	-103098.467280	1.169479	-495.198886
314.500000	17289.299168	-103346.066723	1.157896	-495.199434
315.000000	17289.878116	-103593.666439	1.146428	-495.199971
315.500000	17290.451330	-103841.266425	1.135074	-495.200497
316.000000	17291.018867	-104088.866673	1.123832	-495.201014
316.500000	17291.580783	-104336.467180	1.112702	-495.201520
317.000000	17292.137134	-104584.067940	1.101681	-495.202017
317.500000	17292.687975	-104831.668948	1.090770	-495.202504
318.000000	17293.233360	-105079.270200	1.079967	-495.202982
318.500000	17293.773343	-105326.871691	1.069271	-495.203450
319.000000	17294.307979	-105574.473416	1.058681	-495.203910
319.500000	17294.837320	-105822.075371	1.048196	-495.204360
320.000000	17295.361417	-106069.677551	1.037814	-495.204802
320.500000	17295.880325	-106317.279952	1.027536	-495.205235
321.000000	17296.394092	-106564.882570	1.017359	-495.205660
321.500000	17296.902772	-106812.485400	1.007283	-495.206077
322.000000	17297.406413	-107060.088438	0.997306	-495.206486
322.500000	17297.905066	-107307.691681	0.987429	-495.206886
323.000000	17298.398781	-107555.295124	0.977649	-495.207279
323.500000	17298.887606	-107802.898764	0.967967	-495.207665
324.000000	17299.371589	-108050.502597	0.958380	-495.208043
324.500000	17299.850779	-108298.106618	0.948888	-495.208414
325.000000	17300.325223	-108545.710825	0.939490	-495.208777
325.500000	17300.794967	-108793.315213	0.930185	-495.209134
326.000000	17301.260060	-109040.919780	0.920972	-495.209483
326.500000	17301.720546	-109288.524522	0.911851	-495.209826
327.000000	17302.176471	-109536.129435	0.902819	-495.210162
327.500000	17302.627881	-109783.734516	0.893878	-495.210492
328.000000	17303.074820	-110031.339762	0.885025	-495.210816
328.500000	17303.517332	-110278.945170	0.876259	-495.211133
329.000000	17303.955462	-110526.550736	0.867580	-495.211444
329.500000	17304.389252	-110774.156458	0.858988	-495.211749
330.000000	17304.818746	-111021.762332	0.850480	-495.212048
330.500000	17305.243986	-111269.368356	0.842057	-495.212341
331.000000	17305.665014	-111516.974527	0.833717	-495.212629
331.500000	17306.081872	-111764.580841	0.825459	-495.212911
332.000000	17306.494602	-112012.187297	0.817284	-495.213187
332.500000	17306.903244	-112259.793890	0.809189	-495.213459
333.000000	17307.307839	-112507.400620	0.801175	-495.213725
333.500000	17307.708426	-112755.007482	0.793240	-495.213986
334.000000	17308.105046	-113002.614475	0.785383	-495.214242
334.500000	17308.497737	-113250.221596	0.777605	-495.214493
335.000000	17308.886540	-113497.828842	0.769903	-495.214739
335.500000	17309.271491	-113745.436211	0.762278	-495.214980
336.000000	17309.652630	-113993.043701	0.754728	-495.215217
336.500000	17310.029994	-114240.651310	0.747253	-495.215449
337.000000	17310.403620	-114488.259034	0.739852	-495.215676
337.500000	17310.773546	-114735.866872	0.732524	-495.215900
338.000000	17311.139808	-114983.474822	0.725269	-495.216118
338.500000	17311.502442	-115231.082881	0.718085	-495.216333
339.000000	17311.861485	-115478.691048	0.710973	-495.216544
339.500000	17312.216971	-115726.299320	0.703932	-495.216750
340.000000	17312.568937	-115973.907695	0.696960	-495.216952
340.500000	17312.917417	-116221.516171	0.690057	-495.217151
341.000000	17313.262445	-116469.124746	0.683222	-495.217346
341.500000	17313.604056	-116716.733419	0.676455	-495.217537
342.000000	17313.942284	-116964.342187	0.669755	-495.217724
342.500000	17314.277162	-117211.951049	0.663122	-495.217908
343.000000	17314.608723	-117459.560003	0.656554	-495.218088
343.500000	17314.937000	-117707.169047	0.650051	-495.218264
344.000000	17315.262025	-117954.778179	0.643613	-495.218437
344.500000	17315.583832	-118202.387398	0.637238	-495.218607
345.000000	17315.902451	-118449.996701	0.630927	-495.218774
345.500000	17316.217914	-118697.606088	0.624678	-495.218937
346.000000	17316.530253	-118945.215557	0.618491	-495.219097
346.500000	17316.839499	-119192.825106	0.612365	-495.219254
347.000000	17317.145681	-119440.434733	0.606300	-495.219408
347.500000	17317.448831	-119688.044437	0.600295	-495.219560
348.000000	17317.748979	-119935.654217	0.594349	-495.219708
348.500000	17318.046153	-120183.264071	0.588463	-495.219853
349.000000	17318.340385	-120430.873997	0.582634	-495.219995
349.500000	17318.631702	-120678.483995	0.576864	-495.220135
350.000000	17318.920134	-120926.094063	0.571150	-495.220272
350.500000	17319.205709	-121173.704199	0.565493	-495.220407
351.000000	17319.488456	-121421.314402	0.559892	-495.220538
351.500000	17319.768402	-121668.924671	0.554347	-495.220668
352.000000	17320.045575	-121916.535005	0.548857	-495.220794
352.500000	17320.320004	-122164.145402	0.543420	-495.220919
353.000000	17320.591714	-122411.755862	0.538038	-495.221041
353.500000	17320.860733	-122659.366382	0.532709	-495.221160
354.000000	17321.127088	-122906.976962	0.527433	-495.221277
354.500000	17321.390804	-123154.587601	0.522209	-495.221392
355.000000	17321.651909	-123402.198297	0.517037	-495.221505
355.500000	17321.910427	-123649.809049	0.511916	-495.221615
356.000000	17322.166385	-123897.419857	0.506846	-495.221724
356.500000	17322.419808	-124145.030719	0.501826	-495.221830
357.000000	17322.670721	-124392.641634	0.496855	-495.221934
357.500000	17322.919149	-124640.252601	0.491934	-495.222037
358.000000	17323.165116	-124887.863620	0.487062	-495.222137
358.500000	17323.408647	-125135.474688	0.482238	-495.222235
359.000000	17323.649766	-125383.085806	0.477462	-495.222332
359.500000	17323.888496	-125630.696972	0.472733	-495.222426
360.000000	17324.124863	-125878.308185	0.468050	-495.222519
360.500000	17324.358888	-126125.919444	0.463415	-495.222610
361.000000	17324.590595	-126373.530749	0.458825	-495.222699
361.500000	17324.820008	-126621.142099	0.454280	-495.222787
362.000000	17325.047148	-126868.753492	0.449781	-495.222872
362.500000	17325.272038	-127116.364928	0.445326	-495.222957
363.000000	17325.494702	-127363.976407	0.440915	-495.223039
363.500000	17325.715159	-127611.587926	0.436548	-495.223120
364.000000	17325.933433	-127859.199486	0.432225	-495.223199
364.500000	17326.149546	-128106.811086	0.427944	-495.223277
365.000000	17326.363518	-128354.422724	0.423705	-495.223353
365.500000	17326.575370	-128602.034401	0.419509	-495.223428
366.000000	17326.785124	-128849.646115	0.415354	-495.223501
366.500000	17326.992801	-129097.257865	0.411240	-495.223573
367.000000	17327.198421	-129344.869652	0.407167	-495.223644
367.500000	17327.402004	-129592.481474	0.403134	-495.223713
368.000000	17327.603571	-129840.093331	0.399141	-495.223781
368.500000	17327.803142	-130087.705221	0.395188	-495.223848
369.000000	17328.000735	-130335.317145	0.391274	-495.223913
369.500000	17328.196372	-130582.929101	0.387398	-495.223977
370.000000	17328.390071	-130830.541090	0.383561	-495.224040
370.500000	17328.581852	-131078.153110	0.379762	-495.224101
371.000000	17328.771733	-131325.765160	0.376001	-495.224161
371.500000	17328.959734	-131573.377241	0.372277	-495.224221
372.000000	17329.145872	-131820.989351	0.368590	-495.224279
372.500000	17329.330167	-132068.601491	0.364939	-495.224336
373.000000	17329.512636	-132316.213658	0.361324	-495.224391
373.500000	17329.693298	-132563.825854	0.357746	-495.224446
374.000000	17329.872171	-132811.438077	0.354202	-495.224500
374.500000	17330.049272	-133059.050327	0.350694	-495.224552
375.000000	17330.224619	-133306.662603	0.347221	-495.224604
375.500000	17330.398230	-133554.274905	0.343782	-495.224655
376.000000	17330.570121	-133801.887233	0.340377	-495.224704
376.500000	17330.740309	-134049.499585	0.337005	-495.224753
377.000000	17330.908812	-134297.111961	0.333668	-495.224801
377.500000	17331.075645	-134544.724362	0.330363	-495.224848
378.000000	17331.240827	-134792.336786	0.327091	-495.224894
378.500000	17331.404372	-135039.949232	0.323851	-495.224939
379.000000	17331.566297	-135287.561702	0.320643	-495.224983
379.500000	17331.726619	-135535.174193	0.317468	-495.225026
380.000000	17331.885353	-135782.786706	0.314323	-495.225068
380.500000	17332.042515	-136030.399240	0.311210	-495.225110
381.000000	17332.198120	-136278.011795	0.308128	-495.225151
381.500000	17332.352183	-136525.624371	0.305076	-495.225191
382.000000	17332.504721	-136773.236966	0.302054	-495.225230
382.500000	17332.655748	-137020.849581	0.299062	-495.225269
383.000000	17332.805280	-137268.462216	0.296100	-495.225307
383.500000	17332.953330	-137516.074869	0.293168	-495.225344
384.000000	17333.099914	-137763.687541	0.290264	-495.225380
384.500000	17333.245046	-138011.300231	0.287389	-495.225416
385.000000	17333.388740	-138258.912938	0.284543	-495.225450
385.500000	17333.531011	-138506.525664	0.281724	-495.225485
386.000000	17333.671874	-138754.138406	0.278934	-495.225518
386.500000	17333.811341	-139001.751165	0.276171	-495.225551
387.000000	17333.949426	-139249.363941	0.273436	-495.225584
387.500000	17334.086144	-139496.976733	0.270728	-495.225615
388.000000	17334.221508	-139744.589540	0.268046	-495.225646
388.500000	17334.355531	-139992.202363	0.265391	-495.225677
389.000000	17334.488227	-140239.815202	0.262763	-495.225707
389.500000	17334.619608	-140487.428055	0.260160	-495.225736
390.000000	17334.749688	-140735.040923	0.257584	-495.225765
390.500000	17334.878480	-140982.653805	0.255032	-495.225793
391.000000	17335.005996	-141230.266702	0.252506	-495.225820
391.500000	17335.132250	-141477.879612	0.250005	-495.225848
392.000000	17335.257252	-141725.492536	0.247529	-495.225874
392.500000	17335.381017	-141973.105473	0.245078	-495.225900
393.000000	17335.503556	-142220.718423	0.242650	-495.225926
393.500000	17335.624881	-142468.331386	0.240247	-495.225951
394.000000	17335.745004	-142715.944361	0.237867	-495.225975
394.500000	17335.863938	-142963.557349	0.235511	-495.226000
395.000000	17335.981693	-143211.170349	0.233179	-495.226023
395.500000	17336.098283	-143458.783360	0.230869	-495.226046
396.000000	17336.213717	-143706.396384	0.228583	-495.226069
396.500000	17336.328009	-143954.009418	0.226319	-495.226091
397.000000	17336.441168	-144201.622464	0.224077	-495.226113
397.500000	17336.553206	-144449.235520	0.221858	-495.226135
398.000000	17336.664135	-144696.848588	0.219660	-495.226156
398.500000	17336.773965	-144944.461665	0.217485	-495.226176
399.000000	17336.882708	-145192.074754	0.215330	-495.226196
399.500000	17336.990373	-145439.687852	0.213198	-495.226216
400.000000	17337.096972	-145687.300960	0.211086	-495.226236
400.500000	17337.202515	-145934.914078	0.208995	-495.226255
401.000000	17337.307012	-146182.527205	0.206925	-495.226273
401.500000	17337.410475	-146430.140342	0.204876	-495.226292
402.000000	17337.512913	-146677.753488	0.202847	-495.226310
402.500000	17337.614336	-146925.366643	0.200838	-495.226327
403.000000	17337.714755	-147172.979807	0.198848	-495.226345
403.500000	17337.814179	-147420.592979	0.196879	-495.226362
404.000000	17337.912619	-147668.206160	0.194929	-495.226378
404.500000	17338.010083	-147915.819349	0.192998	-495.226395
405.000000	17338.106582	-148163.432546	0.191087	-495.226411
405.500000	17338.202126	-148411.045751	0.189194	-495.226426
406.000000	17338.296723	-148658.658965	0.187320	-495.226442
406.500000	17338.390383	-148906.272185	0.185465	-495.226457
407.000000	17338.483115	-149153.885414	0.183628	-495.226472
407.500000	17338.574929	-149401.498650	0.181809	-495.226486
408.000000	17338.665834	-149649.111893	0.180008	-495.226500
408.500000	17338.755838	-149896.725143	0.178226	-495.226514
409.000000	17338.844951	-150144.338400	0.176460	-495.226528
409.500000	17338.933181	-150391.951664	0.174713	-495.226541
410.000000	17339.020537	-150639.564934	0.172982	-495.226554
410.500000	17339.107028	-150887.178212	0.171269	-495.226567
411.000000	17339.192663	-151134.791495	0.169572	-495.226580
411.500000	17339.277449	-151382.404785	0.167893	-495.226592
412.000000	17339.361395	-151630.018081	0.166230	-495.226605
412.500000	17339.444510	-151877.631384	0.164584	-495.226616
413.000000	17339.526802	-152125.244692	0.162953	-495.226628
413.500000	17339.608279	-152372.858006	0.161339	-495.226640
414.000000	17339.688949	-152620.471326	0.159741	-495.226651
414.500000	17339.768819	-152868.084651	0.158159	-495.226662
415.000000	17339.847899	-153115.697982	0.156593	-495.226673
415.500000	17339.926195	-153363.311318	0.155042	-495.226683
416.000000	17340.003716	-153610.924660	0.153506	-495.226694
416.500000	17340.080469	-153858.538007	0.151986	-495.226704
417.000000	17340.156462	-154106.151359	0.150480	-495.226714
417.500000	17340.231703	-154353.764716	0.148990	-495.226724
418.000000	17340.306198	-154601.378078	0.147514	-495.226733
418.500000	17340.379955	-154848.991444	0.146053	-495.226743
419.000000	17340.452981	-155096.604816	0.144607	-495.226752
419.500000	17340.525285	-155344.218192	0.143174	-495.226761
420.000000	17340.596872	-155591.831572	0.141756	-495.226770
420.500000	17340.667750	-155839.444957	0.140352	-495.226779
421.000000	17340.737926	-156087.058347	0.138962	-495.226787
421.500000	17340.807407	-156334.671740	0.137586	-495.226796
422.000000	17340.876200	-156582.285138	0.136223	-495.226804
422.500000	17340.944312	-156829.898540	0.134874	-495.226812
423.000000	17341.011749	-157077.511946	0.133538	-495.226820
423.500000	17341.078518	-157325.125356	0.132215	-495.226828
424.000000	17341.144626	-157572.738770	0.130906	-495.226835
424.500000	17341.210079	-157820.352188	0.129609	-495.226843
425.000000	17341.274883	-158067.965609	0.128326	-495.226850
425.500000	17341.339046	-158315.579034	0.127055	-495.226857
426.000000	17341.402573	-158563.192463	0.125796	-495.226864
426.500000	17341.465471	-158810.805895	0.124550	-495.226871
427.000000	17341.527746	-159058.419330	0.123317	-495.226878
427.500000	17341.589405	-159306.032769	0.122095	-495.226885
428.000000	17341.650452	-159553.646212	0.120886	-495.226891
428.500000	17341.710895	-159801.259657	0.119689	-495.226897
429.000000	17341.770740	-160048.873106	0.118503	-495.226904
429.500000	17341.829991	-160296.486558	0.117329	-495.226910
430.000000	17341.888656	-160544.100013	0.116167	-495.226916
430.500000	17341.946740	-160791.713471	0.115017	-495.226922
431.000000	17342.004248	-161039.326931	0.113878	-495.226928
431.500000	17342.061187	-161286.940395	0.112750	-495.226933
432.000000	17342.117562	-161534.553862	0.111633	-495.226939
432.500000	17342.173378	-161782.167331	0.110527	-495.226944
433.000000	17342.228642	-162029.780803	0.109433	-495.226950
433.500000	17342.283358	-162277.394278	0.108349	-495.226955
434.000000	17342.337532	-162525.007756	0.107275	-495.226960
434.500000	17342.391170	-162772.621236	0.106213	-495.226965
435.000000	17342.444276	-163020.234718	0.105161	-495.226970
435.500000	17342.496857	-163267.848203	0.104119	-495.226975
436.000000	17342.548917	-163515.461690	0.103088	-495.226980
436.500000	17342.600461	-163763.075180	0.102067	-495.226984
437.000000	17342.651494	-164010.688672	0.101056	-495.226989
437.500000	17342.702022	-164258.302167	0.100055	-495.226993
438.000000	17342.752050	-164505.915663	0.099064	-495.226998
438.500000	17342.801582	-164753.529162	0.098083	-495.227002
439.000000	17342.850624	-165001.142663	0.097112	-495.227006
439.500000	17342.899180	-165248.756166	0.096150	-495.227010
440.000000	17342.947254	-165496.369672	0.095197	-495.227014
440.500000	17342.994853	-165743.983179	0.094255	-495.227018
441.000000	17343.041980	-165991.596688	0.093321	-495.227022
441.500000	17343.088641	-166239.210199	0.092397	-495.227026
442.000000	17343.134839	-166486.823713	0.091482	-495.227030
442.500000	17343.180580	-166734.437228	0.090575	-495.227034
443.000000	17343.225868	-166982.050744	0.089678	-495.227037
443.500000	17343.270707	-167229.664263	0.088790	-495.227041
444.000000	17343.315102	-167477.277783	0.087911	-495.227044
444.500000	17343.359057	-167724.891306	0.087040	-495.227048
445.000000	17343.402577	-167972.504830	0.086178	-495.227051
445.500000	17343.445666	-168220.118355	0.085324	-495.227054
446.000000	17343.488329	-168467.731882	0.084479	-495.227058
446.500000	17343.530568	-168715.345411	0.083643	-495.227061
447.000000	17343.572390	-168962.958941	0.082814	-495.227064
447.500000	17343.613797	-169210.572473	0.081994	-495.227067
448.000000	17343.654794	-169458.186007	0.081182	-495.227070
448.500000	17343.695384	-169705.799542	0.080378	-495.227073
449.000000	17343.735573	-169953.413078	0.079582	-495.227076
449.500000	17343.775364	-170201.026616	0.078793	-495.227078
450.000000	17343.814761	-170448.640155	0.078013	-495.227081
450.500000	17343.853767	-170696.253696	0.077240	-495.227084
451.000000	17343.892387	-170943.867238	0.076475	-495.227087
451.500000	17343.930625	-171191.480781	0.075718	-495.227089
452.000000	17343.968484	-171439.094326	0.074968	-495.227092
452.500000	17344.005968	-171686.707872	0.074225	-495.227094
453.000000	17344.043080	-171934.321419	0.073490	-495.227097
453.500000	17344.079826	-172181.934967	0.072762	-495.227099
454.000000	17344.116207	-172429.548516	0.072042	-495.227101
454.500000	17344.152227	-172677.162067	0.071328	-495.227104
455.000000	17344.187891	-172924.775619	0.070622	-495.227106
455.500000	17344.223202	-173172.389172	0.069922	-495.227108
456.000000	17344.258163	-173420.002726	0.069230	-495.227110
456.500000	17344.292778	-173667.616281	0.068544	-495.227113
457.000000	17344.327050	-173915.229838	0.067865	-495.227115
457.500000	17344.360983	-174162.843395	0.067193	-495.227117
458.000000	17344.394579	-174410.456953	0.066527	-495.227119
458.500000	17344.427843	-174658.070513	0.065868	-495.227121
459.000000	17344.460777	-174905.684073	0.065216	-495.227123
459.500000	17344.493385	-175153.297634	0.064570	-495.227124
460.000000	17344.525670	-175400.911196	0.063930	-495.227126
460.500000	17344.557635	-175648.524760	0.063297	-495.227128
461.000000	17344.589284	-175896.138324	0.062670	-495.227130
461.500000	17344.620619	-176143.751889	0.062050	-495.227132
462.000000	17344.651644	-176391.365455	0.061435	-495.227133
462.500000	17344.682361	-176638.979021	0.060827	-495.227135
463.000000	17344.712774	-176886.592589	0.060224	-495.227137
463.500000	17344.742887	-177134.206157	0.059628	-495.227138
464.000000	17344.772700	-177381.819726	0.059037	-495.227140
464.500000	17344.802219	-177629.433296	0.058452	-495.227142
465.000000	17344.831445	-177877.046867	0.057873	-495.227143
465.500000	17344.860382	-178124.660439	0.057300	-495.227145
466.000000	17344.889032	-178372.274011	0.056733	-495.227146
466.500000	17344.917398	-178619.887584	0.056171	-495.227148
467.000000	17344.945483	-178867.501158	0.055614	-495.227149
467.500000	17344.973291	-179115.114732	0.055064	-495.227150
468.000000	17345.000822	-179362.728307	0.054518	-495.227152
468.500000	17345.028082	-179610.341883	0.053978	-495.227153
469.000000	17345.055071	-179857.955460	0.053444	-495.227154
469.500000	17345.081792	-180105.569037	0.052914	-495.227156
470.000000	17345.108250	-180353.182615	0.052390	-495.227157
470.500000	17345.134445	-180600.796193	0.051871	-495.227158
471.000000	17345.160380	-180848.409772	0.051357	-495.227159
471.500000	17345.186059	-181096.023352	0.050849	-495.227160
472.000000	17345.211483	-181343.636932	0.050345	-495.227162
472.500000	17345.236656	-181591.250513	0.049847	-495.227163
473.000000	17345.261579	-181838.864094	0.049353	-495.227164
473.500000	17345.286256	-182086.477676	0.048864	-495.227165
474.000000	17345.310688	-182334.091259	0.048380	-495.227166
474.500000	17345.334878	-182581.704842	0.047901	-495.227167
475.000000	17345.358828	-182829.318425	0.047426	-495.227168
475.500000	17345.382541	-183076.932010	0.046957	-495.227169
476.000000	17345.406020	-183324.545594	0.046492	-495.227170
476.500000	17345.429265	-183572.159179	0.046031	-495.227171
477.000000	17345.452281	-183819.772765	0.045575	-495.227172
477.500000	17345.475068	-184067.386351	0.045124	-495.227173
478.000000	17345.497630	-184314.999937	0.044677	-495.227174
478.500000	17345.519969	-184562.613524	0.044234	-495.227175
479.000000	17345.542086	-184810.227112	0.043796	-495.227176
479.500000	17345.563984	-185057.840700	0.043362	-495.227177
480.000000	17345.585665	-185305.454288	0.042933	-495.227177
480.500000	17345.607132	-185553.067877	0.042508	-495.227178
481.000000	17345.628386	-185800.681466	0.042087	-495.227179
481.500000	17345.649429	-186048.295056	0.041670	-495.227180
482.000000	17345.670264	-186295.908646	0.041257	-495.227181
482.500000	17345.690892	-186543.522236	0.040849	-495.227182
483.000000	17345.711317	-186791.135827	0.040444	-495.227182
483.500000	17345.731539	-187038.749418	0.040043	-495.227183
484.000000	17345.751560	-187286.363009	0.039647	-495.227184
484.500000	17345.771384	-187533.976601	0.039254	-495.227184
485.000000	17345.791011	-187781.590193	0.038865	-495.227185
485.500000	17345.810443	-188029.203786	0.038480	-495.227186
486.000000	17345.829683	-188276.817379	0.038099	-495.227187
486.500000	17345.848733	-188524.430972	0.037722	-495.227187
487.000000	17345.867594	-188772.044566	0.037348	-495.227188
487.500000	17345.886268	-189019.658160	0.036978	-495.227188
488.000000	17345.904757	-189267.271754	0.036612	-495.227189
488.500000	17345.923063	-189514.885348	0.036249	-495.227190
489.000000	17345.941188	-189762.498943	0.035890	-495.227190
489.500000	17345.959133	-190010.112538	0.035535	-495.227191
490.000000	17345.976901	-190257.726134	0.035183	-495.227191
490.500000	17345.994492	-190505.339730	0.034834	-495.227192
491.000000	17346.011909	-190752.953326	0.034489	-495.227193
491.500000	17346.029154	-191000.566922	0.034148	-495.227193
492.000000	17346.046228	-191248.180518	0.033810	-495.227194
492.500000	17346.063133	-191495.794115	0.033475	-495.227194
493.000000	17346.079870	-191743.407712	0.033143	-495.227195
493.500000	17346.096442	-191991.021310	0.032815	-495.227195
494.000000	17346.112849	-192238.634907	0.032490	-495.227196
494.500000	17346.129094	-192486.248505	0.032168	-495.227196
495.000000	17346.145178	-192733.862103	0.031850	-495.227197
495.500000	17346.161103	-192981.475701	0.031534	-495.227197
496.000000	17346.176870	-193229.089300	0.031222	-495.227198
496.500000	17346.192481	-193476.702899	0.030912	-495.227198
497.000000	17346.207937	-193724.316498	0.030606	-495.227198
497.500000	17346.223240	-193971.930097	0.030303	-495.227199
498.000000	17346.238392	-194219.543696	0.030003	-495.227199
498.500000	17346.253393	-194467.157296	0.029706	-495.227200
499.000000	17346.268246	-194714.770896	0.029412	-495.227200
499.500000	17346.282952	-194962.384496	0.029120	-495.227200
500.000000	17346.297512	-195209.998096	0.028832	-495.227201
500.500000	17346.311928	-195457.611697	0.028546	-495.227201
501.000000	17346.326201	-195705.225297	0.028264	-495.227202
501.500000	17346.340333	-195952.838898	0.027984	-495.227202
502.000000	17346.354325	-196200.452499	0.027707	-495.227202
502.500000	17346.368178	-196448.066100	0.027432	-495.227203
503.000000	17346.381894	-196695.679702	0.027160	-495.227203
503.500000	17346.395475	-196943.293303	0.026891	-495.227203
504.000000	17346.408920	-197190.906905	0.026625	-495.227204
504.500000	17346.422233	-197438.520507	0.026361	-495.227204
505.000000	17346.435413	-197686.134109	0.026100	-495.227204
505.500000	17346.448464	-197933.747711	0.025842	-495.227205
506.000000	17346.461384	-198181.361313	0.025586	-495.227205
506.500000	17346.474177	-198428.974916	0.025332	-495.227205
507.000000	17346.486843	-198676.588519	0.025081	-495.227206
507.500000	17346.499384	-198924.202121	0.024833	-495.227206
508.000000	17346.511801	-199171.815724	0.024587	-495.227206
508.500000	17346.524094	-199419.429327	0.024344	-495.227206
509.000000	17346.536266	-199667.042931	0.024102	-495.227207
509.500000	17346.548317	-199914.656534	0.023864	-495.227207
510.000000	17346.560249	-200162.270137	0.023627	-495.227207
510.500000	17346.572063	-200409.883741	0.023393	-495.227208
511.000000	17346.583759	-200657.497345	0.023162	-495.227208
511.500000	17346.595340	-200905.110949	0.022932	-495.227208
512.000000	17346.606806	-201152.724553	0.022705	-495.227208
512.500000	17346.618159	-201400.338157	0.022480	-495.227209
513.000000	17346.629399	-201647.951761	0.022258	-495.227209
513.500000	17346.640528	-201895.565366	0.022037	-495.227209
514.000000	17346.651546	-202143.178970	0.021819	-495.227209
514.500000	17346.662456	-202390.792575	0.021603	-495.227209
515.000000	17346.673257	-202638.406179	0.021389	-495.227210
515.500000	17346.683951	-202886.019784	0.021177	-495.227210
516.000000	17346.694540	-203133.633389	0.020967	-495.227210
516.500000	17346.705023	-203381.246994	0.020759	-495.227210
517.000000	17346.715403	-203628.860599	0.020554	-495.227210
517.500000	17346.725680	-203876.474204	0.020350	-495.227211
518.000000	17346.735855	-204124.087810	0.020149	-495.227211
518.500000	17346.745930	-204371.701415	0.019949	-495.227211
519.000000	17346.755904	-204619.315021	0.019752	-495.227211
519.500000	17346.765780	-204866.928626	0.019556	-495.227211
520.000000	17346.775558	-205114.542232	0.019362	-495.227212
520.500000	17346.785239	-205362.155838	0.019170	-495.227212
521.000000	17346.794824	-205609.769444	0.018981	-495.227212
521.500000	17346.804315	-205857.383050	0.018793	-495.227212
522.000000	17346.813711	-206104.996656	0.018606	-495.227212
522.500000	17346.823014	-206352.610262	0.018422	-495.227212
523.000000	17346.832225	-206600.223868	0.018240	-495.227213
523.500000	17346.841345	-206847.837474	0.018059	-495.227213
524.000000	17346.850375	-207095.451081	0.017880	-495.227213
524.500000	17346.859315	-207343.064687	0.017703	-495.227213
525.000000	17346.868166	-207590.678294	0.017528	-495.227213
525.500000	17346.876930	-207838.291900	0.017354	-495.227213
526.000000	17346.885607	-208085.905507	0.017182	-495.227213
526.500000	17346.894199	-208333.519114	0.017012	-495.227214
527.000000	17346.902705	-208581.132720	0.016844	-495.227214
527.500000	17346.911126	-208828.746327	0.016677	-495.227214
528.000000	17346.919465	-209076.359934	0.016512	-495.227214
528.500000	17346.927721	-209323.973541	0.016348	-495.227214
529.000000	17346.935895	-209571.587148	0.016186	-495.227214
529.500000	17346.943988	-209819.200755	0.016026	-495.227214
530.000000	17346.952001	-210066.814363	0.015867	-495.227214
530.500000	17346.959934	-210314.427970	0.015710	-495.227215
531.000000	17346.967789	-210562.041577	0.015554	-495.227215
531.500000	17346.975566	-210809.655185	0.015400	-495.227215
532.000000	17346.983266	-211057.268792	0.015248	-495.227215
532.500000	17346.990890	-211304.882399	0.015097	-495.227215
533.000000	17346.998439	-211552.496007	0.014947	-495.227215
533.500000	17347.005912	-211800.109615	0.014799	-495.227215
534.000000	17347.013312	-212047.723222	0.014653	-495.227215
534.500000	17347.020638	-212295.336830	0.014507	-495.227215
535.000000	17347.027892	-212542.950438	0.014364	-495.227216
535.500000	17347.035074	-212790.564045	0.014221	-495.227216
536.000000	17347.042185	-213038.177653	0.014081	-495.227216
536.500000	17347.049225	-213285.791261	0.013941	-495.227216
537.000000	17347.056195	-213533.404869	0.013803	-495.227216
537.500000	17347.063097	-213781.018477	0.013666	-495.227216
538.000000	17347.069930	-214028.632085	0.013531	-495.227216
538.500000	17347.076696	-214276.245693	0.013397	-495.227216
539.000000	17347.083394	-214523.859301	0.013264	-495.227216
539.500000	17347.090026	-214771.472909	0.013133	-495.227216
540.000000	17347.096593	-215019.086518	0.013003	-495.227216
540.500000	17347.103094	-215266.700126	0.012874	-495.227217
541.000000	17347.109531	-215514.313734	0.012747	-495.227217
541.500000	17347.115905	-215761.927342	0.012620	-495.227217
542.000000	17347.122215	-216009.540951	0.012495	-495.227217
542.500000	17347.128462	-216257.154559	0.012372	-495.227217
543.000000	17347.134648	-216504.768168	0.012249	-495.227217
543.500000	17347.140773	-216752.381776	0.012128	-495.227217
544.000000	17347.146837	-216999.995385	0.012008	-495.227217
544.500000	17347.152840	-217247.608993	0.011889	-495.227217
545.000000	17347.158785	-217495.222602	0.011771	-495.227217
545.500000	17347.164670	-217742.836210	0.011654	-495.227217
546.000000	17347.170497	-217990.449819	0.011539	-495.227217
546.500000	17347.176267	-218238.063428	0.011425	-495.227217
547.000000	17347.181979	-218485.677036	0.011311	-495.227217
547.500000	17347.187635	-218733.290645	0.011199	-495.227218
548.000000	17347.193234	-218980.904254	0.011088	-495.227218
548.500000	17347.198779	-219228.517863	0.010979	-495.227218
549.000000	17347.204268	-219476.131471	0.010870	-495.227218
549.500000	17347.209703	-219723.745080	0.010762	-495.227218
550.000000	17347.215084	-219971.358689	0.010656	-495.227218
550.500000	17347.220412	-220218.972298	0.010550	-495.227218
551.000000	17347.225687	-220466.585907	0.010446	-495.227218
551.500000	17347.230910	-220714.199516	0.010342	-495.227218
552.000000	17347.236081	-220961.813125	0.010240	-495.227218
552.500000	17347.241201	-221209.426734	0.010138	-495.227218
553.000000	17347.246270	-221457.040343	0.010038	-495.227218
553.500000	17347.251289	-221704.653952	0.009938	-495.227218
554.000000	17347.256258	-221952.267561	0.009840	-495.227218
554.500000	17347.261178	-222199.881170	0.009743	-495.227218
555.000000	17347.266049	-222447.494779	0.009646	-495.227218
555.500000	17347.270872	-222695.108388	0.009551	-495.227218
556.000000	17347.275648	-222942.721997	0.009456	-495.227218
556.500000	17347.280376	-223190.335607	0.009362	-495.227218
557.000000	17347.285057	-223437.949216	0.009270	-495.227218
557.500000	17347.289692	-223685.562825	0.009178	-495.227219
558.000000	17347.294280	-223933.176434	0.009087	-495.227219
558.500000	17347.298824	-224180.790044	0.008997	-495.227219
559.000000	17347.303322	-224428.403653	0.008908	-495.227219
559.500000	17347.307776	-224676.017262	0.008820	-495.227219
560.000000	17347.312186	-224923.630872	0.008732	-495.227219
560.500000	17347.316552	-225171.244481	0.008646	-495.227219
561.000000	17347.320875	-225418.858090	0.008560	-495.227219
561.500000	17347.325155	-225666.471700	0.008475	-495.227219
562.000000	17347.329392	-225914.085309	0.008391	-495.227219
562.500000	17347.333588	-226161.698919	0.008308	-495.227219
563.000000	17347.337742	-226409.312528	0.008226	-495.227219
563.500000	17347.341855	-226656.926137	0.008144	-495.227219
564.000000	17347.345927	-226904.539747	0.008064	-495.227219
564.500000	17347.349959	-227152.153356	0.007984	-495.227219
565.000000	17347.353951	-227399.766966	0.007905	-495.227219
565.500000	17347.357904	-227647.380575	0.007827	-495.227219
566.000000	17347.361817	-227894.994185	0.007749	-495.227219
566.500000	17347.365691	-228142.607794	0.007672	-495.227219
567.000000	17347.369528	-228390.221404	0.007596	-495.227219
567.500000	17347.373326	-228637.835014	0.007521	-495.227219
568.000000	17347.377086	-228885.448623	0.007447	-495.227219
568.500000	17347.380809	-229133.062233	0.007373	-495.227219
569.000000	17347.384496	-229380.675842	0.007300	-495.227219
569.500000	17347.388146	-229628.289452	0.007227	-495.227219
570.000000	17347.391759	-229875.903062	0.007156	-495.227219
570.500000	17347.395337	-230123.516671	0.007085	-495.227219
571.000000	17347.398880	-230371.130281	0.007015	-495.227219
571.500000	17347.402387	-230618.743891	0.006945	-495.227219
572.000000	17347.405860	-230866.357500	0.006877	-495.227219
572.500000	17347.409298	-231113.971110	0.006808	-495.227219
573.000000	17347.412703	-231361.584720	0.006741	-495.227219
573.500000	17347.416073	-231609.198330	0.006674	-495.227219
574.000000	17347.419410	-231856.811939	0.006608	-495.227219
574.500000	17347.422714	-232104.425549	0.006543	-495.227220
575.000000	17347.425986	-232352.039159	0.006478	-495.227220
575.500000	17347.429225	-232599.652769	0.006414	-495.227220
576.000000	17347.432431	-232847.266378	0.006350	-495.227220
576.500000	17347.435606	-233094.879988	0.006287	-495.227220
577.000000	17347.438750	-233342.493598	0.006225	-495.227220
577.500000	17347.441863	-233590.107208	0.006163	-495.227220
578.000000	17347.444944	-233837.720817	0.006102	-495.227220
578.500000	17347.447996	-234085.334427	0.006042	-495.227220
579.000000	17347.451016	-234332.948037	0.005982	-495.227220
579.500000	17347.454007	-234580.561647	0.005923	-495.227220
580.000000	17347.456969	-234828.175257	0.005864	-495.227220
580.500000	17347.459901	-235075.788867	0.005806	-495.227220
581.000000	17347.462804	-235323.402477	0.005749	-495.227220
581.500000	17347.465678	-235571.016086	0.005692	-495.227220
582.000000	17347.468524	-235818.629696	0.005635	-495.227220
582.500000	17347.471342	-236066.243306	0.005579	-495.227220
583.000000	17347.474131	-236313.856916	0.005524	-495.227220
583.500000	17347.476893	-236561.470526	0.005469	-495.227220
584.000000	17347.479628	-236809.084136	0.005415	-495.227220
584.500000	17347.482336	-237056.697746	0.005362	-495.227220
585.000000	17347.485017	-237304.311356	0.005309	-495.227220
585.500000	17347.487671	-237551.924966	0.005256	-495.227220
586.000000	17347.490299	-237799.538576	0.005204	-495.227220
586.500000	17347.492901	-238047.152186	0.005152	-495.227220
587.000000	17347.495477	-238294.765796	0.005101	-495.227220
587.500000	17347.498028	-238542.379406	0.005051	-495.227220
588.000000	17347.500553	-238789.993016	0.005001	-495.227220
588.500000	17347.503053	-239037.606625	0.004951	-495.227220
589.000000	17347.505529	-239285.220235	0.004902	-495.227220
589.500000	17347.507980	-239532.833845	0.004854	-495.227220
590.000000	17347.510407	-239780.447455	0.004806	-495.227220
590.500000	17347.512810	-240028.061065	0.004758	-495.227220
591.000000	17347.515189	-240275.674675	0.004711	-495.227220
591.500000	17347.517544	-240523.288285	0.004664	-495.227220
592.000000	17347.519876	-240770.901895	0.004618	-495.227220
592.500000	17347.522185	-241018.515505	0.004572	-495.227220
593.000000	17347.524471	-241266.129116	0.004527	-495.227220
593.500000	17347.526735	-241513.742726	0.004482	-495.227220
594.000000	17347.528976	-241761.356336	0.004438	-495.227220
594.500000	17347.531195	-242008.969946	0.004394	-495.227220
595.000000	17347.533392	-242256.583556	0.004350	-495.227220
595.500000	17347.535567	-242504.197166	0.004307	-495.227220
596.000000	17347.537721	-242751.810776	0.004265	-495.227220
596.500000	17347.539853	-242999.424386	0.004222	-495.227220
597.000000	17347.541964	-243247.037996	0.004180	-495.227220
597.500000	17347.544054	-243494.651606	0.004139	-495.227220
598.000000	17347.546124	-243742.265216	0.004098	-495.227220
598.500000	17347.548173	-243989.878826	0.004057	-495.227220
599.000000	17347.550201	-244237.492436	0.004017	-495.227220
599.500000	17347.552210	-244485.106046	0.003977	-495.227220
600.000000	17347.554199	-244732.719656	0.003938	-495.227220
600.500000	17347.556168	-244980.333266	0.003899	-495.227220
601.000000	17347.558117	-245227.946877	0.003860	-495.227220
601.500000	17347.560048	-245475.560487	0.003822	-495.227220
602.000000	17347.561959	-245723.174097	0.003784	-495.227220
602.500000	17347.563851	-245970.787707	0.003747	-495.227220
603.000000	17347.565724	-246218.401317	0.003710	-495.227220
603.500000	17347.567579	-246466.014927	0.003673	-495.227220
604.000000	17347.569416	-246713.628537	0.003637	-495.227220
604.500000	17347.571234	-246961.242147	0.003601	-495.227220
605.000000	17347.573035	-247208.855757	0.003565	-495.227220
605.500000	17347.574817	-247456.469368	0.003530	-495.227220
606.000000	17347.576582	-247704.082978	0.003495	-495.227220
606.500000	17347.578329	-247951.696588	0.003460	-495.227220
607.000000	17347.580059	-248199.310198	0.003426	-495.227220
607.500000	17347.581772	-248446.923808	0.003392	-495.227220
608.000000	17347.583468	-248694.537418	0.003358	-495.227220
608.500000	17347.585147	-248942.151028	0.003325	-495.227220
609.000000	17347.586810	-249189.764639	0.003292	-495.227220
609.500000	17347.588456	-249437.378249	0.003260	-495.227220
610.000000	17347.590086	-249684.991859	0.003227	-495.227220
610.500000	17347.591699	-249932.605469	0.003195	-495.227220
611.000000	17347.593297	-250180.219079	0.003164	-495.227220
611.500000	17347.594879	-250427.832689	0.003132	-495.227220
612.000000	17347.596445	-250675.446300	0.003101	-495.227220
612.500000	17347.597995	-250923.059910	0.003071	-495.227220
613.000000	17347.599531	-251170.673520	0.003040	-495.227220
613.500000	17347.601051	-251418.287130	0.003010	-495.227220
614.000000	17347.602556	-251665.900740	0.002980	-495.227220
614.500000	17347.604046	-251913.514350	0.002951	-495.227220
615.000000	17347.605521	-252161.127961	0.002921	-495.227220
615.500000	17347.606982	-252408.741571	0.002893	-495.227220
616.000000	17347.608428	-252656.355181	0.002864	-495.227220
616.500000	17347.609860	-252903.968791	0.002836	-495.227220
617.000000	17347.611278	-253151.582401	0.002807	-495.227220
617.500000	17347.612682	-253399.196011	0.002780	-495.227220
618.000000	17347.614071	-253646.809622	0.002752	-495.227220
618.500000	17347.615447	-253894.423232	0.002725	-495.227220
619.000000	17347.616810	-254142.036842	0.002698	-495.227220
619.500000	17347.618159	-254389.650452	0.002671	-495.227220
620.000000	17347.619494	-254637.264062	0.002645	-495.227220
620.500000	17347.620817	-254884.877673	0.002618	-495.227220
621.000000	17347.622126	-255132.491283	0.002593	-495.227220
621.500000	17347.623422	-255380.104893	0.002567	-495.227220
622.000000	17347.624706	-255627.718503	0.002541	-495.227220
622.500000	17347.625976	-255875.332113	0.002516	-495.227220
623.000000	17347.627234	-256122.945724	0.002491	-495.227220
623.500000	17347.628480	-256370.559334	0.002467	-495.227220
624.000000	17347.629713	-256618.172944	0.002442	-495.227220
624.500000	17347.630934	-256865.786554	0.002418	-495.227220
625.000000	17347.632144	-257113.400164	0.002394	-495.227220
625.500000	17347.633341	-257361.013775	0.002370	-495.227220
626.000000	17347.634526	-257608.627385	0.002347	-495.227220
626.500000	17347.635699	-257856.240995	0.002324	-495.227220
627.000000	17347.636861	-258103.854605	0.002301	-495.227220
627.500000	17347.638011	-258351.468216	0.002278	-495.227220
628.000000	17347.639150	-258599.081826	0.002255	-495.227220
628.500000	17347.640278	-258846.695436	0.002233	-495.227220
629.000000	17347.641394	-259094.309046	0.002211	-495.227220
629.500000	17347.642500	-259341.922656	0.002189	-495.227220
630.000000	17347.643594	-259589.536267	0.002167	-495.227220
630.500000	17347.644678	-259837.149877	0.002146	-495.227220
631.000000	17347.645751	-260084.763487	0.002125	-495.227220
631.500000	17347.646813	-260332.377097	0.002103	-495.227220
632.000000	17347.647865	-260579.990708	0.002083	-495.227220
632.500000	17347.648906	-260827.604318	0.002062	-495.227220
633.000000	17347.649937	-261075.217928	0.002042	-495.227220
633.500000	17347.650958	-261322.831538	0.002021	-495.227220
634.000000	17347.651969	-261570.445149	0.002001	-495.227220
634.500000	17347.652969	-261818.058759	0.001982	-495.227220
635.000000	17347.653960	-262065.672369	0.001962	-495.227220
635.500000	17347.654941	-262313.285979	0.001942	-495.227220
636.000000	17347.655912	-262560.899590	0.001923	-495.227220
636.500000	17347.656874	-262808.513200	0.001904	-495.227220
637.000000	17347.657826	-263056.126810	0.001885	-495.227220
637.500000	17347.658769	-263303.740420	0.001867	-495.227220
638.000000	17347.659702	-263551.354030	0.001848	-495.227220
638.500000	17347.660626	-263798.967641	0.001830	-495.227220
639.000000	17347.661541	-264046.581251	0.001812	-495.227220
639.500000	17347.662447	-264294.194861	0.001794	-495.227220
640.000000	17347.663344	-264541.808471	0.001776	-495.227220
640.500000	17347.664232	-264789.422082	0.001758	-495.227220
641.000000	17347.665111	-265037.035692	0.001741	-495.227220
641.500000	17347.665982	-265284.649302	0.001724	-495.227220
642.000000	17347.666844	-265532.262912	0.001707	-495.227221
642.500000	17347.667697	-265779.876523	0.001690	-495.227221
643.000000	17347.668542	-266027.490133	0.001673	-495.227221
643.500000	17347.669378	-266275.103743	0.001657	-495.227221
644.000000	17347.670207	-266522.717353	0.001640	-495.227221
644.500000	17347.671027	-266770.330964	0.001624	-495.227221
645.000000	17347.671839	-267017.944574	0.001608	-495.227221
645.500000	17347.672642	-267265.558184	0.001592	-495.227221
646.000000	17347.673438	-267513.171794	0.001576	-495.227221
646.500000	17347.674226	-267760.785405	0.001560	-495.227221
647.000000	17347.675007	-268008.399015	0.001545	-495.227221
647.500000	17347.675779	-268256.012625	0.001530	-495.227221
648.000000	17347.676544	-268503.626236	0.001515	-495.227221
648.500000	17347.677301	-268751.239846	0.001500	-495.227221
649.000000	17347.678051	-268998.853456	0.001485	-495.227221
649.500000	17347.678793	-269246.467066	0.001470	-495.227221
