0.000000	0.000000	0.000000	449.951327	536.231110
0.500000	224.975663	268.115555	443.652008	523.818874
1.000000	446.801668	530.024992	437.561112	511.722367
1.500000	665.582223	785.886176	431.669001	499.926616
2.000000	881.416724	1035.849484	425.966624	488.417551
2.500000	1094.400036	1280.058259	420.445470	477.181942
3.000000	1304.622771	1518.649230	415.097529	466.207330
3.500000	1512.171536	1751.752895	409.915255	455.481976
4.000000	1717.129163	1979.493883	404.891531	444.994809
4.500000	1919.574929	2201.991287	400.019641	434.735372
5.000000	2119.584749	2419.358974	395.293239	424.693790
5.500000	2317.231369	2631.705869	390.706328	414.860720
6.000000	2512.584533	2839.136229	386.253230	405.227321
6.500000	2705.711148	3041.749889	381.928568	395.785217
7.000000	2896.675432	3239.642497	377.727247	386.526469
7.500000	3085.539055	3432.905732	373.644433	377.443544
8.000000	3272.361272	3621.627504	369.675535	368.529292
8.500000	3457.199039	3805.892150	365.816195	359.776918
9.000000	3640.107137	3985.780609	362.062265	351.179962
9.500000	3821.138269	4161.370590	358.409802	342.732279
10.000000	4000.343170	4332.736730	354.855049	334.428018
10.500000	4177.770694	4499.950739	351.394426	326.261604
11.000000	4353.467908	4663.081541	348.024521	318.227725
11.500000	4527.480168	4822.195403	344.742076	310.321313
12.000000	4699.851206	4977.356060	341.543982	302.537532
12.500000	4870.623197	5128.624826	338.427264	294.871763
13.000000	5039.836829	5276.060708	335.389082	287.319594
13.500000	5207.531370	5419.720505	332.426714	279.876806
14.000000	5373.744727	5559.658908	329.537556	272.539366
14.500000	5538.513505	5695.928590	326.719113	265.303412
15.000000	5701.873061	5828.580296	323.968989	258.165249
15.500000	5863.857556	5957.662921	321.284889	251.121336
16.000000	6024.500001	6083.223589	318.664608	244.168283
16.500000	6183.832305	6205.307730	316.106024	237.302836
17.000000	6341.885317	6323.959148	313.607101	230.521879
17.500000	6498.688867	6439.220087	311.165878	223.822419
18.000000	6654.271806	6551.131297	308.780466	217.201585
18.500000	6808.662039	6659.732089	306.449045	210.656623
19.000000	6961.886562	6765.060401	304.169862	204.184886
19.500000	7113.971493	6867.152844	301.941222	197.783832
20.000000	7264.942104	6966.044760	299.761491	191.451020
20.500000	7414.822850	7061.770270	297.629090	185.184102
21.000000	7563.637394	7154.362321	295.542489	178.980824
21.500000	7711.408639	7243.852733	293.500211	172.839019
22.000000	7858.158745	7330.272242	291.500825	166.756602
22.500000	8003.909157	7413.650543	289.542941	160.731571
23.000000	8148.680628	7494.016329	287.625216	154.762000
23.500000	8292.493236	7571.397329	285.746343	148.846038
24.000000	8435.366407	7645.820348	283.905053	142.981905
24.500000	8577.318933	7717.311300	282.100114	137.167891
25.000000	8718.368990	7785.895246	280.330328	131.402353
25.500000	8858.534154	7851.596423	278.594527	125.683712
26.000000	8997.831418	7914.438279	276.891575	120.010451
26.500000	9136.277205	7974.443504	275.220366	114.381115
27.000000	9273.887388	8031.634062	273.579819	108.794306
27.500000	9410.677297	8086.031215	271.968881	103.248686
28.000000	9546.661738	8137.655558	270.386523	97.742969
28.500000	9681.854999	8186.527042	268.831741	92.275925
29.000000	9816.270870	8232.665005	267.303553	86.846378
29.500000	9949.922647	8276.088194	265.800998	81.453201
30.000000	10082.823146	8316.814794	264.323137	76.095319
30.500000	10214.984714	8354.862453	262.869050	70.771705
31.000000	10346.419239	8390.248306	261.437837	65.481383
31.500000	10477.138158	8422.988998	260.028616	60.223420
32.000000	10607.152466	8453.100708	258.640524	54.996934
32.500000	10736.472728	8480.599175	257.272713	49.801085
33.000000	10865.109085	8505.499717	255.924355	44.635079
33.500000	10993.071262	8527.817256	254.594636	39.498166
34.000000	11120.368580	8547.566339	253.282759	34.389640
34.500000	11247.009960	8564.761159	251.987943	29.308835
35.000000	11373.003931	8579.415577	250.709424	24.255130
35.500000	11498.358643	8591.543142	249.446450	19.227942
36.000000	11623.081868	8601.157113	248.198288	14.226731
36.500000	11747.181012	8608.270478	246.964217	9.250994
37.000000	11870.663121	8612.895975	245.743535	4.300269
37.500000	11993.534888	8615.046109	244.535553	-0.625870
38.000000	12115.802665	8614.733175	243.339596	-5.527809
38.500000	12237.472463	8611.969270	242.155007	-10.405899
39.000000	12358.549967	8606.766320	240.981144	-15.260456
39.500000	12479.040539	8599.136092	239.817379	-20.091759
40.000000	12598.949228	8589.090213	238.663102	-24.900054
40.500000	12718.280779	8576.640186	237.517717	-29.685555
41.000000	12837.039638	8561.797408	236.380646	-34.448441
41.500000	12955.229961	8544.573188	235.251325	-39.188862
42.000000	13072.855624	8524.978757	234.129209	-43.906936
42.500000	13189.920228	8503.025289	233.013767	-48.602754
43.000000	13306.427112	8478.723912	231.904488	-53.276377
43.500000	13422.379356	8452.085724	230.800876	-57.927840
44.000000	13537.779794	8423.121804	229.702451	-62.557150
44.500000	13652.631019	8391.843229	228.608753	-67.164292
45.000000	13766.935396	8358.261083	227.519336	-71.749227
45.500000	13880.695064	8322.386469	226.433776	-76.311890
46.000000	13993.911952	8284.230524	225.351662	-80.852200
46.500000	14106.587783	8243.804424	224.272602	-85.370052
47.000000	14218.724083	8201.119398	223.196222	-89.865325
47.500000	14330.322194	8156.186736	222.122165	-94.337878
48.000000	14441.383277	8109.017796	221.050091	-98.787556
48.500000	14551.908322	8059.624019	219.979678	-103.214187
49.000000	14661.898161	8008.016925	218.910620	-107.617586
49.500000	14771.353471	7954.208132	217.842628	-111.997556
50.000000	14880.274785	7898.209354	216.775432	-116.353888
50.500000	14988.662501	7840.032410	215.708775	-120.686361
51.000000	15096.516888	7779.689229	214.642419	-124.994748
51.500000	15203.838098	7717.191855	213.576140	-129.278812
52.000000	15310.626168	7652.552449	212.509732	-133.538309
52.500000	15416.881033	7585.783295	211.443002	-137.772990
53.000000	15522.602534	7516.896799	210.375773	-141.982601
53.500000	15627.790421	7445.905499	209.307884	-146.166883
54.000000	15732.444363	7372.822058	208.239187	-150.325575
54.500000	15836.563957	7297.659270	207.169548	-154.458414
55.000000	15940.148731	7220.430063	206.098848	-158.565137
55.500000	16043.198155	7141.147495	205.026978	-162.645478
56.000000	16145.711644	7059.824756	203.953845	-166.699175
56.500000	16247.688567	6976.475168	202.879368	-170.725964
57.000000	16349.128251	6891.112186	201.803477	-174.725586
57.500000	16450.029989	6803.749393	200.726114	-178.697783
58.000000	16550.393046	6714.400502	199.647231	-182.642300
58.500000	16650.216662	6623.079352	198.566793	-186.558888
59.000000	16749.500058	6529.799908	197.484773	-190.447301
59.500000	16848.242444	6434.576257	196.401156	-194.307300
60.000000	16946.443023	6337.422607	195.315936	-198.138649
60.500000	17044.100990	6238.353283	194.229113	-201.941120
61.000000	17141.215547	6137.382723	193.140701	-205.714491
61.500000	17237.785898	6034.525477	192.050718	-209.458548
62.000000	17333.811257	5929.796203	190.959192	-213.173084
62.500000	17429.290853	5823.209661	189.866156	-216.857898
63.000000	17524.223931	5714.780712	188.771654	-220.512799
63.500000	17618.609758	5604.524312	187.675733	-224.137604
64.000000	17712.447624	5492.455510	186.578449	-227.732138
64.500000	17805.736849	5378.589441	185.479862	-231.296235
65.000000	17898.476780	5262.941324	184.380038	-234.829738
65.500000	17990.666799	5145.526454	183.279050	-238.332500
66.000000	18082.306324	5026.360204	182.176974	-241.804382
66.500000	18173.394811	4905.458014	181.073891	-245.245254
67.000000	18263.931756	4782.835387	179.969887	-248.654998
67.500000	18353.916700	4658.507888	178.865050	-252.033504
68.000000	18443.349225	4532.491136	177.759476	-255.380671
68.500000	18532.228963	4404.800800	176.653259	-258.696409
69.000000	18620.555592	4275.452596	175.546500	-261.980638
69.500000	18708.328842	4144.462277	174.439302	-265.233286
70.000000	18795.548493	4011.845634	173.331769	-268.454292
70.500000	18882.214378	3877.618488	172.224009	-271.643606
71.000000	18968.326382	3741.796685	171.116131	-274.801185
71.500000	19053.884447	3604.396093	170.008247	-277.926997
72.000000	19138.888571	3465.432594	168.900470	-281.021020
72.500000	19223.338806	3324.922084	167.792915	-284.083240
73.000000	19307.235264	3182.880464	166.685697	-287.113654
73.500000	19390.578112	3039.323637	165.578932	-290.112268
74.000000	19473.367578	2894.267503	164.472738	-293.079097
74.500000	19555.603947	2747.727954	163.367234	-296.014164
75.000000	19637.287564	2599.720872	162.262536	-298.917502
75.500000	19718.418832	2450.262121	161.158766	-301.789152
76.000000	19798.998215	2299.367545	160.056040	-304.629166
76.500000	19879.026235	2147.052962	158.954478	-307.437601
77.000000	19958.503474	1993.334161	157.854199	-310.214526
77.500000	20037.430574	1838.226899	156.755321	-312.960014
78.000000	20115.808234	1681.746892	155.657961	-315.674149
78.500000	20193.637214	1523.909817	154.562237	-318.357022
79.000000	20270.918333	1364.731307	153.468265	-321.008731
79.500000	20347.652465	1204.226941	152.376161	-323.629384
80.000000	20423.840546	1042.412249	151.286040	-326.219092
80.500000	20499.483566	879.302703	150.198015	-328.777977
81.000000	20574.582574	714.913714	149.112199	-331.306166
81.500000	20649.138674	549.260631	148.028704	-333.803792
82.000000	20723.153025	382.358735	146.947638	-336.270996
82.500000	20796.626845	214.223237	145.869111	-338.707924
83.000000	20869.561400	44.869275	144.793231	-341.114730
83.500000	20941.958016	-125.688090	143.720101	-343.491572
84.000000	21013.818066	-297.433876	142.649828	-345.838614
84.500000	21085.142980	-470.353183	141.582512	-348.156027
85.000000	21155.934236	-644.431197	140.518255	-350.443984
85.500000	21226.193364	-819.653189	139.457156	-352.702667
86.000000	21295.921942	-996.004522	138.399311	-354.932260
86.500000	21365.121597	-1173.470652	137.344816	-357.132953
87.000000	21433.794006	-1352.037129	136.293765	-359.304940
87.500000	21501.940888	-1531.689599	135.246248	-361.448420
88.000000	21569.564012	-1712.413809	134.202356	-363.563596
88.500000	21636.665190	-1894.195607	133.162175	-365.650673
89.000000	21703.246277	-2077.020943	132.125791	-367.709862
89.500000	21769.309173	-2260.875874	131.093288	-369.741377
90.000000	21834.855817	-2445.746563	130.064748	-371.745435
90.500000	21899.888191	-2631.619280	129.040248	-373.722255
91.000000	21964.408315	-2818.480408	128.019868	-375.672063
91.500000	22028.418249	-3006.316439	127.003682	-377.595082
92.000000	22091.920090	-3195.113980	125.991763	-379.491543
92.500000	22154.915972	-3384.859751	124.984183	-381.361675
93.000000	22217.408063	-3575.540589	123.981009	-383.205714
93.500000	22279.398568	-3767.143446	122.982311	-385.023893
94.000000	22340.889723	-3959.655392	121.988151	-386.816451
94.500000	22401.883798	-4153.063618	120.998593	-388.583628
95.000000	22462.383095	-4347.355432	120.013697	-390.325663
95.500000	22522.389943	-4542.518264	119.033523	-392.042800
96.000000	22581.906705	-4738.539663	118.058126	-393.735282
96.500000	22640.935768	-4935.407304	117.087561	-395.403355
97.000000	22699.479548	-5133.108982	116.121881	-397.047264
97.500000	22757.540489	-5331.632614	115.161136	-398.667257
98.000000	22815.121057	-5530.966242	114.205374	-400.263581
98.500000	22872.223744	-5731.098033	113.254643	-401.836485
99.000000	22928.851065	-5932.016275	112.308986	-403.386219
99.500000	22985.005558	-6133.709385	111.368446	-404.913031
100.000000	23040.689781	-6336.165900	110.433064	-406.417171
100.500000	23095.906313	-6539.374486	109.502878	-407.898890
101.000000	23150.657752	-6743.323931	108.577925	-409.358437
101.500000	23204.946715	-6948.003149	107.658242	-410.796062
102.000000	23258.775835	-7153.401180	106.743859	-412.212016
102.500000	23312.147765	-7359.507188	105.834810	-413.606547
103.000000	23365.065170	-7566.310462	104.931124	-414.979905
103.500000	23417.530732	-7773.800414	104.032828	-416.332339
104.000000	23469.547146	-7981.966584	103.139949	-417.664097
104.500000	23521.117120	-8190.798633	102.252511	-418.975427
105.000000	23572.243376	-8400.286346	101.370537	-420.266575
105.500000	23622.928644	-8610.419634	100.494048	-421.537788
106.000000	23673.175668	-8821.188528	99.623064	-422.789311
106.500000	23722.987200	-9032.583183	98.757603	-424.021388
107.000000	23772.366002	-9244.593878	97.897680	-425.234263
107.500000	23821.314842	-9457.211009	97.043312	-426.428177
108.000000	23869.836498	-9670.425097	96.194511	-427.603372
108.500000	23917.933753	-9884.226783	95.351289	-428.760087
109.000000	23965.609398	-10098.606827	94.513658	-429.898561
109.500000	24012.866227	-10313.556107	93.681625	-431.019032
110.000000	24059.707039	-10529.065623	92.855198	-432.121734
110.500000	24106.134638	-10745.126490	92.034385	-433.206902
111.000000	24152.151831	-10961.729941	91.219190	-434.274769
111.500000	24197.761426	-11178.867326	90.409617	-435.325566
112.000000	24242.966234	-11396.530109	89.605668	-436.359523
112.500000	24287.769068	-11614.709870	88.807345	-437.376868
113.000000	24332.172740	-11833.398304	88.014647	-438.377826
113.500000	24376.180064	-12052.587217	87.227574	-439.362624
114.000000	24419.793851	-12272.268529	86.446124	-440.331482
114.500000	24463.016913	-12492.434270	85.670293	-441.284623
115.000000	24505.852059	-12713.076582	84.900076	-442.222265
115.500000	24548.302097	-12934.187715	84.135469	-443.144627
116.000000	24590.369832	-13155.760028	83.376465	-444.051922
116.500000	24632.058064	-13377.785989	82.623055	-444.944366
117.000000	24673.369592	-13600.258172	81.875233	-445.822169
117.500000	24714.307208	-13823.169257	81.132988	-446.685541
118.000000	24754.873702	-14046.512027	80.396311	-447.534690
118.500000	24795.071858	-14270.279373	79.665189	-448.369822
119.000000	24834.904452	-14494.464284	78.939611	-449.191140
119.500000	24874.374257	-14719.059854	78.219563	-449.998845
120.000000	24913.484039	-14944.059276	77.505033	-450.793138
120.500000	24952.236556	-15169.455846	76.796006	-451.574217
121.000000	24990.634558	-15395.242954	76.092466	-452.342275
121.500000	25028.680791	-15621.414091	75.394397	-453.097508
122.000000	25066.377990	-15847.962845	74.701783	-453.840106
122.500000	25103.728881	-16074.882898	74.014606	-454.570258
123.000000	25140.736184	-16302.168027	73.332847	-455.288153
123.500000	25177.402608	-16529.812104	72.656490	-455.993974
124.000000	25213.730852	-16757.809091	71.985512	-456.687905
124.500000	25249.723609	-16986.153043	71.319896	-457.370127
125.000000	25285.383557	-17214.838107	70.659621	-458.040818
125.500000	25320.713367	-17443.858516	70.004664	-458.700156
126.000000	25355.715699	-17673.208594	69.355005	-459.348315
126.500000	25390.393201	-17902.882752	68.710621	-459.985468
127.000000	25424.748512	-18132.875486	68.071490	-460.611784
127.500000	25458.784257	-18363.181378	67.437588	-461.227433
128.000000	25492.503051	-18593.795094	66.808893	-461.832580
128.500000	25525.907498	-18824.711384	66.185379	-462.427390
129.000000	25559.000187	-19055.925079	65.567022	-463.012025
129.500000	25591.783698	-19287.431092	64.953798	-463.586646
130.000000	25624.260597	-19519.224415	64.345681	-464.151409
130.500000	25656.433438	-19751.300119	63.742646	-464.706472
131.000000	25688.304761	-19983.653355	63.144666	-465.251988
131.500000	25719.877094	-20216.279349	62.551716	-465.788109
132.000000	25751.152952	-20449.173404	61.963768	-466.314986
132.500000	25782.134836	-20682.330897	61.380796	-466.832765
133.000000	25812.825234	-20915.747279	60.802772	-467.341594
133.500000	25843.226620	-21149.418076	60.229669	-467.841616
134.000000	25873.341455	-21383.338885	59.661459	-468.332974
134.500000	25903.172184	-21617.505371	59.098114	-468.815806
135.000000	25932.721241	-21851.913274	58.539606	-469.290253
135.500000	25961.991045	-22086.558401	57.985907	-469.756450
136.000000	25990.983998	-22321.436626	57.436987	-470.214531
136.500000	26019.702491	-22556.543891	56.892818	-470.664629
137.000000	26048.148900	-22791.876205	56.353371	-471.106874
137.500000	26076.325586	-23027.429642	55.818616	-471.541396
138.000000	26104.234894	-23263.200340	55.288525	-471.968322
138.500000	26131.879157	-23499.184501	54.763068	-472.387776
139.000000	26159.260691	-23735.378389	54.242215	-472.799882
139.500000	26186.381798	-23971.778330	53.725936	-473.204761
140.000000	26213.244766	-24208.380710	53.214202	-473.602534
140.500000	26239.851867	-24445.181977	52.706983	-473.993318
141.000000	26266.205358	-24682.178636	52.204248	-474.377230
141.500000	26292.307482	-24919.367251	51.705968	-474.754384
142.000000	26318.160466	-25156.744443	51.212112	-475.124893
142.500000	26343.766522	-25394.306889	50.722650	-475.488869
143.000000	26369.127847	-25632.051324	50.237552	-475.846420
143.500000	26394.246623	-25869.974534	49.756788	-476.197656
144.000000	26419.125017	-26108.073362	49.280327	-476.542681
144.500000	26443.765180	-26346.344703	48.808138	-476.881602
145.000000	26468.169249	-26584.785504	48.340192	-477.214520
145.500000	26492.339346	-26823.392764	47.876459	-477.541538
146.000000	26516.277575	-27062.163533	47.416906	-477.862756
146.500000	26539.986028	-27301.094911	46.961505	-478.178271
147.000000	26563.466781	-27540.184046	46.510225	-478.488181
147.500000	26586.721893	-27779.428137	46.063036	-478.792581
148.000000	26609.753411	-28018.824427	45.619906	-479.091565
148.500000	26632.563364	-28258.370210	45.180807	-479.385226
149.000000	26655.153768	-28498.062822	44.745707	-479.673654
149.500000	26677.526621	-28737.899649	44.314577	-479.956939
150.000000	26699.683909	-28977.878119	43.887385	-480.235170
150.500000	26721.627602	-29217.995704	43.464104	-480.508432
151.000000	26743.359654	-29458.249920	43.044701	-480.776813
151.500000	26764.882004	-29698.638326	42.629147	-481.040394
152.000000	26786.196578	-29939.158523	42.217413	-481.299260
152.500000	26807.305285	-30179.808153	41.809469	-481.553492
153.000000	26828.210019	-30420.584899	41.405284	-481.803169
153.500000	26848.912661	-30661.486483	41.004829	-482.048370
154.000000	26869.415076	-30902.510669	40.608076	-482.289174
154.500000	26889.719113	-31143.655256	40.214993	-482.525656
155.000000	26909.826610	-31384.918084	39.825552	-482.757892
155.500000	26929.739386	-31626.297030	39.439724	-482.985954
156.000000	26949.459248	-31867.790007	39.057479	-483.209916
156.500000	26968.987987	-32109.394965	38.678789	-483.429850
157.000000	26988.327382	-32351.109890	38.303624	-483.645825
157.500000	27007.479194	-32592.932802	37.931956	-483.857910
158.000000	27026.445172	-32834.861757	37.563756	-484.066175
158.500000	27045.227050	-33076.894845	37.198996	-484.270684
159.000000	27063.826548	-33319.030187	36.837647	-484.471505
159.500000	27082.245372	-33561.265939	36.479681	-484.668702
160.000000	27100.485212	-33803.600290	36.125070	-484.862338
160.500000	27118.547747	-34046.031459	35.773785	-485.052476
161.000000	27136.434640	-34288.557697	35.425799	-485.239177
161.500000	27154.147539	-34531.177285	35.081084	-485.422503
162.000000	27171.688081	-34773.888537	34.739613	-485.602512
162.500000	27189.057888	-35016.689793	34.401358	-485.779263
163.000000	27206.258567	-35259.579425	34.066292	-485.952814
163.500000	27223.291713	-35502.555831	33.734387	-486.123220
164.000000	27240.158906	-35745.617441	33.405617	-486.290538
164.500000	27256.861715	-35988.762710	33.079954	-486.454822
165.000000	27273.401692	-36231.990121	32.757373	-486.616126
165.500000	27289.780378	-36475.298184	32.437846	-486.774502
166.000000	27305.999302	-36718.685435	32.121347	-486.930004
166.500000	27322.059975	-36962.150437	31.807851	-487.082680
167.000000	27337.963901	-37205.691777	31.497330	-487.232583
167.500000	27353.712565	-37449.308069	31.189758	-487.379761
168.000000	27369.307445	-37692.997949	30.885111	-487.524262
168.500000	27384.750000	-37936.760080	30.583363	-487.666135
169.000000	27400.041682	-38180.593147	30.284487	-487.805425
169.500000	27415.183925	-38424.495860	29.988460	-487.942180
170.000000	27430.178155	-38668.466950	29.695255	-488.076444
170.500000	27445.025783	-38912.505172	29.404848	-488.208262
171.000000	27459.728207	-39156.609302	29.117214	-488.337677
171.500000	27474.286814	-39400.778141	28.832328	-488.464732
172.000000	27488.702978	-39645.010507	28.550166	-488.589471
172.500000	27502.978061	-39889.305242	28.270704	-488.711933
173.000000	27517.113413	-40133.661209	27.993918	-488.832160
173.500000	27531.110372	-40378.077289	27.719783	-488.950193
174.000000	27544.970263	-40622.552385	27.448276	-489.066069
174.500000	27558.694401	-40867.085420	27.179373	-489.179829
175.000000	27572.284087	-41111.675334	26.913050	-489.291509
175.500000	27585.740612	-41356.321089	26.649286	-489.401148
176.000000	27599.065255	-41601.021663	26.388056	-489.508781
176.500000	27612.259283	-41845.776053	26.129337	-489.614446
177.000000	27625.323951	-42090.583277	25.873107	-489.718178
177.500000	27638.260505	-42335.442365	25.619343	-489.820010
178.000000	27651.070176	-42580.352370	25.368022	-489.919978
178.500000	27663.754187	-42825.312360	25.119123	-490.018116
179.000000	27676.313749	-43070.321417	24.872623	-490.114455
179.500000	27688.750060	-43315.378645	24.628501	-490.209029
180.000000	27701.064311	-43560.483159	24.386734	-490.301869
180.500000	27713.257678	-43805.634094	24.147301	-490.393007
181.000000	27725.331329	-44050.830598	23.910181	-490.482474
181.500000	27737.286419	-44296.071834	23.675352	-490.570299
182.000000	27749.124095	-44541.356984	23.442793	-490.656513
182.500000	27760.845492	-44786.685240	23.212484	-490.741144
183.000000	27772.451734	-45032.055812	22.984402	-490.824221
183.500000	27783.943935	-45277.467923	22.758529	-490.905773
184.000000	27795.323200	-45522.920810	22.534843	-490.985827
184.500000	27806.590621	-45768.413723	22.313325	-491.064410
185.000000	27817.747284	-46013.945928	22.093953	-491.141548
185.500000	27828.794260	-46259.516702	21.876708	-491.217269
186.000000	27839.732614	-46505.125337	21.661571	-491.291597
186.500000	27850.563400	-46750.771135	21.448521	-491.364559
187.000000	27861.287660	-46996.453415	21.237540	-491.436178
187.500000	27871.906430	-47242.171504	21.028607	-491.506479
188.000000	27882.420734	-47487.924744	20.821704	-491.575487
188.500000	27892.831585	-47733.712487	20.616811	-491.643224
189.000000	27903.139991	-47979.534099	20.413911	-491.709714
189.500000	27913.346947	-48225.388956	20.212984	-491.774980
190.000000	27923.453439	-48471.276446	20.014011	-491.839044
190.500000	27933.460444	-48717.195968	19.816975	-491.901927
191.000000	27943.368931	-48963.146932	19.621856	-491.963651
191.500000	27953.179860	-49209.128757	19.428638	-492.024238
192.000000	27962.894179	-49455.140876	19.237302	-492.083707
192.500000	27972.512830	-49701.182730	19.047830	-492.142081
193.000000	27982.036745	-49947.253770	18.860205	-492.199377
193.500000	27991.466847	-50193.353459	18.674409	-492.255617
194.000000	28000.804051	-50439.481267	18.490425	-492.310819
194.500000	28010.049264	-50685.636677	18.308236	-492.365002
195.000000	28019.203382	-50931.819178	18.127825	-492.418186
195.500000	28028.267294	-51178.028271	17.949174	-492.470387
196.000000	28037.241881	-51424.263464	17.772268	-492.521625
196.500000	28046.128016	-51670.524277	17.597090	-492.571916
197.000000	28054.926560	-51916.810235	17.423623	-492.621279
197.500000	28063.638372	-52163.120875	17.251850	-492.669730
198.000000	28072.264297	-52409.455739	17.081757	-492.717285
198.500000	28080.805175	-52655.814382	16.913326	-492.763962
199.000000	28089.261838	-52902.196363	16.746542	-492.809775
199.500000	28097.635109	-53148.601250	16.581390	-492.854742
200.000000	28105.925804	-53395.028621	16.417853	-492.898878
200.500000	28114.134731	-53641.478060	16.255917	-492.942197
201.000000	28122.262689	-53887.949159	16.095565	-492.984715
201.500000	28130.310472	-54134.441516	15.936783	-493.026446
202.000000	28138.278863	-54380.954739	15.779556	-493.067406
202.500000	28146.168641	-54627.488442	15.623868	-493.107607
203.000000	28153.980575	-54874.042246	15.469706	-493.147064
203.500000	28161.715428	-55120.615778	15.317054	-493.185791
204.000000	28169.373955	-55367.208673	15.165898	-493.223801
204.500000	28176.956904	-55613.820574	15.016224	-493.261107
205.000000	28184.465016	-55860.451128	14.868017	-493.297723
205.500000	28191.899025	-56107.099989	14.721263	-493.333660
206.000000	28199.259657	-56353.766819	14.575949	-493.368931
206.500000	28206.547631	-56600.451284	14.432059	-493.403549
207.000000	28213.763661	-56847.153059	14.289582	-493.437525
207.500000	28220.908452	-57093.871821	14.148503	-493.470872
208.000000	28227.982703	-57340.607257	14.008808	-493.503600
208.500000	28234.987107	-57587.359057	13.870484	-493.535722
209.000000	28241.922349	-57834.126918	13.733518	-493.567249
209.500000	28248.789108	-58080.910543	13.597898	-493.598190
210.000000	28255.588057	-58327.709638	13.463609	-493.628558
210.500000	28262.319861	-58574.523917	13.330639	-493.658363
211.000000	28268.985181	-58821.353098	13.198975	-493.687614
211.500000	28275.584668	-59068.196905	13.068605	-493.716323
212.000000	28282.118971	-59315.055067	12.939516	-493.744500
212.500000	28288.588729	-59561.927317	12.811696	-493.772153
213.000000	28294.994577	-59808.813393	12.685132	-493.799293
213.500000	28301.337143	-60055.713040	12.559813	-493.825929
214.000000	28307.617050	-60302.626005	12.435726	-493.852071
214.500000	28313.834913	-60549.552040	12.312859	-493.877728
215.000000	28319.991342	-60796.490904	12.191200	-493.902908
215.500000	28326.086942	-61043.442358	12.070738	-493.927620
216.000000	28332.122311	-61290.406168	11.951461	-493.951873
216.500000	28338.098041	-61537.382104	11.833357	-493.975676
217.000000	28344.014720	-61784.369942	11.716416	-493.999037
217.500000	28349.872928	-62031.369460	11.600625	-494.021963
218.000000	28355.673240	-62278.380442	11.485974	-494.044463
218.500000	28361.416228	-62525.402674	11.372452	-494.066546
219.000000	28367.102454	-62772.435946	11.260047	-494.088218
219.500000	28372.732477	-63019.480055	11.148749	-494.109486
220.000000	28378.306852	-63266.534798	11.038547	-494.130360
220.500000	28383.826126	-63513.599978	10.929430	-494.150845
221.000000	28389.290841	-63760.675401	10.821388	-494.170950
221.500000	28394.701535	-64007.760876	10.714410	-494.190680
222.000000	28400.058740	-64254.856216	10.608486	-494.210044
222.500000	28405.362983	-64501.961238	10.503606	-494.229047
223.000000	28410.614786	-64749.075762	10.399758	-494.247697
223.500000	28415.814666	-64996.199611	10.296935	-494.266000
224.000000	28420.963133	-65243.332611	10.195124	-494.283962
224.500000	28426.060695	-65490.474592	10.094317	-494.301590
225.000000	28431.107853	-65737.625387	9.994503	-494.318890
225.500000	28436.105105	-65984.784832	9.895674	-494.335868
226.000000	28441.052942	-66231.952766	9.797818	-494.352530
226.500000	28445.951851	-66479.129031	9.700928	-494.368882
227.000000	28450.802315	-66726.313472	9.604993	-494.384929
227.500000	28455.604811	-66973.505936	9.510003	-494.400677
228.000000	28460.359813	-67220.706275	9.415951	-494.416132
228.500000	28465.067788	-67467.914341	9.322826	-494.431300
229.000000	28469.729201	-67715.129991	9.230620	-494.446184
229.500000	28474.344511	-67962.353083	9.139323	-494.460792
230.000000	28478.914173	-68209.583479	9.048927	-494.475127
230.500000	28483.438636	-68456.821042	8.959422	-494.489195
231.000000	28487.918347	-68704.065640	8.870801	-494.503001
231.500000	28492.353748	-68951.317140	8.783054	-494.516550
232.000000	28496.745275	-69198.575416	8.696173	-494.529846
232.500000	28501.093362	-69445.840339	8.610150	-494.542895
233.000000	28505.398437	-69693.111786	8.524975	-494.555700
233.500000	28509.660924	-69940.389636	8.440641	-494.568266
234.000000	28513.881245	-70187.673769	8.357139	-494.580599
234.500000	28518.059814	-70434.964069	8.274462	-494.592701
235.000000	28522.197045	-70682.260419	8.192601	-494.604578
235.500000	28526.293346	-70929.562708	8.111548	-494.616233
236.000000	28530.349119	-71176.870824	8.031295	-494.627670
236.500000	28534.364767	-71424.184659	7.951834	-494.638895
237.000000	28538.340684	-71671.504107	7.873158	-494.649910
237.500000	28542.277263	-71918.829062	7.795259	-494.660719
238.000000	28546.174893	-72166.159421	7.718130	-494.671327
238.500000	28550.033958	-72413.495085	7.641762	-494.681737
239.000000	28553.854839	-72660.835953	7.566148	-494.691953
239.500000	28557.637912	-72908.181930	7.491281	-494.701978
240.000000	28561.383553	-73155.532918	7.417153	-494.711816
240.500000	28565.092129	-73402.888826	7.343758	-494.721470
241.000000	28568.764008	-73650.249561	7.271088	-494.730944
241.500000	28572.399552	-73897.615033	7.199135	-494.740241
242.000000	28575.999120	-74144.985154	7.127894	-494.749365
242.500000	28579.563067	-74392.359836	7.057356	-494.758318
243.000000	28583.091745	-74639.738995	6.987515	-494.767104
243.500000	28586.585502	-74887.122547	6.918364	-494.775726
244.000000	28590.044684	-75134.510410	6.849897	-494.784187
244.500000	28593.469633	-75381.902504	6.782106	-494.792490
245.000000	28596.860686	-75629.298749	6.714985	-494.800638
245.500000	28600.218178	-75876.699068	6.648527	-494.808634
246.000000	28603.542442	-76124.103385	6.582726	-494.816480
246.500000	28606.833805	-76371.511625	6.517576	-494.824180
247.000000	28610.092593	-76618.923714	6.453069	-494.831736
247.500000	28613.319128	-76866.339582	6.389200	-494.839150
248.000000	28616.513728	-77113.759157	6.325962	-494.846426
248.500000	28619.676709	-77361.182370	6.263349	-494.853566
249.000000	28622.808383	-77608.609154	6.201356	-494.860573
249.500000	28625.909061	-77856.039440	6.139975	-494.867449
250.000000	28628.979049	-78103.473165	6.079201	-494.874196
250.500000	28632.018649	-78350.910263	6.019027	-494.880817
251.000000	28635.028163	-78598.350671	5.959449	-494.887314
251.500000	28638.007887	-78845.794328	5.900459	-494.893690
252.000000	28640.958117	-79093.241174	5.842053	-494.899947
252.500000	28643.879143	-79340.691147	5.784225	-494.906086
253.000000	28646.771256	-79588.144190	5.726968	-494.912111
253.500000	28649.634740	-79835.600245	5.670277	-494.918023
254.000000	28652.469878	-80083.059257	5.614147	-494.923825
254.500000	28655.276952	-80330.521169	5.558572	-494.929518
255.000000	28658.056238	-80577.985928	5.503546	-494.935104
255.500000	28660.808011	-80825.453480	5.449065	-494.940586
256.000000	28663.532543	-81072.923773	5.395122	-494.945965
256.500000	28666.230105	-81320.396756	5.341713	-494.951244
257.000000	28668.900961	-81567.872378	5.288833	-494.956424
257.500000	28671.545378	-81815.350590	5.236475	-494.961507
258.000000	28674.163615	-82062.831344	5.184635	-494.966495
258.500000	28676.755932	-82310.314591	5.133308	-494.971390
259.000000	28679.322586	-82557.800286	5.082488	-494.976193
259.500000	28681.863830	-82805.288383	5.032171	-494.980906
260.000000	28684.379916	-83052.778835	4.982352	-494.985531
260.500000	28686.871092	-83300.271601	4.933026	-494.990069
261.000000	28689.337605	-83547.766635	4.884187	-494.994522
261.500000	28691.779698	-83795.263896	4.835832	-494.998892
262.000000	28694.197614	-84042.763342	4.787955	-495.003180
262.500000	28696.591592	-84290.264932	4.740552	-495.007388
263.000000	28698.961868	-84537.768626	4.693618	-495.011517
263.500000	28701.308676	-84785.274385	4.647148	-495.015569
264.000000	28703.632250	-85032.782169	4.601137	-495.019544
264.500000	28705.932819	-85280.291941	4.555582	-495.023446
265.000000	28708.210610	-85527.803664	4.510478	-495.027274
265.500000	28710.465849	-85775.317301	4.465820	-495.031030
266.000000	28712.698759	-86022.832816	4.421604	-495.034717
266.500000	28714.909561	-86270.350175	4.377825	-495.038334
267.000000	28717.098473	-86517.869342	4.334480	-495.041883
267.500000	28719.265713	-86765.390283	4.291563	-495.045366
268.000000	28721.411495	-87012.912966	4.249071	-495.048783
268.500000	28723.536030	-87260.437358	4.206999	-495.052137
269.000000	28725.639530	-87507.963426	4.165344	-495.055428
269.500000	28727.722202	-87755.491140	4.124101	-495.058656
270.000000	28729.784252	-88003.020468	4.083266	-495.061825
270.500000	28731.825886	-88250.551381	4.042836	-495.064934
271.000000	28733.847303	-88498.083848	4.002805	-495.067985
271.500000	28735.848706	-88745.617840	3.963170	-495.070978
272.000000	28737.830291	-88993.153329	3.923928	-495.073916
272.500000	28739.792255	-89240.690287	3.885074	-495.076798
273.000000	28741.734792	-89488.228686	3.846605	-495.079627
273.500000	28743.658095	-89735.768500	3.808516	-495.082402
274.000000	28745.562353	-89983.309700	3.770805	-495.085125
274.500000	28747.447755	-90230.852263	3.733466	-495.087797
275.000000	28749.314488	-90478.396162	3.696497	-495.090419
275.500000	28751.162737	-90725.941371	3.659894	-495.092992
276.000000	28752.992684	-90973.487868	3.623653	-495.095517
276.500000	28754.804511	-91221.035626	3.587771	-495.097994
277.000000	28756.598396	-91468.584623	3.552244	-495.100425
277.500000	28758.374519	-91716.134836	3.517069	-495.102810
278.000000	28760.133053	-91963.686241	3.482242	-495.105151
278.500000	28761.874174	-92211.238816	3.447760	-495.107447
279.000000	28763.598054	-92458.792540	3.413619	-495.109701
279.500000	28765.304863	-92706.347390	3.379816	-495.111912
280.000000	28766.994771	-92953.903346	3.346347	-495.114081
280.500000	28768.667945	-93201.460387	3.313210	-495.116210
281.000000	28770.324549	-93449.018492	3.280401	-495.118299
281.500000	28771.964750	-93696.577642	3.247916	-495.120349
282.000000	28773.588708	-93944.137816	3.215753	-495.122360
282.500000	28775.196584	-94191.698996	3.183909	-495.124334
283.000000	28776.788539	-94439.261163	3.152379	-495.126271
283.500000	28778.364729	-94686.824299	3.121162	-495.128171
284.000000	28779.925310	-94934.388384	3.090254	-495.130035
284.500000	28781.470437	-95181.953402	3.059652	-495.131865
285.000000	28783.000263	-95429.519334	3.029353	-495.133660
285.500000	28784.514939	-95677.086164	2.999354	-495.135421
286.000000	28786.014616	-95924.653874	2.969651	-495.137150
286.500000	28787.499442	-96172.222449	2.940243	-495.138845
287.000000	28788.969563	-96419.791872	2.911126	-495.140509
287.500000	28790.425126	-96667.362127	2.882297	-495.142142
288.000000	28791.866275	-96914.933198	2.853754	-495.143744
288.500000	28793.293152	-97162.505070	2.825493	-495.145316
289.000000	28794.705898	-97410.077728	2.797512	-495.146859
289.500000	28796.104654	-97657.651157	2.769808	-495.148372
290.000000	28797.489558	-97905.225343	2.742378	-495.149857
290.500000	28798.860747	-98152.800272	2.715220	-495.151315
291.000000	28800.218357	-98400.375929	2.688331	-495.152744
291.500000	28801.562522	-98647.952302	2.661708	-495.154147
292.000000	28802.893376	-98895.529375	2.635348	-495.155524
292.500000	28804.211050	-99143.107137	2.609250	-495.156875
293.000000	28805.515675	-99390.685574	2.583409	-495.158200
293.500000	28806.807380	-99638.264674	2.557825	-495.159500
294.000000	28808.086292	-99885.844424	2.532494	-495.160776
294.500000	28809.352539	-100133.424812	2.507414	-495.162028
295.000000	28810.606246	-100381.005827	2.482582	-495.163257
295.500000	28811.847538	-100628.587455	2.457996	-495.164462
296.000000	28813.076536	-100876.169686	2.433654	-495.165645
296.500000	28814.293363	-101123.752508	2.409552	-495.166805
297.000000	28815.498139	-101371.335911	2.385689	-495.167944
297.500000	28816.690983	-101618.919883	2.362063	-495.169061
298.000000	28817.872015	-101866.504413	2.338670	-495.170157
298.500000	28819.041350	-102114.089492	2.315509	-495.171233
299.000000	28820.199104	-102361.675108	2.292577	-495.172288
299.500000	28821.345393	-102609.261252	2.269873	-495.173324
300.000000	28822.480329	-102856.847914	2.247393	-495.174340
300.500000	28823.604025	-103104.435084	2.225135	-495.175337
301.000000	28824.716593	-103352.022752	2.203099	-495.176315
301.500000	28825.818142	-103599.610910	2.181280	-495.177275
302.000000	28826.908782	-103847.199547	2.159677	-495.178217
302.500000	28827.988621	-104094.788656	2.138289	-495.179141
303.000000	28829.057765	-104342.378226	2.117112	-495.180047
303.500000	28830.116321	-104589.968249	2.096144	-495.180937
304.000000	28831.164393	-104837.558718	2.075385	-495.181810
304.500000	28832.202086	-105085.149623	2.054831	-495.182666
305.000000	28833.229501	-105332.740956	2.034480	-495.183506
305.500000	28834.246741	-105580.332709	2.014331	-495.184331
306.000000	28835.253907	-105827.924874	1.994382	-495.185140
306.500000	28836.251098	-106075.517444	1.974630	-495.185934
307.000000	28837.238413	-106323.110411	1.955074	-495.186713
307.500000	28838.215950	-106570.703768	1.935711	-495.187477
308.000000	28839.183805	-106818.297506	1.916540	-495.188227
308.500000	28840.142075	-107065.891619	1.897559	-495.188962
309.000000	28841.090854	-107313.486100	1.878766	-495.189684
309.500000	28842.030237	-107561.080942	1.860159	-495.190392
310.000000	28842.960317	-107808.676138	1.841736	-495.191087
310.500000	28843.881185	-108056.271682	1.823496	-495.191769
311.000000	28844.792932	-108303.867566	1.805436	-495.192438
311.500000	28845.695650	-108551.463785	1.787555	-495.193094
312.000000	28846.589428	-108799.060333	1.769851	-495.193738
312.500000	28847.474353	-109046.657202	1.752323	-495.194370
313.000000	28848.350515	-109294.254387	1.734968	-495.194990
313.500000	28849.217999	-109541.851882	1.717785	-495.195599
314.000000	28850.076891	-109789.449681	1.700772	-495.196196
314.500000	28850.927277	-110037.047779	1.683927	-495.196781
315.000000	28851.769240	-110284.646170	1.667250	-495.197356
315.500000	28852.602865	-110532.244848	1.650737	-495.197920
316.000000	28853.428234	-110779.843807	1.634388	-495.198473
316.500000	28854.245428	-111027.443044	1.618201	-495.199015
317.000000	28855.054529	-111275.042551	1.602175	-495.199548
317.500000	28855.855616	-111522.642325	1.586307	-495.200070
318.000000	28856.648770	-111770.242361	1.570596	-495.200583
318.500000	28857.434067	-112017.842652	1.555041	-495.201086
319.000000	28858.211588	-112265.443195	1.539639	-495.201580
319.500000	28858.981407	-112513.043985	1.524391	-495.202064
320.000000	28859.743603	-112760.645017	1.509293	-495.202539
320.500000	28860.498249	-113008.246286	1.494345	-495.203005
321.000000	28861.245421	-113255.847789	1.479545	-495.203462
321.500000	28861.985194	-113503.449520	1.464891	-495.203911
322.000000	28862.717639	-113751.051475	1.450382	-495.204351
322.500000	28863.442830	-113998.653651	1.436018	-495.204783
323.000000	28864.160839	-114246.256043	1.421795	-495.205207
323.500000	28864.871737	-114493.858646	1.407714	-495.205623
324.000000	28865.575594	-114741.461458	1.393771	-495.206031
324.500000	28866.272479	-114989.064473	1.379967	-495.206431
325.000000	28866.962463	-115236.667689	1.366300	-495.206824
325.500000	28867.645613	-115484.271101	1.352768	-495.207209
326.000000	28868.321997	-115731.874706	1.339370	-495.207588
326.500000	28868.991681	-115979.478499	1.326104	-495.207958
327.000000	28869.654734	-116227.082479	1.312970	-495.208322
327.500000	28870.311219	-116474.686640	1.299966	-495.208680
328.000000	28870.961202	-116722.290980	1.287091	-495.209030
328.500000	28871.604747	-116969.895495	1.274344	-495.209374
329.000000	28872.241919	-117217.500181	1.261722	-495.209711
329.500000	28872.872780	-117465.105037	1.249226	-495.210042
330.000000	28873.497393	-117712.710058	1.236853	-495.210367
330.500000	28874.115820	-117960.315241	1.224603	-495.210685
331.000000	28874.728121	-118207.920584	1.212474	-495.210998
331.500000	28875.334359	-118455.526083	1.200466	-495.211304
332.000000	28875.934591	-118703.131735	1.188576	-495.211605
332.500000	28876.528879	-118950.737537	1.176804	-495.211900
333.000000	28877.117281	-119198.343488	1.165149	-495.212190
333.500000	28877.699856	-119445.949583	1.153609	-495.212474
334.000000	28878.276660	-119693.555820	1.142183	-495.212753
334.500000	28878.847752	-119941.162196	1.130871	-495.213027
335.000000	28879.413187	-120188.768709	1.119670	-495.213295
335.500000	28879.973022	-120436.375357	1.108581	-495.213558
336.000000	28880.527312	-120683.982136	1.097601	-495.213817
336.500000	28881.076113	-120931.589044	1.086730	-495.214070
337.000000	28881.619478	-121179.196079	1.075967	-495.214319
337.500000	28882.157461	-121426.803239	1.065310	-495.214563
338.000000	28882.690116	-121674.410520	1.054759	-495.214802
338.500000	28883.217495	-121922.017921	1.044312	-495.215037
339.000000	28883.739651	-122169.625440	1.033969	-495.215267
339.500000	28884.256636	-122417.233073	1.023728	-495.215494
340.000000	28884.768500	-122664.840820	1.013589	-495.215715
340.500000	28885.275294	-122912.448678	1.003550	-495.215933
341.000000	28885.777069	-123160.056644	0.993610	-495.216146
341.500000	28886.273874	-123407.664717	0.983769	-495.216356
342.000000	28886.765759	-123655.272895	0.974026	-495.216562
342.500000	28887.252771	-123902.881176	0.964379	-495.216763
343.000000	28887.734961	-124150.489558	0.954827	-495.216961
343.500000	28888.212374	-124398.098038	0.945370	-495.217155
344.000000	28888.685059	-124645.706616	0.936007	-495.217346
344.500000	28889.153062	-124893.315289	0.926736	-495.217532
345.000000	28889.616431	-125140.924055	0.917557	-495.217716
345.500000	28890.075209	-125388.532913	0.908470	-495.217896
346.000000	28890.529444	-125636.141860	0.899472	-495.218072
346.500000	28890.979180	-125883.750897	0.890563	-495.218245
347.000000	28891.424462	-126131.360019	0.881743	-495.218415
347.500000	28891.865333	-126378.969227	0.873010	-495.218582
348.000000	28892.301838	-126626.578518	0.864363	-495.218745
348.500000	28892.734019	-126874.187890	0.855802	-495.218906
349.000000	28893.161920	-127121.797343	0.847326	-495.219063
349.500000	28893.585583	-127369.406874	0.838933	-495.219217
350.000000	28894.005050	-127617.016483	0.830624	-495.219369
350.500000	28894.420362	-127864.626168	0.822397	-495.219518
351.000000	28894.831561	-128112.235926	0.814252	-495.219663
351.500000	28895.238687	-128359.845758	0.806187	-495.219806
352.000000	28895.641780	-128607.455661	0.798203	-495.219947
352.500000	28896.040882	-128855.065635	0.790297	-495.220085
353.000000	28896.436030	-129102.675677	0.782469	-495.220220
353.500000	28896.827265	-129350.285787	0.774720	-495.220352
354.000000	28897.214625	-129597.895963	0.767046	-495.220482
354.500000	28897.598148	-129845.506204	0.759449	-495.220610
355.000000	28897.977873	-130093.116509	0.751927	-495.220735
355.500000	28898.353836	-130340.726877	0.744480	-495.220858
356.000000	28898.726076	-130588.337306	0.737106	-495.220978
356.500000	28899.094629	-130835.947795	0.729806	-495.221097
357.000000	28899.459532	-131083.558343	0.722577	-495.221213
357.500000	28899.820821	-131331.168949	0.715421	-495.221326
358.000000	28900.178531	-131578.779612	0.708335	-495.221438
358.500000	28900.532699	-131826.390331	0.701319	-495.221548
359.000000	28900.883358	-132074.001105	0.694373	-495.221655
359.500000	28901.230545	-132321.611933	0.687496	-495.221760
360.000000	28901.574293	-132569.222813	0.680686	-495.221864
360.500000	28901.914636	-132816.833745	0.673945	-495.221965
361.000000	28902.251608	-133064.444728	0.667269	-495.222065
361.500000	28902.585243	-133312.055760	0.660661	-495.222163
362.000000	28902.915573	-133559.666841	0.654117	-495.222258
362.500000	28903.242631	-133807.277970	0.647638	-495.222352
363.000000	28903.566451	-134054.889147	0.641224	-495.222445
363.500000	28903.887063	-134302.500369	0.634873	-495.222535
364.000000	28904.204499	-134550.111637	0.628585	-495.222624
364.500000	28904.518792	-134797.722949	0.622359	-495.222711
365.000000	28904.829971	-135045.334304	0.616195	-495.222796
365.500000	28905.138068	-135292.945702	0.610092	-495.222880
366.000000	28905.443114	-135540.557142	0.604049	-495.222963
366.500000	28905.745139	-135788.168624	0.598066	-495.223043
367.000000	28906.044172	-136035.780145	0.592143	-495.223122
367.500000	28906.340244	-136283.391707	0.586278	-495.223200
368.000000	28906.633383	-136531.003307	0.580471	-495.223276
368.500000	28906.923618	-136778.614945	0.574722	-495.223351
369.000000	28907.210979	-137026.226620	0.569030	-495.223424
369.500000	28907.495494	-137273.838333	0.563394	-495.223496
370.000000	28907.777191	-137521.450081	0.557814	-495.223567
370.500000	28908.056098	-137769.061864	0.552289	-495.223636
371.000000	28908.332242	-138016.673682	0.546819	-495.223704
371.500000	28908.605651	-138264.285534	0.541403	-495.223771
372.000000	28908.876353	-138511.897420	0.536040	-495.223836
372.500000	28909.144373	-138759.509338	0.530731	-495.223900
373.000000	28909.409739	-139007.121288	0.525475	-495.223963
373.500000	28909.672476	-139254.733270	0.520270	-495.224025
374.000000	28909.932611	-139502.345283	0.515117	-495.224086
374.500000	28910.190169	-139749.957325	0.510015	-495.224145
375.000000	28910.445177	-139997.569398	0.504964	-495.224204
375.500000	28910.697659	-140245.181500	0.499962	-495.224261
376.000000	28910.947640	-140492.793630	0.495010	-495.224317
376.500000	28911.195145	-140740.405789	0.490107	-495.224372
377.000000	28911.440199	-140988.017975	0.485253	-495.224426
377.500000	28911.682825	-141235.630188	0.480447	-495.224479
378.000000	28911.923049	-141483.242427	0.475688	-495.224531
378.500000	28912.160893	-141730.854692	0.470977	-495.224582
379.000000	28912.396381	-141978.466983	0.466312	-495.224632
379.500000	28912.629537	-142226.079299	0.461694	-495.224681
380.000000	28912.860384	-142473.691640	0.457121	-495.224729
380.500000	28913.088945	-142721.304005	0.452593	-495.224777
381.000000	28913.315241	-142968.916393	0.448110	-495.224823
381.500000	28913.539296	-143216.528804	0.443672	-495.224868
382.000000	28913.761133	-143464.141239	0.439278	-495.224913
382.500000	28913.980771	-143711.753695	0.434927	-495.224957
383.000000	28914.198235	-143959.366174	0.430619	-495.225000
383.500000	28914.413545	-144206.978673	0.426354	-495.225042
384.000000	28914.626722	-144454.591194	0.422131	-495.225083
384.500000	28914.837787	-144702.203736	0.417950	-495.225124
385.000000	28915.046763	-144949.816298	0.413811	-495.225164
385.500000	28915.253668	-145197.428880	0.409712	-495.225203
386.000000	28915.458524	-145445.041481	0.405654	-495.225241
386.500000	28915.661351	-145692.654102	0.401636	-495.225278
387.000000	28915.862169	-145940.266741	0.397658	-495.225315
387.500000	28916.060999	-146187.879398	0.393720	-495.225352
388.000000	28916.257858	-146435.492074	0.389820	-495.225387
388.500000	28916.452769	-146683.104768	0.385959	-495.225422
389.000000	28916.645748	-146930.717479	0.382136	-495.225456
389.500000	28916.836816	-147178.330207	0.378352	-495.225489
390.000000	28917.025992	-147425.942951	0.374604	-495.225522
390.500000	28917.213294	-147673.555712	0.370894	-495.225555
391.000000	28917.398741	-147921.168490	0.367220	-495.225586
391.500000	28917.582351	-148168.781283	0.363583	-495.225617
392.000000	28917.764143	-148416.394091	0.359982	-495.225648
392.500000	28917.944134	-148664.006915	0.356417	-495.225677
393.000000	28918.122342	-148911.619754	0.352887	-495.225707
393.500000	28918.298786	-149159.232607	0.349391	-495.225736
394.000000	28918.473481	-149406.845475	0.345931	-495.225764
394.500000	28918.646447	-149654.458357	0.342505	-495.225791
395.000000	28918.817699	-149902.071253	0.339112	-495.225819
395.500000	28918.987255	-150149.684162	0.335753	-495.225845
396.000000	28919.155132	-150397.297084	0.332428	-495.225871
396.500000	28919.321346	-150644.910020	0.329135	-495.225897
397.000000	28919.485914	-150892.522968	0.325876	-495.225922
397.500000	28919.648851	-151140.135929	0.322648	-495.225947
398.000000	28919.810175	-151387.748903	0.319452	-495.225971
398.500000	28919.969901	-151635.361888	0.316288	-495.225995
399.000000	28920.128045	-151882.974886	0.313155	-495.226018
399.500000	28920.284623	-152130.587894	0.310054	-495.226041
400.000000	28920.439650	-152378.200915	0.306983	-495.226063
400.500000	28920.593142	-152625.813946	0.303942	-495.226085
401.000000	28920.745113	-152873.426989	0.300932	-495.226107
401.500000	28920.895579	-153121.040042	0.297951	-495.226128
402.000000	28921.044554	-153368.653106	0.295000	-495.226149
402.500000	28921.192055	-153616.266181	0.292078	-495.226169
403.000000	28921.338094	-153863.879265	0.289186	-495.226189
403.500000	28921.482687	-154111.492360	0.286321	-495.226209
404.000000	28921.625847	-154359.105464	0.283485	-495.226228
404.500000	28921.767590	-154606.718578	0.280678	-495.226247
405.000000	28921.907929	-154854.331701	0.277898	-495.226265
405.500000	28922.046878	-155101.944834	0.275145	-495.226283
406.000000	28922.184450	-155349.557975	0.272420	-495.226301
406.500000	28922.320660	-155597.171126	0.269722	-495.226319
407.000000	28922.455521	-155844.784285	0.267050	-495.226336
407.500000	28922.589047	-156092.397453	0.264405	-495.226353
408.000000	28922.721249	-156340.010629	0.261787	-495.226369
408.500000	28922.852143	-156587.623814	0.259194	-495.226385
409.000000	28922.981739	-156835.237006	0.256627	-495.226401
409.500000	28923.110053	-157082.850207	0.254085	-495.226417
410.000000	28923.237095	-157330.463415	0.251568	-495.226432
410.500000	28923.362879	-157578.076631	0.249077	-495.226447
411.000000	28923.487417	-157825.689855	0.246610	-495.226462
411.500000	28923.610722	-158073.303086	0.244167	-495.226476
412.000000	28923.732806	-158320.916324	0.241749	-495.226490
412.500000	28923.853680	-158568.529569	0.239354	-495.226504
413.000000	28923.973357	-158816.142821	0.236984	-495.226518
413.500000	28924.091849	-159063.756080	0.234636	-495.226531
414.000000	28924.209167	-159311.369345	0.232312	-495.226544
414.500000	28924.325323	-159558.982617	0.230011	-495.226557
415.000000	28924.440329	-159806.595896	0.227733	-495.226570
415.500000	28924.554195	-160054.209181	0.225478	-495.226582
416.000000	28924.666934	-160301.822472	0.223244	-495.226594
416.500000	28924.778556	-160549.435769	0.221033	-495.226606
417.000000	28924.889073	-160797.049072	0.218844	-495.226618
417.500000	28924.998495	-161044.662381	0.216676	-495.226629
418.000000	28925.106833	-161292.275695	0.214530	-495.226640
418.500000	28925.214099	-161539.889016	0.212406	-495.226652
419.000000	28925.320301	-161787.502341	0.210302	-495.226662
419.500000	28925.425452	-162035.115672	0.208219	-495.226673
420.000000	28925.529562	-162282.729009	0.206157	-495.226683
420.500000	28925.632640	-162530.342351	0.204115	-495.226694
421.000000	28925.734697	-162777.955697	0.202093	-495.226704
421.500000	28925.835744	-163025.569049	0.200091	-495.226713
422.000000	28925.935789	-163273.182406	0.198110	-495.226723
422.500000	28926.034844	-163520.795767	0.196147	-495.226733
423.000000	28926.132918	-163768.409134	0.194205	-495.226742
423.500000	28926.230020	-164016.022505	0.192281	-495.226751
424.000000	28926.326161	-164263.635880	0.190377	-495.226760
424.500000	28926.421349	-164511.249260	0.188491	-495.226769
425.000000	28926.515595	-164758.862644	0.186624	-495.226777
425.500000	28926.608907	-165006.476033	0.184776	-495.226786
426.000000	28926.701295	-165254.089426	0.182946	-495.226794
426.500000	28926.792767	-165501.702823	0.181134	-495.226802
427.000000	28926.883334	-165749.316224	0.179340	-495.226810
427.500000	28926.973004	-165996.929629	0.177563	-495.226818
428.000000	28927.061786	-166244.543038	0.175805	-495.226825
428.500000	28927.149688	-166492.156450	0.174063	-495.226833
429.000000	28927.236720	-166739.769867	0.172339	-495.226840
429.500000	28927.322889	-166987.383287	0.170632	-495.226848
430.000000	28927.408206	-167234.996711	0.168942	-495.226855
430.500000	28927.492677	-167482.610138	0.167269	-495.226862
431.000000	28927.576311	-167730.223569	0.165612	-495.226869
431.500000	28927.659117	-167977.837003	0.163972	-495.226875
432.000000	28927.741103	-168225.450441	0.162348	-495.226882
432.500000	28927.822277	-168473.063882	0.160740	-495.226888
433.000000	28927.902647	-168720.677326	0.159148	-495.226895
433.500000	28927.982221	-168968.290773	0.157572	-495.226901
434.000000	28928.061007	-169215.904224	0.156011	-495.226907
434.500000	28928.139013	-169463.517677	0.154466	-495.226913
435.000000	28928.216246	-169711.131134	0.152936	-495.226919
435.500000	28928.292713	-169958.744593	0.151421	-495.226924
436.000000	28928.368424	-170206.358055	0.149921	-495.226930
436.500000	28928.443385	-170453.971520	0.148436	-495.226936
437.000000	28928.517603	-170701.584988	0.146966	-495.226941
437.500000	28928.591086	-170949.198458	0.145511	-495.226946
438.000000	28928.663841	-171196.811932	0.144069	-495.226952
438.500000	28928.735876	-171444.425407	0.142642	-495.226957
439.000000	28928.807197	-171692.038886	0.141230	-495.226962
439.500000	28928.877812	-171939.652367	0.139831	-495.226967
440.000000	28928.947727	-172187.265850	0.138446	-495.226971
440.500000	28929.016950	-172434.879336	0.137075	-495.226976
441.000000	28929.085488	-172682.492824	0.135717	-495.226981
441.500000	28929.153346	-172930.106314	0.134373	-495.226985
442.000000	28929.220532	-173177.719807	0.133042	-495.226990
442.500000	28929.287053	-173425.333302	0.131724	-495.226994
443.000000	28929.352915	-173672.946799	0.130419	-495.226999
443.500000	28929.418125	-173920.560298	0.129128	-495.227003
444.000000	28929.482689	-174168.173800	0.127849	-495.227007
444.500000	28929.546613	-174415.787303	0.126582	-495.227011
445.000000	28929.609905	-174663.400809	0.125329	-495.227015
445.500000	28929.672569	-174911.014316	0.124087	-495.227019
446.000000	28929.734613	-175158.627826	0.122858	-495.227023
446.500000	28929.796042	-175406.241337	0.121642	-495.227027
447.000000	28929.856863	-175653.854850	0.120437	-495.227030
447.500000	28929.917081	-175901.468365	0.119244	-495.227034
448.000000	28929.976703	-176149.081882	0.118063	-495.227037
448.500000	28930.035734	-176396.695401	0.116893	-495.227041
449.000000	28930.094181	-176644.308922	0.115736	-495.227044
449.500000	28930.152049	-176891.922444	0.114589	-495.227048
450.000000	28930.209344	-177139.535968	0.113454	-495.227051
450.500000	28930.266071	-177387.149493	0.112331	-495.227054
451.000000	28930.322236	-177634.763020	0.111218	-495.227057
451.500000	28930.377845	-177882.376549	0.110117	-495.227061
452.000000	28930.432903	-178129.990079	0.109026	-495.227064
452.500000	28930.487416	-178377.603611	0.107946	-495.227067
453.000000	28930.541389	-178625.217144	0.106877	-495.227069
453.500000	28930.594828	-178872.830679	0.105818	-495.227072
454.000000	28930.647737	-179120.444215	0.104770	-495.227075
454.500000	28930.700122	-179368.057753	0.103733	-495.227078
455.000000	28930.751988	-179615.671292	0.102705	-495.227081
455.500000	28930.803341	-179863.284832	0.101688	-495.227083
456.000000	28930.854185	-180110.898374	0.100681	-495.227086
456.500000	28930.904525	-180358.511917	0.099683	-495.227089
457.000000	28930.954367	-180606.125461	0.098696	-495.227091
457.500000	28931.003715	-180853.739006	0.097719	-495.227094
458.000000	28931.052574	-181101.352553	0.096751	-495.227096
458.500000	28931.100950	-181348.966101	0.095792	-495.227098
459.000000	28931.148846	-181596.579650	0.094844	-495.227101
459.500000	28931.196268	-181844.193201	0.093904	-495.227103
460.000000	28931.243220	-182091.806752	0.092974	-495.227105
460.500000	28931.289707	-182339.420305	0.092053	-495.227107
461.000000	28931.335734	-182587.033858	0.091142	-495.227110
461.500000	28931.381305	-182834.647413	0.090239	-495.227112
462.000000	28931.426424	-183082.260969	0.089345	-495.227114
462.500000	28931.471097	-183329.874526	0.088460	-495.227116
463.000000	28931.515327	-183577.488084	0.087584	-495.227118
463.500000	28931.559119	-183825.101642	0.086717	-495.227120
464.000000	28931.602477	-184072.715202	0.085858	-495.227122
464.500000	28931.645406	-184320.328763	0.085007	-495.227124
465.000000	28931.687910	-184567.942325	0.084165	-495.227125
465.500000	28931.729992	-184815.555888	0.083332	-495.227127
466.000000	28931.771658	-185063.169451	0.082506	-495.227129
466.500000	28931.812911	-185310.783016	0.081689	-495.227131
467.000000	28931.853756	-185558.396581	0.080880	-495.227132
467.500000	28931.894196	-185806.010147	0.080079	-495.227134
468.000000	28931.934235	-186053.623714	0.079286	-495.227136
468.500000	28931.973878	-186301.237282	0.078501	-495.227137
469.000000	28932.013129	-186548.850851	0.077723	-495.227139
469.500000	28932.051990	-186796.464420	0.076953	-495.227141
470.000000	28932.090467	-187044.077991	0.076191	-495.227142
470.500000	28932.128562	-187291.691562	0.075436	-495.227144
471.000000	28932.166281	-187539.305133	0.074689	-495.227145
471.500000	28932.203625	-187786.918706	0.073950	-495.227146
472.000000	28932.240600	-188034.532279	0.073217	-495.227148
472.500000	28932.277208	-188282.145853	0.072492	-495.227149
473.000000	28932.313454	-188529.759428	0.071774	-495.227151
473.500000	28932.349341	-188777.373003	0.071063	-495.227152
474.000000	28932.384873	-189024.986579	0.070359	-495.227153
474.500000	28932.420052	-189272.600156	0.069662	-495.227155
475.000000	28932.454884	-189520.213733	0.068972	-495.227156
475.500000	28932.489370	-189767.827311	0.068289	-495.227157
476.000000	28932.523514	-190015.440889	0.067613	-495.227158
476.500000	28932.557321	-190263.054468	0.066943	-495.227159
477.000000	28932.590792	-190510.668048	0.066280	-495.227161
477.500000	28932.623932	-190758.281628	0.065624	-495.227162
478.000000	28932.656744	-191005.895209	0.064974	-495.227163
478.500000	28932.689231	-191253.508791	0.064330	-495.227164
479.000000	28932.721396	-191501.122373	0.063693	-495.227165
479.500000	28932.753242	-191748.735955	0.063062	-495.227166
480.000000	28932.784773	-191996.349538	0.062437	-495.227167
480.500000	28932.815992	-192243.963122	0.061819	-495.227168
481.000000	28932.846902	-192491.576706	0.061207	-495.227169
481.500000	28932.877505	-192739.190290	0.060601	-495.227170
482.000000	28932.907805	-192986.803876	0.060000	-495.227171
482.500000	28932.937806	-193234.417461	0.059406	-495.227172
483.000000	28932.967509	-193482.031047	0.058818	-495.227173
483.500000	28932.996917	-193729.644634	0.058235	-495.227174
484.000000	28933.026035	-193977.258221	0.057658	-495.227175
484.500000	28933.054864	-194224.871808	0.057087	-495.227176
485.000000	28933.083408	-194472.485396	0.056522	-495.227177
485.500000	28933.111669	-194720.098984	0.055962	-495.227177
486.000000	28933.139650	-194967.712573	0.055408	-495.227178
486.500000	28933.167354	-195215.326162	0.054859	-495.227179
487.000000	28933.194783	-195462.939751	0.054316	-495.227180
487.500000	28933.221941	-195710.553341	0.053778	-495.227181
488.000000	28933.248830	-195958.166931	0.053245	-495.227181
488.500000	28933.275452	-196205.780522	0.052718	-495.227182
489.000000	28933.301811	-196453.394113	0.052195	-495.227183
489.500000	28933.327909	-196701.007705	0.051678	-495.227184
490.000000	28933.353748	-196948.621296	0.051167	-495.227184
490.500000	28933.379331	-197196.234888	0.050660	-495.227185
491.000000	28933.404661	-197443.848481	0.050158	-495.227186
491.500000	28933.429740	-197691.462074	0.049661	-495.227186
492.000000	28933.454571	-197939.075667	0.049169	-495.227187
492.500000	28933.479155	-198186.689260	0.048682	-495.227188
493.000000	28933.503497	-198434.302854	0.048200	-495.227188
493.500000	28933.527597	-198681.916448	0.047723	-495.227189
494.000000	28933.551458	-198929.530043	0.047250	-495.227189
494.500000	28933.575083	-199177.143637	0.046782	-495.227190
495.000000	28933.598474	-199424.757232	0.046319	-495.227191
495.500000	28933.621634	-199672.370828	0.045860	-495.227191
496.000000	28933.644564	-199919.984423	0.045406	-495.227192
496.500000	28933.667267	-200167.598019	0.044956	-495.227192
497.000000	28933.689745	-200415.211615	0.044511	-495.227193
497.500000	28933.712000	-200662.825212	0.044070	-495.227193
498.000000	28933.734035	-200910.438808	0.043633	-495.227194
498.500000	28933.755852	-201158.052405	0.043201	-495.227194
499.000000	28933.777453	-201405.666002	0.042773	-495.227195
499.500000	28933.798839	-201653.279600	0.042350	-495.227195
500.000000	28933.820014	-201900.893198	0.041930	-495.227196
500.500000	28933.840979	-202148.506795	0.041515	-495.227196
501.000000	28933.861737	-202396.120394	0.041104	-495.227197
501.500000	28933.882289	-202643.733992	0.040697	-495.227197
502.000000	28933.902637	-202891.347591	0.040294	-495.227198
502.500000	28933.922784	-203138.961189	0.039895	-495.227198
503.000000	28933.942731	-203386.574789	0.039499	-495.227199
503.500000	28933.962481	-203634.188388	0.039108	-495.227199
504.000000	28933.982035	-203881.801987	0.038721	-495.227199
504.500000	28934.001395	-204129.415587	0.038337	-495.227200
505.000000	28934.020564	-204377.029187	0.037958	-495.227200
505.500000	28934.039543	-204624.642787	0.037582	-495.227201
506.000000	28934.058334	-204872.256387	0.037209	-495.227201
506.500000	28934.076938	-205119.869988	0.036841	-495.227201
507.000000	28934.095359	-205367.483588	0.036476	-495.227202
507.500000	28934.113597	-205615.097189	0.036115	-495.227202
508.000000	28934.131654	-205862.710790	0.035757	-495.227202
508.500000	28934.149533	-206110.324392	0.035403	-495.227203
509.000000	28934.167234	-206357.937993	0.035052	-495.227203
509.500000	28934.184760	-206605.551595	0.034705	-495.227203
510.000000	28934.202113	-206853.165196	0.034361	-495.227204
510.500000	28934.219293	-207100.778798	0.034021	-495.227204
511.000000	28934.236304	-207348.392400	0.033684	-495.227204
511.500000	28934.253146	-207596.006002	0.033350	-495.227205
512.000000	28934.269821	-207843.619605	0.033020	-495.227205
512.500000	28934.286331	-208091.233207	0.032693	-495.227205
513.000000	28934.302677	-208338.846810	0.032369	-495.227206
513.500000	28934.318862	-208586.460413	0.032049	-495.227206
514.000000	28934.334886	-208834.074016	0.031731	-495.227206
514.500000	28934.350752	-209081.687619	0.031417	-495.227206
515.000000	28934.366460	-209329.301222	0.031106	-495.227207
515.500000	28934.382013	-209576.914825	0.030798	-495.227207
516.000000	28934.397412	-209824.528429	0.030493	-495.227207
516.500000	28934.412658	-210072.142032	0.030191	-495.227207
517.000000	28934.427754	-210319.755636	0.029892	-495.227208
517.500000	28934.442699	-210567.369240	0.029595	-495.227208
518.000000	28934.457497	-210814.982844	0.029302	-495.227208
518.500000	28934.472148	-211062.596448	0.029012	-495.227208
519.000000	28934.486654	-211310.210052	0.028725	-495.227209
519.500000	28934.501017	-211557.823657	0.028440	-495.227209
520.000000	28934.515237	-211805.437261	0.028159	-495.227209
520.500000	28934.529316	-212053.050866	0.027880	-495.227209
521.000000	28934.543256	-212300.664470	0.027604	-495.227210
521.500000	28934.557058	-212548.278075	0.027330	-495.227210
522.000000	28934.570723	-212795.891680	0.027059	-495.227210
522.500000	28934.584253	-213043.505285	0.026791	-495.227210
523.000000	28934.597648	-213291.118890	0.026526	-495.227210
523.500000	28934.610911	-213538.732495	0.026263	-495.227211
524.000000	28934.624043	-213786.346101	0.026003	-495.227211
524.500000	28934.637045	-214033.959706	0.025746	-495.227211
525.000000	28934.649918	-214281.573312	0.025491	-495.227211
525.500000	28934.662663	-214529.186917	0.025238	-495.227211
526.000000	28934.675282	-214776.800523	0.024988	-495.227212
526.500000	28934.687776	-215024.414129	0.024741	-495.227212
527.000000	28934.700146	-215272.027734	0.024496	-495.227212
527.500000	28934.712394	-215519.641340	0.024253	-495.227212
528.000000	28934.724521	-215767.254946	0.024013	-495.227212
528.500000	28934.736527	-216014.868553	0.023775	-495.227212
529.000000	28934.748415	-216262.482159	0.023540	-495.227213
529.500000	28934.760185	-216510.095765	0.023306	-495.227213
530.000000	28934.771838	-216757.709371	0.023076	-495.227213
530.500000	28934.783376	-217005.322978	0.022847	-495.227213
531.000000	28934.794799	-217252.936584	0.022621	-495.227213
531.500000	28934.806109	-217500.550191	0.022397	-495.227213
532.000000	28934.817308	-217748.163797	0.022175	-495.227213
532.500000	28934.828395	-217995.777404	0.021955	-495.227214
533.000000	28934.839373	-218243.391011	0.021738	-495.227214
533.500000	28934.850242	-218491.004618	0.021522	-495.227214
534.000000	28934.861003	-218738.618225	0.021309	-495.227214
534.500000	28934.871657	-218986.231831	0.021098	-495.227214
535.000000	28934.882207	-219233.845439	0.020889	-495.227214
535.500000	28934.892651	-219481.459046	0.020682	-495.227214
536.000000	28934.902992	-219729.072653	0.020478	-495.227214
536.500000	28934.913231	-219976.686260	0.020275	-495.227215
537.000000	28934.923368	-220224.299867	0.020074	-495.227215
537.500000	28934.933405	-220471.913475	0.019875	-495.227215
538.000000	28934.943343	-220719.527082	0.019678	-495.227215
538.500000	28934.953182	-220967.140689	0.019483	-495.227215
539.000000	28934.962924	-221214.754297	0.019290	-495.227215
539.500000	28934.972569	-221462.367904	0.019099	-495.227215
540.000000	28934.982118	-221709.981512	0.018910	-495.227215
540.500000	28934.991574	-221957.595120	0.018723	-495.227215
541.000000	28935.000935	-222205.208727	0.018537	-495.227215
541.500000	28935.010204	-222452.822335	0.018354	-495.227216
542.000000	28935.019380	-222700.435943	0.018172	-495.227216
542.500000	28935.028466	-222948.049551	0.017992	-495.227216
543.000000	28935.037462	-223195.663159	0.017814	-495.227216
543.500000	28935.046369	-223443.276767	0.017637	-495.227216
544.000000	28935.055188	-223690.890375	0.017463	-495.227216
544.500000	28935.063919	-223938.503983	0.017290	-495.227216
545.000000	28935.072564	-224186.117591	0.017118	-495.227216
545.500000	28935.081123	-224433.731199	0.016949	-495.227216
546.000000	28935.089598	-224681.344807	0.016781	-495.227216
546.500000	28935.097988	-224928.958415	0.016615	-495.227216
547.000000	28935.106296	-225176.572023	0.016450	-495.227217
547.500000	28935.114521	-225424.185632	0.016287	-495.227217
548.000000	28935.122664	-225671.799240	0.016126	-495.227217
548.500000	28935.130727	-225919.412848	0.015966	-495.227217
549.000000	28935.138711	-226167.026457	0.015808	-495.227217
549.500000	28935.146615	-226414.640065	0.015652	-495.227217
550.000000	28935.154440	-226662.253674	0.015497	-495.227217
550.500000	28935.162189	-226909.867282	0.015343	-495.227217
551.000000	28935.169860	-227157.480891	0.015191	-495.227217
551.500000	28935.177456	-227405.094499	0.015041	-495.227217
552.000000	28935.184976	-227652.708108	0.014892	-495.227217
552.500000	28935.192422	-227900.321716	0.014744	-495.227217
553.000000	28935.199794	-228147.935325	0.014598	-495.227217
553.500000	28935.207093	-228395.548934	0.014454	-495.227217
554.000000	28935.214320	-228643.162542	0.014310	-495.227218
554.500000	28935.221475	-228890.776151	0.014169	-495.227218
555.000000	28935.228559	-229138.389760	0.014028	-495.227218
555.500000	28935.235574	-229386.003369	0.013889	-495.227218
556.000000	28935.242518	-229633.616978	0.013752	-495.227218
556.500000	28935.249394	-229881.230586	0.013616	-495.227218
557.000000	28935.256202	-230128.844195	0.013481	-495.227218
557.500000	28935.262942	-230376.457804	0.013347	-495.227218
558.000000	28935.269616	-230624.071413	0.013215	-495.227218
558.500000	28935.276223	-230871.685022	0.013084	-495.227218
559.000000	28935.282766	-231119.298631	0.012955	-495.227218
559.500000	28935.289243	-231366.912240	0.012826	-495.227218
560.000000	28935.295656	-231614.525849	0.012699	-495.227218
560.500000	28935.302005	-231862.139458	0.012573	-495.227218
561.000000	28935.308292	-232109.753067	0.012449	-495.227218
561.500000	28935.314517	-232357.366677	0.012326	-495.227218
562.000000	28935.320679	-232604.980286	0.012204	-495.227218
562.500000	28935.326781	-232852.593895	0.012083	-495.227218
563.000000	28935.332822	-233100.207504	0.011963	-495.227218
563.500000	28935.338804	-233347.821113	0.011844	-495.227218
564.000000	28935.344726	-233595.434722	0.011727	-495.227218
564.500000	28935.350590	-233843.048332	0.011611	-495.227219
565.000000	28935.356395	-234090.661941	0.011496	-495.227219
565.500000	28935.362143	-234338.275550	0.011382	-495.227219
566.000000	28935.367834	-234585.889160	0.011269	-495.227219
566.500000	28935.373469	-234833.502769	0.011158	-495.227219
567.000000	28935.379048	-235081.116378	0.011047	-495.227219
567.500000	28935.384572	-235328.729988	0.010938	-495.227219
568.000000	28935.390041	-235576.343597	0.010830	-495.227219
568.500000	28935.395455	-235823.957206	0.010722	-495.227219
569.000000	28935.400816	-236071.570816	0.010616	-495.227219
569.500000	28935.406124	-236319.184425	0.010511	-495.227219
570.000000	28935.411380	-236566.798035	0.010407	-495.227219
570.500000	28935.416583	-236814.411644	0.010304	-495.227219
571.000000	28935.421735	-237062.025254	0.010202	-495.227219
571.500000	28935.426836	-237309.638863	0.010101	-495.227219
572.000000	28935.431886	-237557.252473	0.010001	-495.227219
572.500000	28935.436887	-237804.866082	0.009902	-495.227219
573.000000	28935.441837	-238052.479692	0.009803	-495.227219
573.500000	28935.446739	-238300.093301	0.009706	-495.227219
574.000000	28935.451592	-238547.706911	0.009610	-495.227219
574.500000	28935.456397	-238795.320520	0.009515	-495.227219
575.000000	28935.461155	-239042.934130	0.009421	-495.227219
575.500000	28935.465865	-239290.547740	0.009327	-495.227219
576.000000	28935.470529	-239538.161349	0.009235	-495.227219
576.500000	28935.475147	-239785.774959	0.009144	-495.227219
577.000000	28935.479718	-240033.388568	0.009053	-495.227219
577.500000	28935.484245	-240281.002178	0.008963	-495.227219
578.000000	28935.488727	-240528.615788	0.008875	-495.227219
578.500000	28935.493164	-240776.229397	0.008787	-495.227219
579.000000	28935.497557	-241023.843007	0.008700	-495.227219
579.500000	28935.501907	-241271.456617	0.008614	-495.227219
580.000000	28935.506214	-241519.070227	0.008528	-495.227219
580.500000	28935.510478	-241766.683836	0.008444	-495.227219
581.000000	28935.514700	-242014.297446	0.008360	-495.227219
581.500000	28935.518880	-242261.911056	0.008277	-495.227220
582.000000	28935.523019	-242509.524666	0.008195	-495.227220
582.500000	28935.527116	-242757.138275	0.008114	-495.227220
583.000000	28935.531174	-243004.751885	0.008034	-495.227220
583.500000	28935.535190	-243252.365495	0.007954	-495.227220
584.000000	28935.539168	-243499.979105	0.007875	-495.227220
584.500000	28935.543105	-243747.592714	0.007797	-495.227220
585.000000	28935.547004	-243995.206324	0.007720	-495.227220
585.500000	28935.550864	-244242.819934	0.007644	-495.227220
586.000000	28935.554686	-244490.433544	0.007568	-495.227220
586.500000	28935.558470	-244738.047154	0.007493	-495.227220
587.000000	28935.562217	-244985.660764	0.007419	-495.227220
587.500000	28935.565926	-245233.274373	0.007345	-495.227220
588.000000	28935.569599	-245480.887983	0.007273	-495.227220
588.500000	28935.573235	-245728.501593	0.007201	-495.227220
589.000000	28935.576835	-245976.115203	0.007129	-495.227220
589.500000	28935.580400	-246223.728813	0.007059	-495.227220
590.000000	28935.583929	-246471.342423	0.006989	-495.227220
590.500000	28935.587424	-246718.956033	0.006920	-495.227220
591.000000	28935.590883	-246966.569643	0.006851	-495.227220
591.500000	28935.594309	-247214.183253	0.006783	-495.227220
592.000000	28935.597701	-247461.796863	0.006716	-495.227220
592.500000	28935.601059	-247709.410473	0.006649	-495.227220
593.000000	28935.604383	-247957.024082	0.006584	-495.227220
593.500000	28935.607675	-248204.637692	0.006518	-495.227220
594.000000	28935.610934	-248452.251302	0.006454	-495.227220
594.500000	28935.614161	-248699.864912	0.006390	-495.227220
595.000000	28935.617356	-248947.478522	0.006327	-495.227220
595.500000	28935.620519	-249195.092132	0.006264	-495.227220
596.000000	28935.623651	-249442.705742	0.006202	-495.227220
596.500000	28935.626752	-249690.319352	0.006140	-495.227220
597.000000	28935.629823	-249937.932962	0.006080	-495.227220
597.500000	28935.632862	-250185.546572	0.006019	-495.227220
598.000000	28935.635872	-250433.160182	0.005960	-495.227220
598.500000	28935.638852	-250680.773792	0.005901	-495.227220
599.000000	28935.641802	-250928.387402	0.005842	-495.227220
599.500000	28935.644724	-251176.001012	0.005784	-495.227220
600.000000	28935.647616	-251423.614622	0.005727	-495.227220
600.500000	28935.650479	-251671.228232	0.005670	-495.227220
601.000000	28935.653315	-251918.841842	0.005614	-495.227220
601.500000	28935.656122	-252166.455452	0.005559	-495.227220
602.000000	28935.658901	-252414.069062	0.005504	-495.227220
602.500000	28935.661653	-252661.682672	0.005449	-495.227220
603.000000	28935.664378	-252909.296283	0.005395	-495.227220
603.500000	28935.667075	-253156.909893	0.005342	-495.227220
604.000000	28935.669746	-253404.523503	0.005289	-495.227220
604.500000	28935.672390	-253652.137113	0.005236	-495.227220
605.000000	28935.675009	-253899.750723	0.005185	-495.227220
605.500000	28935.677601	-254147.364333	0.005133	-495.227220
606.000000	28935.680167	-254394.977943	0.005082	-495.227220
606.500000	28935.682709	-254642.591553	0.005032	-495.227220
607.000000	28935.685225	-254890.205163	0.004982	-495.227220
607.500000	28935.687716	-255137.818773	0.004933	-495.227220
608.000000	28935.690182	-255385.432383	0.004884	-495.227220
608.500000	28935.692624	-255633.045993	0.004836	-495.227220
609.000000	28935.695042	-255880.659604	0.004788	-495.227220
609.500000	28935.697436	-256128.273214	0.004740	-495.227220
610.000000	28935.699806	-256375.886824	0.004693	-495.227220
610.500000	28935.702153	-256623.500434	0.004647	-495.227220
611.000000	28935.704476	-256871.114044	0.004601	-495.227220
611.500000	28935.706777	-257118.727654	0.004555	-495.227220
612.000000	28935.709054	-257366.341264	0.004510	-495.227220
612.500000	28935.711309	-257613.954874	0.004465	-495.227220
613.000000	28935.713542	-257861.568484	0.004421	-495.227220
613.500000	28935.715753	-258109.182095	0.004377	-495.227220
614.000000	28935.717941	-258356.795705	0.004334	-495.227220
614.500000	28935.720108	-258604.409315	0.004291	-495.227220
615.000000	28935.722254	-258852.022925	0.004249	-495.227220
615.500000	28935.724378	-259099.636535	0.004207	-495.227220
616.000000	28935.726482	-259347.250145	0.004165	-495.227220
616.500000	28935.728564	-259594.863755	0.004124	-495.227220
617.000000	28935.730626	-259842.477366	0.004083	-495.227220
617.500000	28935.732667	-260090.090976	0.004042	-495.227220
618.000000	28935.734689	-260337.704586	0.004002	-495.227220
618.500000	28935.736690	-260585.318196	0.003963	-495.227220
619.000000	28935.738671	-260832.931806	0.003923	-495.227220
619.500000	28935.740633	-261080.545416	0.003885	-495.227220
620.000000	28935.742575	-261328.159027	0.003846	-495.227220
620.500000	28935.744498	-261575.772637	0.003808	-495.227220
621.000000	28935.746402	-261823.386247	0.003770	-495.227220
621.500000	28935.748287	-262070.999857	0.003733	-495.227220
622.000000	28935.750154	-262318.613467	0.003696	-495.227220
622.500000	28935.752002	-262566.227077	0.003659	-495.227220
623.000000	28935.753832	-262813.840688	0.003623	-495.227220
623.500000	28935.755643	-263061.454298	0.003587	-495.227220
624.000000	28935.757437	-263309.067908	0.003552	-495.227220
624.500000	28935.759213	-263556.681518	0.003517	-495.227220
625.000000	28935.760971	-263804.295128	0.003482	-495.227220
625.500000	28935.762712	-264051.908739	0.003447	-495.227220
626.000000	28935.764435	-264299.522349	0.003413	-495.227220
626.500000	28935.766142	-264547.135959	0.003379	-495.227220
627.000000	28935.767832	-264794.749569	0.003346	-495.227220
627.500000	28935.769504	-265042.363179	0.003313	-495.227220
628.000000	28935.771161	-265289.976789	0.003280	-495.227220
628.500000	28935.772801	-265537.590400	0.003247	-495.227220
629.000000	28935.774424	-265785.204010	0.003215	-495.227220
629.500000	28935.776032	-266032.817620	0.003183	-495.227220
630.000000	28935.777624	-266280.431230	0.003152	-495.227220
630.500000	28935.779200	-266528.044841	0.003121	-495.227220
631.000000	28935.780760	-266775.658451	0.003090	-495.227220
631.500000	28935.782305	-267023.272061	0.003059	-495.227220
632.000000	28935.783834	-267270.885671	0.003029	-495.227220
632.500000	28935.785349	-267518.499281	0.002999	-495.227220
633.000000	28935.786848	-267766.112892	0.002969	-495.227220
633.500000	28935.788333	-268013.726502	0.002940	-495.227220
634.000000	28935.789803	-268261.340112	0.002911	-495.227220
634.500000	28935.791258	-268508.953722	0.002882	-495.227220
635.000000	28935.792699	-268756.567332	0.002853	-495.227220
635.500000	28935.794125	-269004.180943	0.002825	-495.227220
636.000000	28935.795538	-269251.794553	0.002797	-495.227220
636.500000	28935.796936	-269499.408163	0.002769	-495.227220
637.000000	28935.798321	-269747.021773	0.002742	-495.227220
637.500000	28935.799692	-269994.635384	0.002715	-495.227220
638.000000	28935.801049	-270242.248994	0.002688	-495.227220
638.500000	28935.802393	-270489.862604	0.002661	-495.227220
639.000000	28935.803724	-270737.476214	0.002635	-495.227220
639.500000	28935.805041	-270985.089824	0.002609	-495.227220
640.000000	28935.806346	-271232.703435	0.002583	-495.227220
640.500000	28935.807637	-271480.317045	0.002557	-495.227220
641.000000	28935.808916	-271727.930655	0.002532	-495.227220
641.500000	28935.810182	-271975.544265	0.002507	-495.227220
642.000000	28935.811435	-272223.157876	0.002482	-495.227220
642.500000	28935.812676	-272470.771486	0.002457	-495.227220
643.000000	28935.813905	-272718.385096	0.002433	-495.227220
643.500000	28935.815122	-272965.998706	0.002409	-495.227220
644.000000	28935.816326	-273213.612317	0.002385	-495.227220
644.500000	28935.817519	-273461.225927	0.002362	-495.227220
645.000000	28935.818699	-273708.839537	0.002338	-495.227220
645.500000	28935.819869	-273956.453147	0.002315	-495.227220
646.000000	28935.821026	-274204.066758	0.002292	-495.227220
646.500000	28935.822172	-274451.680368	0.002269	-495.227220
647.000000	28935.823307	-274699.293978	0.002247	-495.227220
647.500000	28935.824430	-274946.907588	0.002225	-495.227220
648.000000	28935.825543	-275194.521199	0.002203	-495.227220
648.500000	28935.826644	-275442.134809	0.002181	-495.227220
649.000000	28935.827734	-275689.748419	0.002159	-495.227220
649.500000	28935.828814	-275937.362029	0.002138	-495.227221
