0.000000	0.000000	0.000000	657.784835	239.414100
0.500000	328.892417	119.707050	648.575847	231.157303
1.000000	653.180341	235.285702	639.702267	223.089692
1.500000	973.031474	346.830548	631.144519	215.200264
2.000000	1288.603734	454.430680	622.884512	207.478864
2.500000	1600.045989	558.170112	614.905494	199.916104
3.000000	1907.498736	658.128164	607.191931	192.503295
3.500000	2211.094702	754.379811	599.729399	185.232384
4.000000	2510.959401	846.996003	592.504479	178.095896
4.500000	2807.211641	936.043951	585.504672	171.086883
5.000000	3099.963977	1021.587392	578.718324	164.198884
5.500000	3389.323139	1103.686835	572.134546	157.425879
6.000000	3675.390412	1182.399774	565.743159	150.762254
6.500000	3958.261992	1257.780901	559.534631	144.202773
7.000000	4238.029307	1329.882288	553.500026	137.742540
7.500000	4514.779320	1398.753557	547.630958	131.376979
8.000000	4788.594799	1464.442047	541.919548	125.101809
8.500000	5059.554573	1526.992951	536.358386	118.913018
9.000000	5327.733766	1586.449460	530.940493	112.806847
9.500000	5593.204012	1642.852883	525.659291	106.779771
10.000000	5856.033658	1696.242769	520.508576	100.828480
10.500000	6116.287946	1746.657009	515.482486	94.949869
11.000000	6374.029189	1794.131943	510.575481	89.141018
11.500000	6629.316930	1838.702452	505.782319	83.399183
12.000000	6882.208089	1880.402044	501.098036	77.721785
12.500000	7132.757107	1919.262936	496.517925	72.106396
13.000000	7381.016070	1955.316134	492.037523	66.550733
13.500000	7627.034832	1988.591501	487.652591	61.052648
14.000000	7870.861127	2019.117825	483.359102	55.610116
14.500000	8112.540678	2046.922883	479.153225	50.221233
15.000000	8352.117291	2072.033499	475.031315	44.884205
15.500000	8589.632948	2094.475601	470.989901	39.597345
16.000000	8825.127899	2114.274274	467.025673	34.359062
16.500000	9058.640735	2131.453804	463.135476	29.167860
17.000000	9290.208473	2146.037734	459.316296	24.022331
17.500000	9519.866621	2158.048900	455.565258	18.921151
18.000000	9747.649250	2167.509476	451.879612	13.863074
18.500000	9973.589056	2174.441013	448.256727	8.846929
19.000000	10197.717420	2178.864477	444.694088	3.871616
19.500000	10420.064464	2180.800285	441.189285	-1.063898
20.000000	10640.659107	2180.268336	437.740010	-5.960580
20.500000	10859.529112	2177.288046	434.344051	-10.819339
21.000000	11076.701137	2171.878377	430.999285	-15.641022
21.500000	11292.200780	2164.057866	427.703675	-20.426424
22.000000	11506.052617	2153.844654	424.455267	-25.176285
22.500000	11718.280250	2141.256511	421.252182	-29.891296
23.000000	11928.906341	2126.310863	418.092615	-34.572099
23.500000	12137.952649	2109.024814	414.974832	-39.219289
24.000000	12345.440065	2089.415169	411.897163	-43.833419
24.500000	12551.388646	2067.498459	408.858003	-48.414996
25.000000	12755.817648	2043.290961	405.855805	-52.964491
25.500000	12958.745550	2016.808716	402.889082	-57.482331
26.000000	13160.190091	1988.067551	399.956399	-61.968909
26.500000	13360.168291	1957.083096	397.056375	-66.424582
27.000000	13558.696478	1923.870805	394.187679	-70.849671
27.500000	13755.790318	1888.445969	391.349028	-75.244463
28.000000	13951.464832	1850.823738	388.539183	-79.609216
28.500000	14145.734423	1811.019130	385.756951	-83.944154
29.000000	14338.612899	1769.047053	383.001182	-88.249474
29.500000	14530.113489	1724.922316	380.270764	-92.525343
30.000000	14720.248871	1678.659644	377.564625	-96.771901
30.500000	14909.031184	1630.273694	374.881733	-100.989261
31.000000	15096.472050	1579.779064	372.221089	-105.177510
31.500000	15282.582595	1527.190309	369.581730	-109.336714
32.000000	15467.373460	1472.521952	366.962728	-113.466911
32.500000	15650.854824	1415.788496	364.363186	-117.568118
33.000000	15833.036416	1357.004437	361.782239	-121.640331
33.500000	16013.927536	1296.184272	359.219053	-125.683523
34.000000	16193.537062	1233.342510	356.672824	-129.697648
34.500000	16371.873474	1168.493686	354.142776	-133.682642
35.000000	16548.944862	1101.652365	351.628160	-137.638419
35.500000	16724.758942	1032.833156	349.128257	-141.564877
36.000000	16899.323071	962.050717	346.642371	-145.461898
36.500000	17072.644256	889.319768	344.169833	-149.329344
37.000000	17244.729173	814.655096	341.710001	-153.167066
37.500000	17415.584173	738.071563	339.262254	-156.974895
38.000000	17585.215300	659.584115	336.825998	-160.752652
38.500000	17753.628299	579.207789	334.400660	-164.500142
39.000000	17920.828629	496.957719	331.985690	-168.217157
39.500000	18086.821474	412.849140	329.580561	-171.903478
40.000000	18251.611755	326.897401	327.184768	-175.558874
40.500000	18415.204139	239.117964	324.797827	-179.183103
41.000000	18577.603052	149.526412	322.419273	-182.775913
41.500000	18738.812689	58.138456	320.048664	-186.337041
42.000000	18898.837021	-35.030064	317.685578	-189.866217
42.500000	19057.679810	-129.963173	315.329611	-193.363163
43.000000	19215.344615	-226.644754	312.980379	-196.827591
43.500000	19371.834805	-325.058550	310.637518	-200.259209
44.000000	19527.153564	-425.188155	308.300682	-203.657717
44.500000	19681.303905	-527.017013	305.969543	-207.022810
45.000000	19834.288677	-630.528418	303.643790	-210.354177
45.500000	19986.110572	-735.705506	301.323133	-213.651503
46.000000	20136.772138	-842.531258	299.007296	-216.914472
46.500000	20286.275786	-950.988494	296.696023	-220.142762
47.000000	20434.623798	-1061.059875	294.389073	-223.336049
47.500000	20581.818334	-1172.727900	292.086221	-226.494008
48.000000	20727.861445	-1285.974904	289.787261	-229.616313
48.500000	20872.755075	-1400.783060	287.492001	-232.702637
49.000000	21016.501076	-1517.134379	285.200265	-235.752653
49.500000	21159.101209	-1635.010705	282.911894	-238.766037
50.000000	21300.557156	-1754.393724	280.626743	-241.742463
50.500000	21440.870527	-1875.264955	278.344681	-244.681609
51.000000	21580.042868	-1997.605760	276.065595	-247.583156
51.500000	21718.075665	-2121.397338	273.789384	-250.446788
52.000000	21854.970358	-2246.620731	271.515962	-253.272192
52.500000	21990.728338	-2373.256827	269.245256	-256.059060
53.000000	22125.350967	-2501.286357	266.977210	-258.807090
53.500000	22258.839571	-2630.689902	264.711777	-261.515985
54.000000	22391.195460	-2761.447895	262.448927	-264.185454
54.500000	22522.419924	-2893.540622	260.188642	-266.815213
55.000000	22652.514245	-3026.948229	257.930915	-269.404986
55.500000	22781.479702	-3161.650722	255.675754	-271.954504
56.000000	22909.317579	-3297.627973	253.423177	-274.463506
56.500000	23036.029168	-3434.859726	251.173215	-276.931743
57.000000	23161.615775	-3573.325598	248.925912	-279.358972
57.500000	23286.078731	-3713.005084	246.681320	-281.744962
58.000000	23409.419391	-3853.877565	244.439505	-284.089492
58.500000	23531.639143	-3995.922310	242.200542	-286.392352
59.000000	23652.739415	-4139.118486	239.964518	-288.653344
59.500000	23772.721674	-4283.445159	237.731529	-290.872281
60.000000	23891.587438	-4428.881299	235.501681	-293.048989
60.500000	24009.338279	-4575.405794	233.275090	-295.183307
61.000000	24125.975824	-4722.997447	231.051880	-297.275086
61.500000	24241.501764	-4871.634991	228.832186	-299.324192
62.000000	24355.917857	-5021.297087	226.616150	-301.330504
62.500000	24469.225932	-5171.962339	224.403923	-303.293915
63.000000	24581.427894	-5323.609296	222.195663	-305.214333
63.500000	24692.525725	-5476.216462	219.991536	-307.091681
64.000000	24802.521493	-5629.762303	217.791715	-308.925896
64.500000	24911.417350	-5784.225251	215.596381	-310.716933
65.000000	25019.215541	-5939.583717	213.405721	-312.464759
65.500000	25125.918402	-6095.816097	211.219928	-314.169360
66.000000	25231.528366	-6252.900777	209.039199	-315.830736
66.500000	25336.047965	-6410.816145	206.863741	-317.448904
67.000000	25439.479835	-6569.540598	204.693760	-319.023897
67.500000	25541.826716	-6729.052546	202.529473	-320.555763
68.000000	25643.091452	-6889.330428	200.371097	-322.044570
68.500000	25743.277001	-7050.352713	198.218855	-323.490399
69.000000	25842.386429	-7212.097912	196.072973	-324.893350
69.500000	25940.422916	-7374.544587	193.933681	-326.253538
70.000000	26037.389756	-7537.671356	191.801210	-327.571094
70.500000	26133.290361	-7701.456903	189.675796	-328.846169
71.000000	26228.128259	-7865.879988	187.557677	-330.078926
71.500000	26321.907098	-8030.919450	185.447090	-331.269547
72.000000	26414.630643	-8196.554224	183.344277	-332.418231
72.500000	26506.302781	-8362.763339	181.249479	-333.525191
73.000000	26596.927520	-8529.525935	179.162939	-334.590656
73.500000	26686.508990	-8696.821263	177.084900	-335.614874
74.000000	26775.051440	-8864.628700	175.015605	-336.598104
74.500000	26862.559243	-9032.927752	172.955297	-337.540624
75.000000	26949.036892	-9201.698064	170.904218	-338.442726
75.500000	27034.489001	-9370.919427	168.862610	-339.304717
76.000000	27118.920306	-9540.571785	166.830713	-340.126917
76.500000	27202.335663	-9710.635244	164.808766	-340.909662
77.000000	27284.740046	-9881.090075	162.797005	-341.653302
77.500000	27366.138548	-10051.916725	160.795666	-342.358200
78.000000	27446.536381	-10223.095825	158.804982	-343.024732
78.500000	27525.938872	-10394.608191	156.825181	-343.653288
79.000000	27604.351463	-10566.434836	154.856491	-344.244270
79.500000	27681.779709	-10738.556970	152.899136	-344.798091
80.000000	27758.229277	-10910.956016	150.953336	-345.315177
80.500000	27833.705945	-11083.613604	149.019307	-345.795965
81.000000	27908.215598	-11256.511587	147.097261	-346.240902
81.500000	27981.764229	-11429.632038	145.187408	-346.650446
82.000000	28054.357933	-11602.957261	143.289952	-347.025065
82.500000	28126.002909	-11776.469793	141.405091	-347.365237
83.000000	28196.705454	-11950.152412	139.533020	-347.671447
83.500000	28266.471964	-12123.988135	137.673929	-347.944190
84.000000	28335.308929	-12297.960230	135.828003	-348.183969
84.500000	28403.222930	-12472.052215	133.995420	-348.391293
85.000000	28470.220640	-12646.247861	132.176355	-348.566680
85.500000	28536.308817	-12820.531201	130.370975	-348.710653
86.000000	28601.494305	-12994.886527	128.579444	-348.823742
86.500000	28665.784027	-13169.298398	126.801917	-348.906481
87.000000	28729.184985	-13343.751639	125.038545	-348.959411
87.500000	28791.704257	-13518.231344	123.289473	-348.983075
88.000000	28853.348994	-13692.722881	121.554839	-348.978023
88.500000	28914.126413	-13867.211893	119.834776	-348.944805
89.000000	28974.043802	-14041.684295	118.129410	-348.883978
89.500000	29033.108506	-14216.126284	116.438859	-348.796098
90.000000	29091.327936	-14390.524333	114.763238	-348.681724
90.500000	29148.709555	-14564.865195	113.102653	-348.541418
91.000000	29205.260881	-14739.135904	111.457204	-348.375742
91.500000	29260.989484	-14913.323775	109.826987	-348.185258
92.000000	29315.902977	-15087.416404	108.212087	-347.970529
92.500000	29370.009020	-15261.401669	106.612586	-347.732118
93.000000	29423.315313	-15435.267728	105.028558	-347.470588
93.500000	29475.829592	-15609.003022	103.460072	-347.186498
94.000000	29527.559628	-15782.596271	101.907190	-346.880408
94.500000	29578.513223	-15956.036475	100.369967	-346.552876
95.000000	29628.698207	-16129.312913	98.848452	-346.204457
95.500000	29678.122433	-16302.415142	97.342687	-345.835704
96.000000	29726.793776	-16475.332994	95.852710	-345.447166
96.500000	29774.720132	-16648.056577	94.378552	-345.039389
97.000000	29821.909407	-16820.576271	92.920235	-344.612917
97.500000	29868.369525	-16992.882730	91.477779	-344.168287
98.000000	29914.108415	-17164.966873	90.051197	-343.706033
98.500000	29959.134013	-17336.819889	88.640494	-343.226686
99.000000	30003.454260	-17508.433232	87.245673	-342.730769
99.500000	30047.077097	-17679.798617	85.866728	-342.218803
100.000000	30090.010461	-17850.908018	84.503649	-341.691301
100.500000	30132.262285	-18021.753669	83.156421	-341.148772
101.000000	30173.840496	-18192.328055	81.825023	-340.591718
101.500000	30214.753008	-18362.623914	80.509429	-340.020635
102.000000	30255.007722	-18532.634232	79.209607	-339.436014
102.500000	30294.612525	-18702.352239	77.925521	-338.838338
103.000000	30333.575286	-18871.771407	76.657131	-338.228083
103.500000	30371.903852	-19040.885449	75.404392	-337.605720
104.000000	30409.606047	-19209.688309	74.167251	-336.971711
104.500000	30446.689673	-19378.174164	72.945656	-336.326512
105.000000	30483.162501	-19546.337420	71.739548	-335.670573
105.500000	30519.032275	-19714.172707	70.548862	-335.004332
106.000000	30554.306706	-19881.674873	69.373531	-334.328226
106.500000	30588.993471	-20048.838986	68.213486	-333.642678
107.000000	30623.100214	-20215.660325	67.068650	-332.948109
107.500000	30656.634539	-20382.134379	65.938944	-332.244927
108.000000	30689.604011	-20548.256843	64.824288	-331.533537
108.500000	30722.016155	-20714.023611	63.724596	-330.814333
109.000000	30753.878453	-20879.430778	62.639777	-330.087701
109.500000	30785.198342	-21044.474628	61.569742	-329.354023
110.000000	30815.983213	-21209.151640	60.514394	-328.613667
110.500000	30846.240410	-21373.458473	59.473636	-327.866999
111.000000	30875.977228	-21537.391973	58.447367	-327.114372
111.500000	30905.200911	-21700.949159	57.435485	-326.356136
112.000000	30933.918654	-21864.127227	56.437883	-325.592628
112.500000	30962.137595	-22026.923541	55.454454	-324.824181
113.000000	30989.864822	-22189.335632	54.485087	-324.051119
113.500000	31017.107366	-22351.361191	53.529670	-323.273757
114.000000	31043.872200	-22512.998070	52.588088	-322.492403
114.500000	31070.166244	-22674.244271	51.660226	-321.707358
115.000000	31095.996357	-22835.097951	50.745964	-320.918915
115.500000	31121.369339	-22995.557408	49.845185	-320.127358
116.000000	31146.291932	-23155.621087	48.957765	-319.332965
116.500000	31170.770814	-23315.287570	48.083583	-318.536006
117.000000	31194.812605	-23474.555573	47.222514	-317.736744
117.500000	31218.423863	-23633.423945	46.374434	-316.935433
118.000000	31241.611079	-23791.891661	45.539215	-316.132322
118.500000	31264.380687	-23949.957822	44.716730	-315.327652
119.000000	31286.739052	-24107.621648	43.906852	-314.521655
119.500000	31308.692478	-24264.882476	43.109450	-313.714560
120.000000	31330.247203	-24421.739756	42.324395	-312.906586
120.500000	31351.409401	-24578.193049	41.551556	-312.097946
121.000000	31372.185179	-24734.242022	40.790803	-311.288847
121.500000	31392.580580	-24889.886446	40.042002	-310.479488
122.000000	31412.601581	-25045.126190	39.305022	-309.670062
122.500000	31432.254093	-25199.961221	38.579732	-308.860758
123.000000	31451.543958	-25354.391600	37.865997	-308.051755
123.500000	31470.476957	-25508.417477	37.163685	-307.243228
124.000000	31489.058799	-25662.039091	36.472663	-306.435346
124.500000	31507.295131	-25815.256764	35.792798	-305.628272
125.000000	31525.191530	-25968.070900	35.123958	-304.822162
125.500000	31542.753509	-26120.481981	34.466008	-304.017167
126.000000	31559.986513	-26272.490564	33.818817	-303.213435
126.500000	31576.895921	-26424.097282	33.182252	-302.411104
127.000000	31593.487047	-26575.302833	32.556180	-301.610309
127.500000	31609.765137	-26726.107988	31.940469	-300.811180
128.000000	31625.735372	-26876.513578	31.334989	-300.013843
128.500000	31641.402866	-27026.520499	30.739607	-299.218415
129.000000	31656.772669	-27176.129707	30.154193	-298.425013
129.500000	31671.849765	-27325.342213	29.578616	-297.633745
130.000000	31686.639074	-27474.159086	29.012748	-296.844718
130.500000	31701.145448	-27622.581445	28.456459	-296.058032
131.000000	31715.373677	-27770.610461	27.909621	-295.273783
131.500000	31729.328488	-27918.247352	27.372106	-294.492063
132.000000	31743.014541	-28065.493384	26.843786	-293.712961
132.500000	31756.436434	-28212.349864	26.324537	-292.936559
133.000000	31769.598702	-28358.818144	25.814231	-292.162939
133.500000	31782.505818	-28504.899613	25.312746	-291.392174
134.000000	31795.162191	-28650.595700	24.819956	-290.624339
134.500000	31807.572169	-28795.907869	24.335740	-289.859500
135.000000	31819.740039	-28940.837619	23.859974	-289.097723
135.500000	31831.670025	-29085.386481	23.392538	-288.339069
136.000000	31843.366294	-29229.556015	22.933312	-287.583597
136.500000	31854.832950	-29373.347814	22.482176	-286.831361
137.000000	31866.074039	-29516.763494	22.039013	-286.082412
137.500000	31877.093545	-29659.804700	21.603705	-285.336799
138.000000	31887.895398	-29802.473099	21.176137	-284.594567
138.500000	31898.483466	-29944.770383	20.756192	-283.855760
139.000000	31908.861562	-30086.698263	20.343757	-283.120417
139.500000	31919.033441	-30228.258472	19.938719	-282.388574
140.000000	31929.002800	-30369.452759	19.540966	-281.660267
140.500000	31938.773283	-30510.282893	19.150387	-280.935528
141.000000	31948.348476	-30650.750657	18.766872	-280.214385
141.500000	31957.731912	-30790.857849	18.390314	-279.496865
142.000000	31966.927069	-30930.606282	18.020604	-278.782995
142.500000	31975.937371	-31069.997779	17.657636	-278.072795
143.000000	31984.766189	-31209.034176	17.301305	-277.366286
143.500000	31993.416842	-31347.717319	16.951507	-276.663487
144.000000	32001.892595	-31486.049063	16.608138	-275.964414
144.500000	32010.196664	-31624.031270	16.271098	-275.269082
145.000000	32018.332213	-31761.665811	15.940285	-274.577502
145.500000	32026.302356	-31898.954562	15.615601	-273.889685
146.000000	32034.110156	-32035.899404	15.296946	-273.205641
146.500000	32041.758629	-32172.502224	14.984224	-272.525376
147.000000	32049.250741	-32308.764912	14.677338	-271.848897
147.500000	32056.589410	-32444.689361	14.376194	-271.176207
148.000000	32063.777507	-32580.277464	14.080698	-270.507309
148.500000	32070.817856	-32715.531119	13.790758	-269.842205
149.000000	32077.713235	-32850.452222	13.506282	-269.180894
149.500000	32084.466376	-32985.042669	13.227180	-268.523375
150.000000	32091.079966	-33119.304356	12.953363	-267.869645
150.500000	32097.556647	-33253.239179	12.684742	-267.219701
151.000000	32103.899018	-33386.849029	12.421232	-266.573536
151.500000	32110.109634	-33520.135797	12.162747	-265.931146
152.000000	32116.191008	-33653.101370	11.909201	-265.292522
152.500000	32122.145608	-33785.747631	11.660512	-264.657657
153.000000	32127.975864	-33918.076460	11.416597	-264.026542
153.500000	32133.684163	-34050.089731	11.177375	-263.399166
154.000000	32139.272850	-34181.789314	10.942766	-262.775518
154.500000	32144.744233	-34313.177073	10.712692	-262.155587
155.000000	32150.100579	-34444.254867	10.487073	-261.539360
155.500000	32155.344115	-34575.024547	10.265833	-260.926823
156.000000	32160.477032	-34705.487958	10.048898	-260.317963
156.500000	32165.501481	-34835.646939	9.836191	-259.712764
157.000000	32170.419576	-34965.503321	9.627639	-259.111211
157.500000	32175.233396	-35095.058927	9.423170	-258.513289
158.000000	32179.944981	-35224.315571	9.222713	-257.918980
158.500000	32184.556337	-35353.275061	9.026196	-257.328267
159.000000	32189.069436	-35481.939195	8.833551	-256.741133
159.500000	32193.486211	-35610.309761	8.644709	-256.157559
160.000000	32197.808565	-35738.388541	8.459602	-255.577527
160.500000	32202.038366	-35866.177305	8.278164	-255.001018
161.000000	32206.177448	-35993.677814	8.100330	-254.428012
161.500000	32210.227613	-36120.891819	7.926036	-253.858489
162.000000	32214.190631	-36247.821064	7.755217	-253.292429
162.500000	32218.068240	-36374.467278	7.587811	-252.729811
163.000000	32221.862145	-36500.832183	7.423757	-252.170615
163.500000	32225.574024	-36626.917491	7.262995	-251.614819
164.000000	32229.205521	-36752.724901	7.105463	-251.062403
164.500000	32232.758253	-36878.256102	6.951105	-250.513343
165.000000	32236.233805	-37003.512774	6.799861	-249.967620
165.500000	32239.633736	-37128.496583	6.651676	-249.425209
166.000000	32242.959574	-37253.209188	6.506492	-248.886089
166.500000	32246.212820	-37377.652233	6.364255	-248.350239
167.000000	32249.394947	-37501.827352	6.224910	-247.817634
167.500000	32252.507402	-37625.736169	6.088404	-247.288252
168.000000	32255.551604	-37749.380295	5.954685	-246.762071
168.500000	32258.528946	-37872.761330	5.823700	-246.239067
169.000000	32261.440796	-37995.880864	5.695399	-245.719218
169.500000	32264.288495	-38118.740473	5.569732	-245.202500
170.000000	32267.073361	-38241.341723	5.446649	-244.688891
170.500000	32269.796686	-38363.686169	5.326102	-244.178366
171.000000	32272.459737	-38485.775352	5.208044	-243.670903
171.500000	32275.063759	-38607.610804	5.092427	-243.166479
172.000000	32277.609972	-38729.194043	4.979205	-242.665070
172.500000	32280.099575	-38850.526578	4.868333	-242.166653
173.000000	32282.533741	-38971.609904	4.759767	-241.671204
173.500000	32284.913625	-39092.445506	4.653462	-241.178701
174.000000	32287.240356	-39213.034857	4.549375	-240.689120
174.500000	32289.515043	-39333.379417	4.447464	-240.202438
175.000000	32291.738775	-39453.480636	4.347688	-239.718632
175.500000	32293.912619	-39573.339952	4.250005	-239.237678
176.000000	32296.037622	-39692.958791	4.154375	-238.759555
176.500000	32298.114809	-39812.338568	4.060758	-238.284238
177.000000	32300.145188	-39931.480687	3.969116	-237.811705
177.500000	32302.129747	-40050.386540	3.879410	-237.341934
178.000000	32304.069452	-40169.057507	3.791603	-236.874900
178.500000	32305.965253	-40287.494957	3.705658	-236.410583
179.000000	32307.818082	-40405.700249	3.621538	-235.948959
179.500000	32309.628851	-40523.674728	3.539207	-235.490006
180.000000	32311.398455	-40641.419731	3.458632	-235.033702
180.500000	32313.127771	-40758.936582	3.379776	-234.580024
181.000000	32314.817659	-40876.226594	3.302607	-234.128951
181.500000	32316.468963	-40993.291070	3.227091	-233.680460
182.000000	32318.082508	-41110.131300	3.153196	-233.234530
182.500000	32319.659106	-41226.748565	3.080889	-232.791139
183.000000	32321.199550	-41343.144134	3.010138	-232.350266
183.500000	32322.704620	-41459.319267	2.940914	-231.911889
184.000000	32324.175076	-41575.275211	2.873185	-231.475987
184.500000	32325.611669	-41691.013205	2.806922	-231.042538
185.000000	32327.015130	-41806.534474	2.742095	-230.611523
185.500000	32328.386177	-41921.840235	2.678675	-230.182920
186.000000	32329.725515	-42036.931695	2.616635	-229.756708
186.500000	32331.033833	-42151.810049	2.555947	-229.332867
187.000000	32332.311806	-42266.476483	2.496582	-228.911377
187.500000	32333.560097	-42380.932171	2.438515	-228.492217
188.000000	32334.779355	-42495.178280	2.381719	-228.075368
188.500000	32335.970214	-42609.215964	2.326169	-227.660809
189.000000	32337.133299	-42723.046368	2.271838	-227.248522
189.500000	32338.269218	-42836.670629	2.218703	-226.838485
190.000000	32339.378569	-42950.089872	2.166739	-226.430681
190.500000	32340.461939	-43063.305212	2.115921	-226.025089
191.000000	32341.519899	-43176.317757	2.066227	-225.621692
191.500000	32342.553013	-43289.128603	2.017633	-225.220469
192.000000	32343.561829	-43401.738837	1.970116	-224.821402
192.500000	32344.546887	-43514.149538	1.923655	-224.424473
193.000000	32345.508715	-43626.361775	1.878228	-224.029663
193.500000	32346.447829	-43738.376606	1.833813	-223.636954
194.000000	32347.364735	-43850.195083	1.790389	-223.246328
194.500000	32348.259930	-43961.818248	1.747936	-222.857768
195.000000	32349.133898	-44073.247131	1.706433	-222.471255
195.500000	32349.987114	-44184.482759	1.665861	-222.086771
196.000000	32350.820045	-44295.526144	1.626200	-221.704301
196.500000	32351.633145	-44406.378295	1.587431	-221.323825
197.000000	32352.426860	-44517.040207	1.549535	-220.945328
197.500000	32353.201628	-44627.512871	1.512495	-220.568792
198.000000	32353.957875	-44737.797267	1.476291	-220.194201
198.500000	32354.696021	-44847.894368	1.440907	-219.821538
199.000000	32355.416475	-44957.805137	1.406325	-219.450787
199.500000	32356.119637	-45067.530530	1.372528	-219.081931
200.000000	32356.805901	-45177.071496	1.339500	-218.714955
200.500000	32357.475651	-45286.428973	1.307224	-218.349842
201.000000	32358.129263	-45395.603894	1.275683	-217.986577
201.500000	32358.767105	-45504.597182	1.244864	-217.625144
202.000000	32359.389537	-45613.409754	1.214749	-217.265528
202.500000	32359.996911	-45722.042519	1.185324	-216.907714
203.000000	32360.589573	-45830.496376	1.156574	-216.551686
203.500000	32361.167860	-45938.772219	1.128485	-216.197429
204.000000	32361.732103	-46046.870933	1.101043	-215.844930
204.500000	32362.282624	-46154.793398	1.074233	-215.494172
205.000000	32362.819741	-46262.540484	1.048042	-215.145141
205.500000	32363.343761	-46370.113055	1.022456	-214.797824
206.000000	32363.854989	-46477.511967	0.997462	-214.452206
206.500000	32364.353721	-46584.738070	0.973049	-214.108272
207.000000	32364.840245	-46691.792206	0.949202	-213.766010
207.500000	32365.314846	-46798.675211	0.925909	-213.425405
208.000000	32365.777800	-46905.387913	0.903159	-213.086443
208.500000	32366.229380	-47011.931135	0.880940	-212.749112
209.000000	32366.669849	-47118.305691	0.859239	-212.413397
209.500000	32367.099469	-47224.512389	0.838046	-212.079286
210.000000	32367.518492	-47330.552032	0.817350	-211.746766
210.500000	32367.927167	-47436.425415	0.797139	-211.415823
211.000000	32368.325737	-47542.133326	0.777403	-211.086445
211.500000	32368.714438	-47647.676549	0.758131	-210.758619
212.000000	32369.093503	-47753.055858	0.739313	-210.432333
212.500000	32369.463160	-47858.272025	0.720940	-210.107574
213.000000	32369.823630	-47963.325812	0.703000	-209.784330
213.500000	32370.175130	-48068.217977	0.685485	-209.462590
214.000000	32370.517872	-48172.949272	0.668385	-209.142340
214.500000	32370.852065	-48277.520442	0.651690	-208.823570
215.000000	32371.177910	-48381.932227	0.635393	-208.506266
215.500000	32371.495606	-48486.185360	0.619483	-208.190419
216.000000	32371.805348	-48590.280569	0.603952	-207.876016
216.500000	32372.107324	-48694.218577	0.588792	-207.563046
217.000000	32372.401720	-48798.000100	0.573995	-207.251497
217.500000	32372.688717	-48901.625848	0.559551	-206.941359
218.000000	32372.968493	-49005.096528	0.545454	-206.632621
218.500000	32373.241220	-49108.412838	0.531694	-206.325271
219.000000	32373.507067	-49211.575474	0.518266	-206.019299
219.500000	32373.766200	-49314.585123	0.505160	-205.714694
220.000000	32374.018780	-49417.442470	0.492371	-205.411446
220.500000	32374.264965	-49520.148194	0.479890	-205.109545
221.000000	32374.504910	-49622.702966	0.467711	-204.808979
221.500000	32374.738766	-49725.107455	0.455826	-204.509739
222.000000	32374.966679	-49827.362325	0.444229	-204.211814
222.500000	32375.188793	-49929.468232	0.432914	-203.915195
223.000000	32375.405250	-50031.425829	0.421874	-203.619872
223.500000	32375.616187	-50133.235765	0.411102	-203.325834
224.000000	32375.821738	-50234.898682	0.400593	-203.033073
224.500000	32376.022034	-50336.415218	0.390340	-202.741578
225.000000	32376.217204	-50437.786008	0.380337	-202.451341
225.500000	32376.407373	-50539.011678	0.370580	-202.162351
226.000000	32376.592663	-50640.092853	0.361061	-201.874600
226.500000	32376.773193	-50741.030153	0.351776	-201.588077
227.000000	32376.949081	-50841.824192	0.342718	-201.302775
227.500000	32377.120440	-50942.475580	0.333884	-201.018685
228.000000	32377.287382	-51042.984922	0.325267	-200.735796
228.500000	32377.450016	-51143.352820	0.316863	-200.454101
229.000000	32377.608447	-51243.579870	0.308666	-200.173590
229.500000	32377.762780	-51343.666665	0.300672	-199.894255
230.000000	32377.913116	-51443.613793	0.292875	-199.616088
230.500000	32378.059554	-51543.421837	0.285272	-199.339080
231.000000	32378.202190	-51643.091377	0.277858	-199.063223
231.500000	32378.341119	-51742.622989	0.270628	-198.788508
232.000000	32378.476433	-51842.017242	0.263578	-198.514927
232.500000	32378.608222	-51941.274706	0.256704	-198.242472
233.000000	32378.736574	-52040.395942	0.250001	-197.971135
233.500000	32378.861575	-52139.381509	0.243466	-197.700908
234.000000	32378.983307	-52238.231963	0.237094	-197.431783
234.500000	32379.101854	-52336.947855	0.230881	-197.163753
235.000000	32379.217295	-52435.529731	0.224825	-196.896809
235.500000	32379.329707	-52533.978135	0.218921	-196.630944
236.000000	32379.439168	-52632.293607	0.213165	-196.366151
236.500000	32379.545750	-52730.476683	0.207554	-196.102421
237.000000	32379.649527	-52828.527893	0.202085	-195.839748
237.500000	32379.750569	-52926.447768	0.196753	-195.578125
238.000000	32379.848946	-53024.236830	0.191557	-195.317543
238.500000	32379.944724	-53121.895601	0.186491	-195.057996
239.000000	32380.037970	-53219.424599	0.181555	-194.799476
239.500000	32380.128747	-53316.824338	0.176743	-194.541978
240.000000	32380.217119	-53414.095326	0.172054	-194.285492
240.500000	32380.303146	-53511.238073	0.167484	-194.030014
241.000000	32380.386888	-53608.253079	0.163030	-193.775535
241.500000	32380.468403	-53705.140847	0.158690	-193.522049
242.000000	32380.547748	-53801.901871	0.154461	-193.269549
242.500000	32380.624979	-53898.536646	0.150340	-193.018030
243.000000	32380.700149	-53995.045661	0.146324	-192.767483
243.500000	32380.773311	-54091.429402	0.142412	-192.517903
244.000000	32380.844517	-54187.688354	0.138599	-192.269283
244.500000	32380.913817	-54283.822995	0.134885	-192.021616
245.000000	32380.981259	-54379.833803	0.131266	-191.774897
245.500000	32381.046892	-54475.721252	0.127741	-191.529120
246.000000	32381.110763	-54571.485812	0.124306	-191.284277
246.500000	32381.172916	-54667.127950	0.120960	-191.040362
247.000000	32381.233396	-54762.648131	0.117700	-190.797371
247.500000	32381.292246	-54858.046816	0.114525	-190.555296
248.000000	32381.349509	-54953.324464	0.111432	-190.314131
248.500000	32381.405225	-55048.481530	0.108420	-190.073872
249.000000	32381.459435	-55143.518466	0.105485	-189.834511
249.500000	32381.512177	-55238.435722	0.102627	-189.596043
250.000000	32381.563491	-55333.233743	0.099844	-189.358463
250.500000	32381.613413	-55427.912975	0.097133	-189.121764
251.000000	32381.661979	-55522.473857	0.094492	-188.885941
251.500000	32381.709225	-55616.916827	0.091921	-188.650988
252.000000	32381.755186	-55711.242321	0.089417	-188.416900
252.500000	32381.799894	-55805.450771	0.086978	-188.183672
253.000000	32381.843383	-55899.542607	0.084604	-187.951297
253.500000	32381.885685	-55993.518256	0.082292	-187.719771
254.000000	32381.926831	-56087.378141	0.080040	-187.489087
254.500000	32381.966851	-56181.122685	0.077848	-187.259242
255.000000	32382.005775	-56274.752305	0.075714	-187.030229
255.500000	32382.043632	-56368.267420	0.073636	-186.802043
256.000000	32382.080450	-56461.668441	0.071613	-186.574680
256.500000	32382.116257	-56554.955781	0.069643	-186.348133
257.000000	32382.151078	-56648.129848	0.067726	-186.122399
257.500000	32382.184941	-56741.191047	0.065859	-185.897471
258.000000	32382.217871	-56834.139783	0.064042	-185.673346
258.500000	32382.249892	-56926.976456	0.062273	-185.450018
259.000000	32382.281028	-57019.701465	0.060551	-185.227482
259.500000	32382.311304	-57112.315206	0.058875	-185.005733
260.000000	32382.340742	-57204.818072	0.057244	-184.784767
260.500000	32382.369364	-57297.210456	0.055656	-184.564579
261.000000	32382.397192	-57389.492745	0.054111	-184.345163
261.500000	32382.424247	-57481.665327	0.052607	-184.126517
262.000000	32382.450551	-57573.728585	0.051143	-183.908634
262.500000	32382.476123	-57665.682902	0.049719	-183.691510
263.000000	32382.500982	-57757.528657	0.048333	-183.475141
263.500000	32382.525149	-57849.266228	0.046984	-183.259522
264.000000	32382.548640	-57940.895989	0.045671	-183.044649
264.500000	32382.571476	-58032.418313	0.044394	-182.830517
265.000000	32382.593673	-58123.833572	0.043151	-182.617122
265.500000	32382.615249	-58215.142133	0.041942	-182.404459
266.000000	32382.636220	-58306.344362	0.040765	-182.192525
266.500000	32382.656602	-58397.440625	0.039621	-181.981314
267.000000	32382.676413	-58488.431282	0.038507	-181.770824
267.500000	32382.695666	-58579.316694	0.037423	-181.561048
268.000000	32382.714378	-58670.097218	0.036369	-181.351984
268.500000	32382.732562	-58760.773210	0.035344	-181.143627
269.000000	32382.750234	-58851.345024	0.034346	-180.935973
269.500000	32382.767407	-58941.813010	0.033376	-180.729018
270.000000	32382.784095	-59032.177519	0.032432	-180.522758
270.500000	32382.800311	-59122.438898	0.031514	-180.317189
271.000000	32382.816068	-59212.597493	0.030621	-180.112307
271.500000	32382.831378	-59302.653646	0.029752	-179.908107
272.000000	32382.846254	-59392.607700	0.028907	-179.704587
272.500000	32382.860708	-59482.459993	0.028086	-179.501742
273.000000	32382.874751	-59572.210864	0.027287	-179.299569
273.500000	32382.888394	-59661.860649	0.026509	-179.098063
274.000000	32382.901649	-59751.409680	0.025754	-178.897221
274.500000	32382.914526	-59840.858291	0.025019	-178.697039
275.000000	32382.927035	-59930.206810	0.024304	-178.497513
275.500000	32382.939187	-60019.455567	0.023609	-178.298640
276.000000	32382.950992	-60108.604887	0.022933	-178.100417
276.500000	32382.962458	-60197.655096	0.022276	-177.902838
277.000000	32382.973597	-60286.606515	0.021638	-177.705901
277.500000	32382.984415	-60375.459465	0.021016	-177.509603
278.000000	32382.994924	-60464.214267	0.020412	-177.313939
278.500000	32383.005130	-60552.871236	0.019825	-177.118906
279.000000	32383.015043	-60641.430689	0.019255	-176.924501
279.500000	32383.024670	-60729.892940	0.018700	-176.730721
280.000000	32383.034020	-60818.258300	0.018160	-176.537561
280.500000	32383.043100	-60906.527081	0.017636	-176.345019
281.000000	32383.051918	-60994.699590	0.017126	-176.153090
281.500000	32383.060481	-61082.776135	0.016631	-175.961773
282.000000	32383.068796	-61170.757022	0.016149	-175.771062
282.500000	32383.076871	-61258.642553	0.015681	-175.580956
283.000000	32383.084711	-61346.433031	0.015226	-175.391451
283.500000	32383.092324	-61434.128756	0.014784	-175.202543
284.000000	32383.099716	-61521.730028	0.014354	-175.014230
284.500000	32383.106893	-61609.237143	0.013936	-174.826508
285.000000	32383.113861	-61696.650397	0.013530	-174.639373
285.500000	32383.120626	-61783.970083	0.013136	-174.452824
286.000000	32383.127194	-61871.196496	0.012753	-174.266857
286.500000	32383.133570	-61958.329924	0.012380	-174.081468
287.000000	32383.139760	-62045.370658	0.012018	-173.896654
287.500000	32383.145770	-62132.318985	0.011666	-173.712414
288.000000	32383.151603	-62219.175192	0.011325	-173.528742
288.500000	32383.157265	-62305.939563	0.010993	-173.345638
289.000000	32383.162761	-62392.612382	0.010670	-173.163096
289.500000	32383.168096	-62479.193930	0.010356	-172.981116
290.000000	32383.173274	-62565.684488	0.010052	-172.799693
290.500000	32383.178300	-62652.084334	0.009756	-172.618825
291.000000	32383.183179	-62738.393747	0.009469	-172.438508
291.500000	32383.187913	-62824.613001	0.009189	-172.258741
292.000000	32383.192508	-62910.742371	0.008918	-172.079519
292.500000	32383.196967	-62996.782131	0.008655	-171.900841
293.000000	32383.201294	-63082.732551	0.008399	-171.722704
293.500000	32383.205494	-63168.593903	0.008150	-171.545104
294.000000	32383.209569	-63254.366456	0.007909	-171.368039
294.500000	32383.213523	-63340.050475	0.007674	-171.191507
295.000000	32383.217360	-63425.646229	0.007447	-171.015504
295.500000	32383.221084	-63511.153981	0.007225	-170.840027
296.000000	32383.224696	-63596.573994	0.007010	-170.665075
296.500000	32383.228201	-63681.906532	0.006802	-170.490645
297.000000	32383.231602	-63767.151854	0.006599	-170.316733
297.500000	32383.234902	-63852.310220	0.006402	-170.143337
298.000000	32383.238103	-63937.381889	0.006211	-169.970455
298.500000	32383.241209	-64022.367116	0.006026	-169.798083
299.000000	32383.244222	-64107.266158	0.005846	-169.626221
299.500000	32383.247144	-64192.079268	0.005671	-169.454864
300.000000	32383.249980	-64276.806700	0.005501	-169.284010
300.500000	32383.252730	-64361.448705	0.005336	-169.113658
301.000000	32383.255398	-64446.005534	0.005176	-168.943803
301.500000	32383.257986	-64530.477436	0.005020	-168.774445
302.000000	32383.260496	-64614.864658	0.004869	-168.605580
302.500000	32383.262931	-64699.167448	0.004723	-168.437206
303.000000	32383.265292	-64783.386051	0.004581	-168.269320
303.500000	32383.267583	-64867.520711	0.004443	-168.101921
304.000000	32383.269804	-64951.571671	0.004309	-167.935005
304.500000	32383.271958	-65035.539174	0.004178	-167.768571
305.000000	32383.274047	-65119.423459	0.004052	-167.602615
305.500000	32383.276073	-65203.224766	0.003930	-167.437137
306.000000	32383.278038	-65286.943335	0.003811	-167.272132
306.500000	32383.279944	-65370.579401	0.003695	-167.107600
307.000000	32383.281791	-65454.133201	0.003583	-166.943538
307.500000	32383.283583	-65537.604970	0.003474	-166.779943
308.000000	32383.285320	-65620.994941	0.003369	-166.616813
308.500000	32383.287004	-65704.303348	0.003266	-166.454146
309.000000	32383.288637	-65787.530421	0.003167	-166.291940
309.500000	32383.290220	-65870.676391	0.003070	-166.130193
310.000000	32383.291755	-65953.741487	0.002977	-165.968902
310.500000	32383.293244	-66036.725938	0.002886	-165.808065
311.000000	32383.294687	-66119.629970	0.002798	-165.647680
311.500000	32383.296085	-66202.453810	0.002712	-165.487745
312.000000	32383.297441	-66285.197682	0.002629	-165.328257
312.500000	32383.298756	-66367.861811	0.002549	-165.169215
313.000000	32383.300030	-66450.446419	0.002470	-165.010617
313.500000	32383.301265	-66532.951727	0.002395	-164.852460
314.000000	32383.302463	-66615.377957	0.002321	-164.694742
314.500000	32383.303623	-66697.725328	0.002250	-164.537462
315.000000	32383.304748	-66779.994059	0.002180	-164.380617
315.500000	32383.305838	-66862.184367	0.002113	-164.224204
316.000000	32383.306895	-66944.296469	0.002048	-164.068223
316.500000	32383.307919	-67026.330581	0.001985	-163.912672
317.000000	32383.308912	-67108.286917	0.001924	-163.757547
317.500000	32383.309874	-67190.165690	0.001864	-163.602847
318.000000	32383.310806	-67271.967114	0.001807	-163.448571
318.500000	32383.311709	-67353.691399	0.001751	-163.294715
319.000000	32383.312584	-67435.338757	0.001697	-163.141279
319.500000	32383.313433	-67516.909396	0.001644	-162.988260
320.000000	32383.314255	-67598.403526	0.001593	-162.835657
320.500000	32383.315051	-67679.821355	0.001543	-162.683467
321.000000	32383.315823	-67761.163089	0.001495	-162.531689
321.500000	32383.316571	-67842.428933	0.001449	-162.380320
322.000000	32383.317295	-67923.619093	0.001404	-162.229360
322.500000	32383.317997	-68004.733773	0.001360	-162.078805
323.000000	32383.318677	-68085.773176	0.001318	-161.928654
323.500000	32383.319336	-68166.737503	0.001277	-161.778906
324.000000	32383.319974	-68247.626956	0.001237	-161.629558
324.500000	32383.320592	-68328.441735	0.001198	-161.480609
325.000000	32383.321191	-68409.182040	0.001160	-161.332057
325.500000	32383.321772	-68489.848068	0.001124	-161.183900
326.000000	32383.322334	-68570.440018	0.001089	-161.036136
326.500000	32383.322878	-68650.958086	0.001055	-160.888764
327.000000	32383.323406	-68731.402468	0.001022	-160.741781
327.500000	32383.323916	-68811.773359	0.000990	-160.595187
328.000000	32383.324411	-68892.070952	0.000958	-160.448979
328.500000	32383.324890	-68972.295441	0.000928	-160.303155
329.000000	32383.325354	-69052.447019	0.000899	-160.157715
329.500000	32383.325804	-69132.525876	0.000871	-160.012655
330.000000	32383.326239	-69212.532204	0.000843	-159.867975
330.500000	32383.326661	-69292.466192	0.000817	-159.723673
331.000000	32383.327069	-69372.328028	0.000791	-159.579748
331.500000	32383.327464	-69452.117902	0.000766	-159.436196
332.000000	32383.327847	-69531.836000	0.000741	-159.293018
332.500000	32383.328218	-69611.482509	0.000718	-159.150211
333.000000	32383.328577	-69691.057614	0.000695	-159.007773
333.500000	32383.328925	-69770.561501	0.000673	-158.865703
334.000000	32383.329261	-69849.994353	0.000652	-158.724000
334.500000	32383.329587	-69929.356353	0.000631	-158.582662
335.000000	32383.329903	-70008.647684	0.000611	-158.441687
335.500000	32383.330208	-70087.868527	0.000591	-158.301073
336.000000	32383.330504	-70167.019063	0.000573	-158.160820
336.500000	32383.330790	-70246.099473	0.000554	-158.020925
337.000000	32383.331067	-70325.109936	0.000537	-157.881387
337.500000	32383.331336	-70404.050629	0.000520	-157.742204
338.000000	32383.331595	-70482.921731	0.000503	-157.603376
338.500000	32383.331847	-70561.723419	0.000487	-157.464900
339.000000	32383.332090	-70640.455869	0.000471	-157.326774
339.500000	32383.332326	-70719.119256	0.000456	-157.188998
340.000000	32383.332554	-70797.713755	0.000441	-157.051570
340.500000	32383.332775	-70876.239540	0.000427	-156.914489
341.000000	32383.332988	-70954.696785	0.000414	-156.777752
341.500000	32383.333195	-71033.085661	0.000400	-156.641359
342.000000	32383.333395	-71111.406341	0.000387	-156.505308
342.500000	32383.333589	-71189.658995	0.000375	-156.369598
343.000000	32383.333776	-71267.843794	0.000363	-156.234226
343.500000	32383.333958	-71345.960907	0.000351	-156.099193
344.000000	32383.334133	-71424.010503	0.000340	-155.964496
344.500000	32383.334303	-71501.992751	0.000329	-155.830133
345.000000	32383.334468	-71579.907818	0.000318	-155.696104
345.500000	32383.334627	-71657.755870	0.000308	-155.562408
346.000000	32383.334781	-71735.537074	0.000298	-155.429042
346.500000	32383.334930	-71813.251595	0.000288	-155.296005
347.000000	32383.335074	-71890.899597	0.000279	-155.163296
347.500000	32383.335213	-71968.481245	0.000270	-155.030914
348.000000	32383.335348	-72045.996702	0.000261	-154.898857
348.500000	32383.335479	-72123.446131	0.000253	-154.767124
349.000000	32383.335605	-72200.829693	0.000244	-154.635714
349.500000	32383.335727	-72278.147550	0.000236	-154.504625
350.000000	32383.335845	-72355.399862	0.000229	-154.373855
350.500000	32383.335960	-72432.586790	0.000221	-154.243405
351.000000	32383.336070	-72509.708492	0.000214	-154.113272
351.500000	32383.336177	-72586.765128	0.000207	-153.983454
352.000000	32383.336281	-72663.756855	0.000200	-153.853952
352.500000	32383.336381	-72740.683831	0.000194	-153.724763
353.000000	32383.336478	-72817.546212	0.000187	-153.595886
353.500000	32383.336572	-72894.344155	0.000181	-153.467319
354.000000	32383.336662	-72971.077815	0.000175	-153.339063
354.500000	32383.336750	-73047.747346	0.000170	-153.211115
355.000000	32383.336835	-73124.352904	0.000164	-153.083474
355.500000	32383.336917	-73200.894641	0.000159	-152.956139
356.000000	32383.336996	-73277.372710	0.000153	-152.829108
356.500000	32383.337073	-73353.787264	0.000148	-152.702381
357.000000	32383.337147	-73430.138455	0.000143	-152.575957
357.500000	32383.337219	-73506.426433	0.000139	-152.449833
358.000000	32383.337288	-73582.651350	0.000134	-152.324009
358.500000	32383.337355	-73658.813354	0.000130	-152.198483
359.000000	32383.337420	-73734.912596	0.000125	-152.073255
359.500000	32383.337482	-73810.949223	0.000121	-151.948324
360.000000	32383.337543	-73886.923385	0.000117	-151.823687
360.500000	32383.337602	-73962.835229	0.000113	-151.699344
361.000000	32383.337658	-74038.684901	0.000110	-151.575294
361.500000	32383.337713	-74114.472547	0.000106	-151.451535
362.000000	32383.337766	-74190.198315	0.000102	-151.328067
362.500000	32383.337817	-74265.862349	0.000099	-151.204888
363.000000	32383.337867	-74341.464793	0.000096	-151.081997
363.500000	32383.337915	-74417.005791	0.000093	-150.959393
364.000000	32383.337961	-74492.485488	0.000089	-150.837075
364.500000	32383.338006	-74567.904025	0.000086	-150.715042
365.000000	32383.338049	-74643.261546	0.000084	-150.593292
365.500000	32383.338091	-74718.558193	0.000081	-150.471825
366.000000	32383.338131	-74793.794105	0.000078	-150.350640
366.500000	32383.338170	-74868.969425	0.000076	-150.229734
367.000000	32383.338208	-74944.084292	0.000073	-150.109108
367.500000	32383.338245	-75019.138846	0.000071	-149.988760
368.000000	32383.338280	-75094.133226	0.000068	-149.868689
368.500000	32383.338314	-75169.067570	0.000066	-149.748894
369.000000	32383.338347	-75243.942018	0.000064	-149.629374
369.500000	32383.338379	-75318.756705	0.000062	-149.510128
370.000000	32383.338410	-75393.511769	0.000059	-149.391155
370.500000	32383.338439	-75468.207346	0.000057	-149.272453
371.000000	32383.338468	-75542.843573	0.000056	-149.154022
371.500000	32383.338496	-75617.420584	0.000054	-149.035861
372.000000	32383.338523	-75691.938515	0.000052	-148.917969
372.500000	32383.338549	-75766.397499	0.000050	-148.800344
373.000000	32383.338574	-75840.797671	0.000048	-148.682986
373.500000	32383.338598	-75915.139164	0.000047	-148.565894
374.000000	32383.338621	-75989.422111	0.000045	-148.449066
374.500000	32383.338644	-76063.646644	0.000044	-148.332501
375.000000	32383.338666	-76137.812895	0.000042	-148.216200
375.500000	32383.338687	-76211.920995	0.000041	-148.100160
376.000000	32383.338707	-76285.971074	0.000039	-147.984380
376.500000	32383.338727	-76359.963264	0.000038	-147.868860
377.000000	32383.338746	-76433.897695	0.000037	-147.753599
377.500000	32383.338764	-76507.774494	0.000036	-147.638596
378.000000	32383.338782	-76581.593792	0.000034	-147.523849
378.500000	32383.338799	-76655.355716	0.000033	-147.409358
379.000000	32383.338816	-76729.060395	0.000032	-147.295122
379.500000	32383.338832	-76802.707956	0.000031	-147.181139
380.000000	32383.338847	-76876.298526	0.000030	-147.067410
380.500000	32383.338862	-76949.832231	0.000029	-146.953933
381.000000	32383.338876	-77023.309197	0.000028	-146.840706
381.500000	32383.338890	-77096.729550	0.000027	-146.727730
382.000000	32383.338904	-77170.093415	0.000026	-146.615003
382.500000	32383.338917	-77243.400917	0.000025	-146.502524
383.000000	32383.338929	-77316.652179	0.000024	-146.390292
383.500000	32383.338942	-77389.847325	0.000023	-146.278307
384.000000	32383.338953	-77462.986478	0.000023	-146.166568
384.500000	32383.338965	-77536.069762	0.000022	-146.055073
385.000000	32383.338975	-77609.097299	0.000021	-145.943822
385.500000	32383.338986	-77682.069210	0.000020	-145.832813
386.000000	32383.338996	-77754.985616	0.000020	-145.722047
386.500000	32383.339006	-77827.846640	0.000019	-145.611521
387.000000	32383.339015	-77900.652400	0.000018	-145.501236
387.500000	32383.339025	-77973.403018	0.000018	-145.391190
388.000000	32383.339033	-78046.098614	0.000017	-145.281383
388.500000	32383.339042	-78118.739305	0.000016	-145.171813
389.000000	32383.339050	-78191.325212	0.000016	-145.062480
389.500000	32383.339058	-78263.856451	0.000015	-144.953383
390.000000	32383.339066	-78336.333143	0.000015	-144.844520
390.500000	32383.339073	-78408.755403	0.000014	-144.735892
391.000000	32383.339081	-78481.123349	0.000014	-144.627497
391.500000	32383.339087	-78553.437098	0.000013	-144.519335
392.000000	32383.339094	-78625.696765	0.000013	-144.411404
392.500000	32383.339101	-78697.902467	0.000012	-144.303704
393.000000	32383.339107	-78770.054319	0.000012	-144.196234
393.500000	32383.339113	-78842.152436	0.000012	-144.088993
394.000000	32383.339119	-78914.196933	0.000011	-143.981981
394.500000	32383.339124	-78986.187923	0.000011	-143.875196
395.000000	32383.339130	-79058.125521	0.000010	-143.768638
395.500000	32383.339135	-79130.009840	0.000010	-143.662306
396.000000	32383.339140	-79201.840993	0.000010	-143.556198
396.500000	32383.339145	-79273.619092	0.000009	-143.450315
397.000000	32383.339149	-79345.344250	0.000009	-143.344656
397.500000	32383.339154	-79417.016578	0.000009	-143.239219
398.000000	32383.339158	-79488.636188	0.000008	-143.134005
398.500000	32383.339162	-79560.203190	0.000008	-143.029011
399.000000	32383.339166	-79631.717696	0.000008	-142.924238
399.500000	32383.339170	-79703.179815	0.000008	-142.819684
400.000000	32383.339174	-79774.589657	0.000007	-142.715350
400.500000	32383.339178	-79845.947332	0.000007	-142.611233
401.000000	32383.339181	-79917.252948	0.000007	-142.507334
401.500000	32383.339185	-79988.506615	0.000007	-142.403651
402.000000	32383.339188	-80059.708441	0.000006	-142.300184
402.500000	32383.339191	-80130.858533	0.000006	-142.196932
403.000000	32383.339194	-80201.956999	0.000006	-142.093894
403.500000	32383.339197	-80273.003946	0.000006	-141.991070
404.000000	32383.339200	-80343.999481	0.000005	-141.888459
404.500000	32383.339203	-80414.943711	0.000005	-141.786060
405.000000	32383.339205	-80485.836741	0.000005	-141.683872
405.500000	32383.339208	-80556.678676	0.000005	-141.581895
406.000000	32383.339210	-80627.469624	0.000005	-141.480127
406.500000	32383.339213	-80698.209687	0.000005	-141.378569
407.000000	32383.339215	-80768.898972	0.000004	-141.277219
407.500000	32383.339217	-80839.537582	0.000004	-141.176077
408.000000	32383.339219	-80910.125620	0.000004	-141.075142
408.500000	32383.339221	-80980.663191	0.000004	-140.974413
409.000000	32383.339223	-81051.150398	0.000004	-140.873890
409.500000	32383.339225	-81121.587343	0.000004	-140.773572
410.000000	32383.339227	-81191.974129	0.000004	-140.673458
410.500000	32383.339229	-81262.310858	0.000003	-140.573548
411.000000	32383.339231	-81332.597632	0.000003	-140.473840
411.500000	32383.339232	-81402.834552	0.000003	-140.374334
412.000000	32383.339234	-81473.021719	0.000003	-140.275030
412.500000	32383.339236	-81543.159234	0.000003	-140.175927
413.000000	32383.339237	-81613.247198	0.000003	-140.077024
413.500000	32383.339238	-81683.285710	0.000003	-139.978320
414.000000	32383.339240	-81753.274869	0.000003	-139.879815
414.500000	32383.339241	-81823.214777	0.000003	-139.781508
415.000000	32383.339242	-81893.105531	0.000002	-139.683398
415.500000	32383.339244	-81962.947230	0.000002	-139.585485
416.000000	32383.339245	-82032.739972	0.000002	-139.487768
416.500000	32383.339246	-82102.483856	0.000002	-139.390247
417.000000	32383.339247	-82172.178980	0.000002	-139.292920
417.500000	32383.339248	-82241.825440	0.000002	-139.195788
418.000000	32383.339249	-82311.423334	0.000002	-139.098849
418.500000	32383.339250	-82380.972758	0.000002	-139.002102
419.000000	32383.339251	-82450.473809	0.000002	-138.905548
419.500000	32383.339252	-82519.926583	0.000002	-138.809186
420.000000	32383.339253	-82589.331176	0.000002	-138.713014
420.500000	32383.339254	-82658.687683	0.000002	-138.617033
421.000000	32383.339255	-82727.996200	0.000002	-138.521242
421.500000	32383.339255	-82797.256821	0.000002	-138.425639
422.000000	32383.339256	-82866.469640	0.000001	-138.330225
422.500000	32383.339257	-82935.634753	0.000001	-138.234998
423.000000	32383.339258	-83004.752252	0.000001	-138.139959
423.500000	32383.339258	-83073.822231	0.000001	-138.045107
424.000000	32383.339259	-83142.844785	0.000001	-137.950440
424.500000	32383.339260	-83211.820005	0.000001	-137.855958
425.000000	32383.339260	-83280.747984	0.000001	-137.761662
425.500000	32383.339261	-83349.628815	0.000001	-137.667549
426.000000	32383.339261	-83418.462589	0.000001	-137.573620
426.500000	32383.339262	-83487.249399	0.000001	-137.479874
427.000000	32383.339263	-83555.989337	0.000001	-137.386310
427.500000	32383.339263	-83624.682492	0.000001	-137.292928
428.000000	32383.339264	-83693.328956	0.000001	-137.199728
428.500000	32383.339264	-83761.928820	0.000001	-137.106707
429.000000	32383.339264	-83830.482174	0.000001	-137.013867
429.500000	32383.339265	-83898.989107	0.000001	-136.921206
430.000000	32383.339265	-83967.449710	0.000001	-136.828724
430.500000	32383.339266	-84035.864072	0.000001	-136.736420
431.000000	32383.339266	-84104.232282	0.000001	-136.644294
431.500000	32383.339267	-84172.554429	0.000001	-136.552345
432.000000	32383.339267	-84240.830602	0.000001	-136.460573
432.500000	32383.339267	-84309.060888	0.000001	-136.368976
433.000000	32383.339268	-84377.245376	0.000001	-136.277555
433.500000	32383.339268	-84445.384154	0.000001	-136.186309
434.000000	32383.339268	-84513.477308	0.000001	-136.095237
434.500000	32383.339269	-84581.524926	0.000001	-136.004338
435.000000	32383.339269	-84649.527095	0.000001	-135.913613
435.500000	32383.339269	-84717.483902	0.000001	-135.823061
436.000000	32383.339269	-84785.395432	0.000001	-135.732680
436.500000	32383.339270	-84853.261772	0.000001	-135.642471
437.000000	32383.339270	-84921.083008	0.000000	-135.552433
437.500000	32383.339270	-84988.859225	0.000000	-135.462566
438.000000	32383.339270	-85056.590508	0.000000	-135.372869
438.500000	32383.339271	-85124.276942	0.000000	-135.283340
439.000000	32383.339271	-85191.918612	0.000000	-135.193981
439.500000	32383.339271	-85259.515603	0.000000	-135.104790
440.000000	32383.339271	-85327.067998	0.000000	-135.015767
440.500000	32383.339271	-85394.575881	0.000000	-134.926911
441.000000	32383.339272	-85462.039337	0.000000	-134.838222
441.500000	32383.339272	-85529.458447	0.000000	-134.749699
442.000000	32383.339272	-85596.833297	0.000000	-134.661341
442.500000	32383.339272	-85664.163967	0.000000	-134.573149
443.000000	32383.339272	-85731.450542	0.000000	-134.485122
443.500000	32383.339272	-85798.693103	0.000000	-134.397258
444.000000	32383.339273	-85865.891732	0.000000	-134.309558
444.500000	32383.339273	-85933.046511	0.000000	-134.222022
445.000000	32383.339273	-86000.157522	0.000000	-134.134648
445.500000	32383.339273	-86067.224846	0.000000	-134.047436
446.000000	32383.339273	-86134.248564	0.000000	-133.960386
446.500000	32383.339273	-86201.228757	0.000000	-133.873497
447.000000	32383.339273	-86268.165505	0.000000	-133.786768
447.500000	32383.339273	-86335.058889	0.000000	-133.700200
448.000000	32383.339274	-86401.908989	0.000000	-133.613791
448.500000	32383.339274	-86468.715884	0.000000	-133.527541
449.000000	32383.339274	-86535.479655	0.000000	-133.441450
449.500000	32383.339274	-86602.200380	0.000000	-133.355517
450.000000	32383.339274	-86668.878138	0.000000	-133.269742
450.500000	32383.339274	-86735.513009	0.000000	-133.184124
451.000000	32383.339274	-86802.105072	0.000000	-133.098663
451.500000	32383.339274	-86868.654403	0.000000	-133.013358
452.000000	32383.339274	-86935.161082	0.000000	-132.928209
452.500000	32383.339274	-87001.625186	0.000000	-132.843215
453.000000	32383.339274	-87068.046794	0.000000	-132.758376
453.500000	32383.339275	-87134.425982	0.000000	-132.673691
454.000000	32383.339275	-87200.762827	0.000000	-132.589160
454.500000	32383.339275	-87267.057407	0.000000	-132.504782
455.000000	32383.339275	-87333.309798	0.000000	-132.420558
455.500000	32383.339275	-87399.520077	0.000000	-132.336486
456.000000	32383.339275	-87465.688320	0.000000	-132.252566
456.500000	32383.339275	-87531.814603	0.000000	-132.168797
457.000000	32383.339275	-87597.899002	0.000000	-132.085180
457.500000	32383.339275	-87663.941592	0.000000	-132.001713
458.000000	32383.339275	-87729.942448	0.000000	-131.918397
458.500000	32383.339275	-87795.901647	0.000000	-131.835230
459.000000	32383.339275	-87861.819262	0.000000	-131.752213
459.500000	32383.339275	-87927.695368	0.000000	-131.669344
460.000000	32383.339275	-87993.530040	0.000000	-131.586624
460.500000	32383.339275	-88059.323352	0.000000	-131.504052
461.000000	32383.339275	-88125.075378	0.000000	-131.421627
461.500000	32383.339275	-88190.786191	0.000000	-131.339349
462.000000	32383.339275	-88256.455866	0.000000	-131.257218
462.500000	32383.339275	-88322.084475	0.000000	-131.175234
463.000000	32383.339275	-88387.672092	0.000000	-131.093395
463.500000	32383.339276	-88453.218789	0.000000	-131.011701
464.000000	32383.339276	-88518.724640	0.000000	-130.930153
464.500000	32383.339276	-88584.189716	0.000000	-130.848748
465.000000	32383.339276	-88649.614090	0.000000	-130.767488
465.500000	32383.339276	-88714.997835	0.000000	-130.686372
466.000000	32383.339276	-88780.341021	0.000000	-130.605399
466.500000	32383.339276	-88845.643720	0.000000	-130.524568
467.000000	32383.339276	-88910.906004	0.000000	-130.443880
467.500000	32383.339276	-88976.127944	0.000000	-130.363334
468.000000	32383.339276	-89041.309611	0.000000	-130.282930
468.500000	32383.339276	-89106.451076	0.000000	-130.202666
469.000000	32383.339276	-89171.552409	0.000000	-130.122544
469.500000	32383.339276	-89236.613681	0.000000	-130.042561
470.000000	32383.339276	-89301.634962	0.000000	-129.962719
470.500000	32383.339276	-89366.616321	0.000000	-129.883016
471.000000	32383.339276	-89431.557829	0.000000	-129.803452
471.500000	32383.339276	-89496.459555	0.000000	-129.724027
472.000000	32383.339276	-89561.321569	0.000000	-129.644740
472.500000	32383.339276	-89626.143938	0.000000	-129.565591
473.000000	32383.339276	-89690.926734	0.000000	-129.486579
473.500000	32383.339276	-89755.670023	0.000000	-129.407705
474.000000	32383.339276	-89820.373876	0.000000	-129.328967
474.500000	32383.339276	-89885.038359	0.000000	-129.250365
475.000000	32383.339276	-89949.663542	0.000000	-129.171900
475.500000	32383.339276	-90014.249492	0.000000	-129.093570
476.000000	32383.339276	-90078.796277	0.000000	-129.015375
476.500000	32383.339276	-90143.303964	0.000000	-128.937315
477.000000	32383.339276	-90207.772621	0.000000	-128.859389
477.500000	32383.339276	-90272.202316	0.000000	-128.781597
478.000000	32383.339276	-90336.593114	0.000000	-128.703938
478.500000	32383.339276	-90400.945083	0.000000	-128.626413
479.000000	32383.339276	-90465.258290	0.000000	-128.549021
479.500000	32383.339276	-90529.532800	0.000000	-128.471761
480.000000	32383.339276	-90593.768680	0.000000	-128.394633
480.500000	32383.339276	-90657.965997	0.000000	-128.317637
481.000000	32383.339276	-90722.124815	0.000000	-128.240772
481.500000	32383.339276	-90786.245201	0.000000	-128.164038
482.000000	32383.339276	-90850.327220	0.000000	-128.087435
482.500000	32383.339276	-90914.370938	0.000000	-128.010961
483.000000	32383.339276	-90978.376418	0.000000	-127.934618
483.500000	32383.339276	-91042.343727	0.000000	-127.858404
484.000000	32383.339276	-91106.272929	0.000000	-127.782319
484.500000	32383.339276	-91170.164089	0.000000	-127.706363
485.000000	32383.339276	-91234.017271	0.000000	-127.630536
485.500000	32383.339276	-91297.832538	0.000000	-127.554836
486.000000	32383.339276	-91361.609956	0.000000	-127.479264
486.500000	32383.339276	-91425.349588	0.000000	-127.403819
487.000000	32383.339276	-91489.051498	0.000000	-127.328501
487.500000	32383.339276	-91552.715748	0.000000	-127.253310
488.000000	32383.339276	-91616.342403	0.000000	-127.178245
488.500000	32383.339276	-91679.931526	0.000000	-127.103306
489.000000	32383.339276	-91743.483179	0.000000	-127.028492
489.500000	32383.339276	-91806.997425	0.000000	-126.953804
490.000000	32383.339276	-91870.474326	0.000000	-126.879240
490.500000	32383.339276	-91933.913946	0.000000	-126.804801
491.000000	32383.339276	-91997.316347	0.000000	-126.730486
491.500000	32383.339276	-92060.681590	0.000000	-126.656294
492.000000	32383.339276	-92124.009737	0.000000	-126.582227
492.500000	32383.339276	-92187.300850	0.000000	-126.508282
493.000000	32383.339276	-92250.554991	0.000000	-126.434460
493.500000	32383.339276	-92313.772221	0.000000	-126.360760
494.000000	32383.339276	-92376.952601	0.000000	-126.287183
494.500000	32383.339276	-92440.096193	0.000000	-126.213727
495.000000	32383.339276	-92503.203057	0.000000	-126.140393
495.500000	32383.339276	-92566.273253	0.000000	-126.067180
496.000000	32383.339276	-92629.306843	0.000000	-125.994087
496.500000	32383.339276	-92692.303887	0.000000	-125.921115
497.000000	32383.339276	-92755.264444	0.000000	-125.848263
497.500000	32383.339276	-92818.188576	0.000000	-125.775531
498.000000	32383.339276	-92881.076341	0.000000	-125.702918
498.500000	32383.339276	-92943.927800	0.000000	-125.630425
499.000000	32383.339276	-93006.743013	0.000000	-125.558050
499.500000	32383.339276	-93069.522037	0.000000	-125.485793
500.000000	32383.339276	-93132.264934	0.000000	-125.413655
500.500000	32383.339276	-93194.971761	0.000000	-125.341634
501.000000	32383.339276	-93257.642579	0.000000	-125.269731
501.500000	32383.339276	-93320.277444	0.000000	-125.197945
502.000000	32383.339276	-93382.876417	0.000000	-125.126276
502.500000	32383.339276	-93445.439555	0.000000	-125.054724
503.000000	32383.339276	-93507.966917	0.000000	-124.983288
503.500000	32383.339276	-93570.458561	0.000000	-124.911967
504.000000	32383.339276	-93632.914545	0.000000	-124.840763
504.500000	32383.339276	-93695.334926	0.000000	-124.769673
505.000000	32383.339276	-93757.719763	0.000000	-124.698699
505.500000	32383.339276	-93820.069112	0.000000	-124.627839
506.000000	32383.339276	-93882.383031	0.000000	-124.557093
506.500000	32383.339276	-93944.661578	0.000000	-124.486462
507.000000	32383.339276	-94006.904809	0.000000	-124.415944
507.500000	32383.339276	-94069.112781	0.000000	-124.345540
508.000000	32383.339276	-94131.285551	0.000000	-124.275249
508.500000	32383.339276	-94193.423176	0.000000	-124.205071
509.000000	32383.339276	-94255.525711	0.000000	-124.135005
509.500000	32383.339276	-94317.593214	0.000000	-124.065052
510.000000	32383.339276	-94379.625740	0.000000	-123.995210
510.500000	32383.339276	-94441.623345	0.000000	-123.925480
511.000000	32383.339276	-94503.586085	0.000000	-123.855862
511.500000	32383.339276	-94565.514015	0.000000	-123.786354
512.000000	32383.339276	-94627.407192	0.000000	-123.716957
512.500000	32383.339276	-94689.265671	0.000000	-123.647671
513.000000	32383.339276	-94751.089507	0.000000	-123.578495
513.500000	32383.339276	-94812.878754	0.000000	-123.509429
514.000000	32383.339276	-94874.633468	0.000000	-123.440472
514.500000	32383.339276	-94936.353704	0.000000	-123.371624
515.000000	32383.339276	-94998.039516	0.000000	-123.302886
515.500000	32383.339276	-95059.690959	0.000000	-123.234256
516.000000	32383.339276	-95121.308088	0.000000	-123.165735
516.500000	32383.339276	-95182.890955	0.000000	-123.097322
517.000000	32383.339276	-95244.439616	0.000000	-123.029017
517.500000	32383.339276	-95305.954125	0.000000	-122.960819
518.000000	32383.339276	-95367.434534	0.000000	-122.892729
518.500000	32383.339276	-95428.880899	0.000000	-122.824746
519.000000	32383.339276	-95490.293271	0.000000	-122.756869
519.500000	32383.339276	-95551.671706	0.000000	-122.689099
520.000000	32383.339276	-95613.016255	0.000000	-122.621435
520.500000	32383.339276	-95674.326973	0.000000	-122.553877
521.000000	32383.339276	-95735.603911	0.000000	-122.486425
521.500000	32383.339276	-95796.847124	0.000000	-122.419078
522.000000	32383.339276	-95858.056662	0.000000	-122.351836
522.500000	32383.339276	-95919.232580	0.000000	-122.284699
523.000000	32383.339276	-95980.374929	0.000000	-122.217666
523.500000	32383.339276	-96041.483762	0.000000	-122.150738
524.000000	32383.339276	-96102.559131	0.000000	-122.083913
524.500000	32383.339276	-96163.601088	0.000000	-122.017193
525.000000	32383.339276	-96224.609684	0.000000	-121.950576
525.500000	32383.339276	-96285.584972	0.000000	-121.884062
526.000000	32383.339276	-96346.527003	0.000000	-121.817651
526.500000	32383.339276	-96407.435829	0.000000	-121.751343
527.000000	32383.339276	-96468.311500	0.000000	-121.685137
527.500000	32383.339276	-96529.154068	0.000000	-121.619033
528.000000	32383.339276	-96589.963585	0.000000	-121.553031
528.500000	32383.339276	-96650.740101	0.000000	-121.487131
529.000000	32383.339276	-96711.483666	0.000000	-121.421332
529.500000	32383.339276	-96772.194332	0.000000	-121.355634
530.000000	32383.339276	-96832.872149	0.000000	-121.290037
530.500000	32383.339276	-96893.517168	0.000000	-121.224541
531.000000	32383.339276	-96954.129439	0.000000	-121.159145
531.500000	32383.339276	-97014.709011	0.000000	-121.093849
532.000000	32383.339276	-97075.255936	0.000000	-121.028653
532.500000	32383.339276	-97135.770262	0.000000	-120.963557
533.000000	32383.339276	-97196.252040	0.000000	-120.898559
533.500000	32383.339276	-97256.701320	0.000000	-120.833661
534.000000	32383.339276	-97317.118151	0.000000	-120.768862
534.500000	32383.339276	-97377.502582	0.000000	-120.704161
535.000000	32383.339276	-97437.854662	0.000000	-120.639559
535.500000	32383.339276	-97498.174442	0.000000	-120.575054
536.000000	32383.339276	-97558.461969	0.000000	-120.510648
536.500000	32383.339276	-97618.717292	0.000000	-120.446339
537.000000	32383.339276	-97678.940462	0.000000	-120.382127
537.500000	32383.339276	-97739.131525	0.000000	-120.318012
538.000000	32383.339276	-97799.290531	0.000000	-120.253995
538.500000	32383.339276	-97859.417529	0.000000	-120.190073
539.000000	32383.339276	-97919.512565	0.000000	-120.126249
539.500000	32383.339276	-97979.575690	0.000000	-120.062520
540.000000	32383.339276	-98039.606950	0.000000	-119.998887
540.500000	32383.339276	-98099.606393	0.000000	-119.935350
541.000000	32383.339276	-98159.574068	0.000000	-119.871908
541.500000	32383.339276	-98219.510023	0.000000	-119.808562
542.000000	32383.339276	-98279.414303	0.000000	-119.745310
542.500000	32383.339276	-98339.286958	0.000000	-119.682153
543.000000	32383.339276	-98399.128035	0.000000	-119.619090
543.500000	32383.339276	-98458.937580	0.000000	-119.556122
544.000000	32383.339276	-98518.715641	0.000000	-119.493248
544.500000	32383.339276	-98578.462265	0.000000	-119.430467
545.000000	32383.339276	-98638.177498	0.000000	-119.367780
545.500000	32383.339276	-98697.861388	0.000000	-119.305186
546.000000	32383.339276	-98757.513981	0.000000	-119.242685
546.500000	32383.339276	-98817.135324	0.000000	-119.180277
547.000000	32383.339276	-98876.725463	0.000000	-119.117962
547.500000	32383.339276	-98936.284444	0.000000	-119.055739
548.000000	32383.339276	-98995.812313	0.000000	-118.993608
548.500000	32383.339276	-99055.309117	0.000000	-118.931569
549.000000	32383.339276	-99114.774902	0.000000	-118.869622
549.500000	32383.339276	-99174.209713	0.000000	-118.807766
550.000000	32383.339276	-99233.613596	0.000000	-118.746002
550.500000	32383.339276	-99292.986597	0.000000	-118.684328
551.000000	32383.339276	-99352.328761	0.000000	-118.622745
551.500000	32383.339276	-99411.640134	0.000000	-118.561253
552.000000	32383.339276	-99470.920760	0.000000	-118.499852
552.500000	32383.339276	-99530.170686	0.000000	-118.438540
553.000000	32383.339276	-99589.389956	0.000000	-118.377318
553.500000	32383.339276	-99648.578615	0.000000	-118.316186
554.000000	32383.339276	-99707.736708	0.000000	-118.255143
554.500000	32383.339276	-99766.864280	0.000000	-118.194190
555.000000	32383.339276	-99825.961375	0.000000	-118.133326
555.500000	32383.339276	-99885.028038	0.000000	-118.072550
556.000000	32383.339276	-99944.064313	0.000000	-118.011863
556.500000	32383.339276	-100003.070245	0.000000	-117.951265
557.000000	32383.339276	-100062.045877	0.000000	-117.890755
557.500000	32383.339276	-100120.991254	0.000000	-117.830332
558.000000	32383.339276	-100179.906421	0.000000	-117.769998
558.500000	32383.339276	-100238.791420	0.000000	-117.709751
559.000000	32383.339276	-100297.646295	0.000000	-117.649591
559.500000	32383.339276	-100356.471091	0.000000	-117.589519
560.000000	32383.339276	-100415.265850	0.000000	-117.529533
560.500000	32383.339276	-100474.030616	0.000000	-117.469634
561.000000	32383.339276	-100532.765433	0.000000	-117.409822
561.500000	32383.339276	-100591.470344	0.000000	-117.350095
562.000000	32383.339276	-100650.145392	0.000000	-117.290455
562.500000	32383.339276	-100708.790619	0.000000	-117.230901
563.000000	32383.339276	-100767.406070	0.000000	-117.171433
563.500000	32383.339276	-100825.991786	0.000000	-117.112050
564.000000	32383.339276	-100884.547811	0.000000	-117.052752
564.500000	32383.339276	-100943.074187	0.000000	-116.993539
565.000000	32383.339276	-101001.570957	0.000000	-116.934411
565.500000	32383.339276	-101060.038162	0.000000	-116.875368
566.000000	32383.339276	-101118.475846	0.000000	-116.816409
566.500000	32383.339276	-101176.884051	0.000000	-116.757535
567.000000	32383.339276	-101235.262818	0.000000	-116.698744
567.500000	32383.339276	-101293.612191	0.000000	-116.640038
568.000000	32383.339276	-101351.932209	0.000000	-116.581415
568.500000	32383.339276	-101410.222917	0.000000	-116.522875
569.000000	32383.339276	-101468.484355	0.000000	-116.464419
569.500000	32383.339276	-101526.716564	0.000000	-116.406046
570.000000	32383.339276	-101584.919587	0.000000	-116.347756
570.500000	32383.339276	-101643.093465	0.000000	-116.289548
571.000000	32383.339276	-101701.238239	0.000000	-116.231423
571.500000	32383.339276	-101759.353951	0.000000	-116.173380
572.000000	32383.339276	-101817.440641	0.000000	-116.115420
572.500000	32383.339276	-101875.498351	0.000000	-116.057541
573.000000	32383.339276	-101933.527122	0.000000	-115.999744
573.500000	32383.339276	-101991.526994	0.000000	-115.942028
574.000000	32383.339276	-102049.498008	0.000000	-115.884394
574.500000	32383.339276	-102107.440205	0.000000	-115.826841
575.000000	32383.339276	-102165.353625	0.000000	-115.769369
575.500000	32383.339276	-102223.238309	0.000000	-115.711977
576.000000	32383.339276	-102281.094298	0.000000	-115.654667
576.500000	32383.339276	-102338.921631	0.000000	-115.597436
577.000000	32383.339276	-102396.720349	0.000000	-115.540286
577.500000	32383.339276	-102454.490492	0.000000	-115.483216
578.000000	32383.339276	-102512.232100	0.000000	-115.426225
578.500000	32383.339276	-102569.945213	0.000000	-115.369314
579.000000	32383.339276	-102627.629870	0.000000	-115.312483
579.500000	32383.339276	-102685.286112	0.000000	-115.255731
580.000000	32383.339276	-102742.913977	0.000000	-115.199058
580.500000	32383.339276	-102800.513506	0.000000	-115.142464
581.000000	32383.339276	-102858.084738	0.000000	-115.085949
581.500000	32383.339276	-102915.627713	0.000000	-115.029512
582.000000	32383.339276	-102973.142469	0.000000	-114.973154
582.500000	32383.339276	-103030.629046	0.000000	-114.916873
583.000000	32383.339276	-103088.087482	0.000000	-114.860671
583.500000	32383.339276	-103145.517818	0.000000	-114.804547
584.000000	32383.339276	-103202.920091	0.000000	-114.748500
584.500000	32383.339276	-103260.294341	0.000000	-114.692531
585.000000	32383.339276	-103317.640607	0.000000	-114.636639
585.500000	32383.339276	-103374.958926	0.000000	-114.580824
586.000000	32383.339276	-103432.249338	0.000000	-114.525086
586.500000	32383.339276	-103489.511881	0.000000	-114.469425
587.000000	32383.339276	-103546.746593	0.000000	-114.413840
587.500000	32383.339276	-103603.953513	0.000000	-114.358332
588.000000	32383.339276	-103661.132679	0.000000	-114.302900
588.500000	32383.339276	-103718.284129	0.000000	-114.247544
589.000000	32383.339276	-103775.407901	0.000000	-114.192264
589.500000	32383.339276	-103832.504032	0.000000	-114.137059
590.000000	32383.339276	-103889.572562	0.000000	-114.081931
590.500000	32383.339276	-103946.613527	0.000000	-114.026877
591.000000	32383.339276	-104003.626966	0.000000	-113.971899
591.500000	32383.339276	-104060.612916	0.000000	-113.916996
592.000000	32383.339276	-104117.571414	0.000000	-113.862168
592.500000	32383.339276	-104174.502497	0.000000	-113.807414
593.000000	32383.339276	-104231.406204	0.000000	-113.752735
593.500000	32383.339276	-104288.282572	0.000000	-113.698130
594.000000	32383.339276	-104345.131637	0.000000	-113.643600
594.500000	32383.339276	-104401.953437	0.000000	-113.589143
595.000000	32383.339276	-104458.748008	0.000000	-113.534760
595.500000	32383.339276	-104515.515388	0.000000	-113.480451
596.000000	32383.339276	-104572.255614	0.000000	-113.426216
596.500000	32383.339276	-104628.968722	0.000000	-113.372054
597.000000	32383.339276	-104685.654749	0.000000	-113.317965
597.500000	32383.339276	-104742.313731	0.000000	-113.263949
598.000000	32383.339276	-104798.945706	0.000000	-113.210006
598.500000	32383.339276	-104855.550709	0.000000	-113.156136
599.000000	32383.339276	-104912.128777	0.000000	-113.102338
599.500000	32383.339276	-104968.679946	0.000000	-113.048612
600.000000	32383.339276	-105025.204252	0.000000	-112.994959
600.500000	32383.339276	-105081.701731	0.000000	-112.941378
601.000000	32383.339276	-105138.172421	0.000000	-112.887869
601.500000	32383.339276	-105194.616355	0.000000	-112.834431
602.000000	32383.339276	-105251.033571	0.000000	-112.781066
602.500000	32383.339276	-105307.424103	0.000000	-112.727771
603.000000	32383.339276	-105363.787989	0.000000	-112.674548
603.500000	32383.339276	-105420.125263	0.000000	-112.621396
604.000000	32383.339276	-105476.435961	0.000000	-112.568314
604.500000	32383.339276	-105532.720118	0.000000	-112.515304
605.000000	32383.339276	-105588.977770	0.000000	-112.462364
605.500000	32383.339276	-105645.208952	0.000000	-112.409495
606.000000	32383.339276	-105701.413699	0.000000	-112.356696
606.500000	32383.339276	-105757.592047	0.000000	-112.303967
607.000000	32383.339276	-105813.744031	0.000000	-112.251308
607.500000	32383.339276	-105869.869685	0.000000	-112.198719
608.000000	32383.339276	-105925.969045	0.000000	-112.146200
608.500000	32383.339276	-105982.042145	0.000000	-112.093750
609.000000	32383.339276	-106038.089020	0.000000	-112.041370
609.500000	32383.339276	-106094.109705	0.000000	-111.989059
610.000000	32383.339276	-106150.104235	0.000000	-111.936817
610.500000	32383.339276	-106206.072643	0.000000	-111.884644
611.000000	32383.339276	-106262.014965	0.000000	-111.832540
611.500000	32383.339276	-106317.931235	0.000000	-111.780504
612.000000	32383.339276	-106373.821487	0.000000	-111.728537
612.500000	32383.339276	-106429.685756	0.000000	-111.676638
613.000000	32383.339276	-106485.524075	0.000000	-111.624808
613.500000	32383.339276	-106541.336479	0.000000	-111.573045
614.000000	32383.339276	-106597.123002	0.000000	-111.521351
614.500000	32383.339276	-106652.883677	0.000000	-111.469724
615.000000	32383.339276	-106708.618539	0.000000	-111.418165
615.500000	32383.339276	-106764.327621	0.000000	-111.366673
616.000000	32383.339276	-106820.010957	0.000000	-111.315248
616.500000	32383.339276	-106875.668581	0.000000	-111.263891
617.000000	32383.339276	-106931.300527	0.000000	-111.212600
617.500000	32383.339276	-106986.906827	0.000000	-111.161377
618.000000	32383.339276	-107042.487516	0.000000	-111.110220
618.500000	32383.339276	-107098.042626	0.000000	-111.059130
619.000000	32383.339276	-107153.572191	0.000000	-111.008106
619.500000	32383.339276	-107209.076244	0.000000	-110.957149
620.000000	32383.339276	-107264.554819	0.000000	-110.906258
620.500000	32383.339276	-107320.007947	0.000000	-110.855433
621.000000	32383.339276	-107375.435664	0.000000	-110.804673
621.500000	32383.339276	-107430.838000	0.000000	-110.753980
622.000000	32383.339276	-107486.214990	0.000000	-110.703351
622.500000	32383.339276	-107541.566666	0.000000	-110.652789
623.000000	32383.339276	-107596.893060	0.000000	-110.602292
623.500000	32383.339276	-107652.194206	0.000000	-110.551859
624.000000	32383.339276	-107707.470136	0.000000	-110.501492
624.500000	32383.339276	-107762.720882	0.000000	-110.451190
625.000000	32383.339276	-107817.946477	0.000000	-110.400953
625.500000	32383.339276	-107873.146953	0.000000	-110.350780
626.000000	32383.339276	-107928.322343	0.000000	-110.300671
626.500000	32383.339276	-107983.472679	0.000000	-110.250627
627.000000	32383.339276	-108038.597993	0.000000	-110.200648
627.500000	32383.339276	-108093.698317	0.000000	-110.150732
628.000000	32383.339276	-108148.773682	0.000000	-110.100880
628.500000	32383.339276	-108203.824122	0.000000	-110.051092
629.000000	32383.339276	-108258.849668	0.000000	-110.001368
629.500000	32383.339276	-108313.850352	0.000000	-109.951707
630.000000	32383.339276	-108368.826206	0.000000	-109.902109
630.500000	32383.339276	-108423.777260	0.000000	-109.852575
631.000000	32383.339276	-108478.703548	0.000000	-109.803104
631.500000	32383.339276	-108533.605100	0.000000	-109.753696
632.000000	32383.339276	-108588.481948	0.000000	-109.704351
632.500000	32383.339276	-108643.334123	0.000000	-109.655068
633.000000	32383.339276	-108698.161657	0.000000	-109.605848
633.500000	32383.339276	-108752.964581	0.000000	-109.556691
634.000000	32383.339276	-108807.742927	0.000000	-109.507596
634.500000	32383.339276	-108862.496724	0.000000	-109.458563
635.000000	32383.339276	-108917.226006	0.000000	-109.409592
635.500000	32383.339276	-108971.930802	0.000000	-109.360683
636.000000	32383.339276	-109026.611143	0.000000	-109.311836
636.500000	32383.339276	-109081.267061	0.000000	-109.263050
637.000000	32383.339276	-109135.898586	0.000000	-109.214326
637.500000	32383.339276	-109190.505749	0.000000	-109.165664
638.000000	32383.339276	-109245.088581	0.000000	-109.117063
638.500000	32383.339276	-109299.647112	0.000000	-109.068523
639.000000	32383.339276	-109354.181374	0.000000	-109.020044
639.500000	32383.339276	-109408.691395	0.000000	-108.971626
640.000000	32383.339276	-109463.177208	0.000000	-108.923268
640.500000	32383.339276	-109517.638842	0.000000	-108.874972
641.000000	32383.339276	-109572.076328	0.000000	-108.826735
641.500000	32383.339276	-109626.489696	0.000000	-108.778560
642.000000	32383.339276	-109680.878976	0.000000	-108.730444
642.500000	32383.339276	-109735.244198	0.000000	-108.682389
643.000000	32383.339276	-109789.585392	0.000000	-108.634394
643.500000	32383.339276	-109843.902589	0.000000	-108.586458
644.000000	32383.339276	-109898.195818	0.000000	-108.538583
644.500000	32383.339276	-109952.465110	0.000000	-108.490767
645.000000	32383.339276	-110006.710493	0.000000	-108.443011
645.500000	32383.339276	-110060.931999	0.000000	-108.395314
646.000000	32383.339276	-110115.129656	0.000000	-108.347676
646.500000	32383.339276	-110169.303494	0.000000	-108.300098
647.000000	32383.339276	-110223.453543	0.000000	-108.252578
647.500000	32383.339276	-110277.579832	0.000000	-108.205118
648.000000	32383.339276	-110331.682390	0.000000	-108.157716
648.500000	32383.339276	-110385.761248	0.000000	-108.110373
649.000000	32383.339276	-110439.816435	0.000000	-108.063088
649.500000	32383.339276	-110493.847979	0.000000	-108.015862
