0.000000	0.000000	0.000000	657.784835	239.414100
0.500000	328.892417	119.707050	648.575847	231.157303
1.000000	653.180341	235.285702	639.644467	223.069092
1.500000	973.002574	346.820248	630.978242	215.141840
2.000000	1288.491695	454.391167	622.565434	207.368362
2.500000	1599.774412	558.075348	614.394971	199.741888
3.000000	1906.971898	657.946292	606.456399	192.256031
3.500000	2210.200097	754.074308	598.739835	184.904762
4.000000	2509.570015	846.526689	591.235934	177.682383
4.500000	2805.187982	935.367881	583.935849	170.583510
5.000000	3097.155906	1020.659636	576.831197	163.603048
5.500000	3385.571505	1102.461160	569.914029	156.736175
6.000000	3670.528519	1180.829247	563.176804	149.978322
6.500000	3952.116922	1255.818408	556.612360	143.325160
7.000000	4230.423101	1327.480988	550.213889	136.772583
7.500000	4505.530046	1395.867280	543.974919	130.316695
8.000000	4777.517505	1461.025627	537.889289	123.953798
8.500000	5046.462150	1523.002526	531.951134	117.680381
9.000000	5312.437717	1581.842717	526.154861	111.493106
9.500000	5575.515147	1637.589270	520.495140	105.388802
10.000000	5835.762717	1690.283671	514.966884	99.364452
10.500000	6093.246159	1739.965897	509.565235	93.417187
11.000000	6348.028777	1786.674490	504.285554	87.544278
11.500000	6600.171554	1830.446629	499.123405	81.743125
12.000000	6849.733256	1871.318192	494.074544	76.011256
12.500000	7096.770528	1909.323820	489.134912	70.346315
13.000000	7341.337984	1944.496977	484.300620	64.746058
13.500000	7583.488294	1976.870006	479.567943	59.208347
14.000000	7823.272265	2006.474180	474.933311	53.731147
14.500000	8060.738921	2033.339753	470.393299	48.312517
15.000000	8295.935570	2057.496011	465.944623	42.950608
15.500000	8528.907882	2078.971315	461.584126	37.643659
16.000000	8759.699945	2097.793145	457.308781	32.389991
16.500000	8988.354335	2113.988140	453.115677	27.188004
17.000000	9214.912173	2127.582142	449.002015	22.036175
17.500000	9439.413181	2138.600230	444.965106	16.933051
18.000000	9661.895734	2147.066756	441.002361	11.877250
18.500000	9882.396914	2153.005380	437.111289	6.867454
19.000000	10100.952559	2156.439107	433.289492	1.902410
19.500000	10317.597304	2157.390312	429.534660	-3.019077
20.000000	10532.364634	2155.880774	425.844568	-7.898140
20.500000	10745.286918	2151.931704	422.217072	-12.735861
21.000000	10956.395454	2145.563773	418.650106	-17.533266
21.500000	11165.720507	2136.797140	415.141675	-22.291331
22.000000	11373.291344	2125.651475	411.689857	-27.010983
22.500000	11579.136273	2112.145983	408.292798	-31.693102
23.000000	11783.282672	2096.299432	404.948708	-36.338522
23.500000	11985.757026	2078.130171	401.655861	-40.948035
24.000000	12186.584957	2057.656154	398.412588	-45.522390
24.500000	12385.791251	2034.894959	395.217281	-50.062296
25.000000	12583.399891	2009.863811	392.068384	-54.568424
25.500000	12779.434083	1982.579599	388.964397	-59.041408
26.000000	12973.916282	1953.058895	385.903871	-63.481847
26.500000	13166.868217	1921.317971	382.885405	-67.890304
27.000000	13358.310920	1887.372819	379.907646	-72.267311
27.500000	13548.264743	1851.239164	376.969288	-76.613366
28.000000	13736.749386	1812.932480	374.069069	-80.928940
28.500000	13923.783921	1772.468010	371.205769	-85.214472
29.000000	14109.386805	1729.860774	368.378212	-89.470375
29.500000	14293.575912	1685.125587	365.585259	-93.697033
30.000000	14476.368541	1638.277070	362.825813	-97.894805
30.500000	14657.781448	1589.329668	360.098811	-102.064027
31.000000	14837.830853	1538.297654	357.403229	-106.205009
31.500000	15016.532467	1485.195150	354.738078	-110.318040
32.000000	15193.901507	1430.036130	352.102404	-114.403386
32.500000	15369.952709	1372.834437	349.495284	-118.461293
33.000000	15544.700351	1313.603791	346.915828	-122.491988
33.500000	15718.158265	1252.357797	344.363179	-126.495677
34.000000	15890.339854	1189.109959	341.836509	-130.472550
34.500000	16061.258109	1123.873684	339.335020	-134.422778
35.000000	16230.925619	1056.662295	336.857942	-138.346519
35.500000	16399.354590	987.489035	334.404533	-142.243911
36.000000	16566.556857	916.367080	331.974080	-146.115082
36.500000	16732.543897	843.309539	329.565893	-149.960143
37.000000	16897.326843	768.329467	327.179310	-153.779192
37.500000	17060.916499	691.439871	324.813695	-157.572317
38.000000	17223.323346	612.653713	322.468432	-161.339593
38.500000	17384.557562	531.983916	320.142933	-165.081083
39.000000	17544.629028	449.443375	317.836630	-168.796843
39.500000	17703.547343	365.044954	315.548979	-172.486916
40.000000	17861.321833	278.801496	313.279457	-176.151338
40.500000	18017.961561	190.725827	311.027561	-179.790138
41.000000	18173.475342	100.830758	308.792810	-183.403336
41.500000	18327.871746	9.129090	306.574742	-186.990944
42.000000	18481.159117	-84.366382	304.372915	-190.552971
42.500000	18633.345575	-179.642868	302.186904	-194.089417
43.000000	18784.439027	-276.687576	300.016305	-197.600278
43.500000	18934.447179	-375.487715	297.860729	-201.085547
44.000000	19083.377543	-476.030489	295.719805	-204.545211
44.500000	19231.237446	-578.303094	293.593179	-207.979254
45.000000	19378.034035	-682.292721	291.480513	-211.387657
45.500000	19523.774291	-787.986549	289.381483	-214.770398
46.000000	19668.465033	-895.371748	287.295784	-218.127453
46.500000	19812.112925	-1004.435475	285.223121	-221.458797
47.000000	19954.724485	-1115.164873	283.163216	-224.764403
47.500000	20096.306093	-1227.547075	281.115803	-228.044243
48.000000	20236.863995	-1341.569197	279.080631	-231.298290
48.500000	20376.404311	-1457.218342	277.057461	-234.526513
49.000000	20514.933041	-1574.481598	275.046066	-237.728886
49.500000	20652.456074	-1693.346041	273.046230	-240.905381
50.000000	20788.979189	-1813.798732	271.057751	-244.055970
50.500000	20924.508065	-1935.826716	269.080437	-247.180628
51.000000	21059.048283	-2059.417030	267.114105	-250.279331
51.500000	21192.605336	-2184.556696	265.158583	-253.352056
52.000000	21325.184627	-2311.232724	263.213712	-256.398782
52.500000	21456.791483	-2439.432115	261.279338	-259.419491
53.000000	21587.431152	-2569.141860	259.355319	-262.414168
53.500000	21717.108812	-2700.348944	257.441520	-265.382797
54.000000	21845.829571	-2833.040343	255.537816	-268.325370
54.500000	21973.598479	-2967.203028	253.644088	-271.241877
55.000000	22100.420523	-3102.823967	251.760228	-274.132315
55.500000	22226.300638	-3239.890124	249.886133	-276.996682
56.000000	22351.243704	-3378.388465	248.021706	-279.834981
56.500000	22475.254557	-3518.305956	246.166859	-282.647216
57.000000	22598.337986	-3659.629564	244.321510	-285.433398
57.500000	22720.498741	-3802.346263	242.485582	-288.193540
58.000000	22841.741532	-3946.443033	240.659006	-290.927658
58.500000	22962.071035	-4091.906862	238.841715	-293.635773
59.000000	23081.491893	-4238.724749	237.033651	-296.317911
59.500000	23200.008719	-4386.883705	235.234760	-298.974100
60.000000	23317.626098	-4536.370755	233.444990	-301.604374
60.500000	23434.348593	-4687.172942	231.664297	-304.208769
61.000000	23550.180742	-4839.277326	229.892640	-306.787327
61.500000	23665.127062	-4992.670989	228.129982	-309.340093
62.000000	23779.192053	-5147.341036	226.376290	-311.867118
62.500000	23892.380198	-5303.274595	224.631533	-314.368456
63.000000	24004.695965	-5460.458823	222.895686	-316.844164
63.500000	24116.143808	-5618.880905	221.168725	-319.294304
64.000000	24226.728170	-5778.528057	219.450630	-321.718945
64.500000	24336.453485	-5939.387529	217.741383	-324.118156
65.000000	24445.324177	-6101.446607	216.040970	-326.492012
65.500000	24553.344662	-6264.692613	214.349378	-328.840592
66.000000	24660.519351	-6429.112909	212.666596	-331.163979
66.500000	24766.852649	-6594.694899	210.992616	-333.462261
67.000000	24872.348957	-6761.426029	209.327431	-335.735528
67.500000	24977.012672	-6929.293793	207.671037	-337.983875
68.000000	25080.848190	-7098.285730	206.023430	-340.207400
68.500000	25183.859905	-7268.389430	204.384608	-342.406207
69.000000	25286.052209	-7439.592534	202.754572	-344.580402
69.500000	25387.429495	-7611.882735	201.133321	-346.730093
70.000000	25487.996156	-7785.247781	199.520857	-348.855396
70.500000	25587.756584	-7959.675479	197.917182	-350.956426
71.000000	25686.715175	-8135.153692	196.322301	-353.033304
71.500000	25784.876325	-8311.670344	194.736216	-355.086154
72.000000	25882.244433	-8489.213421	193.158933	-357.115101
72.500000	25978.823900	-8667.770972	191.590456	-359.120278
73.000000	26074.619127	-8847.331111	190.030790	-361.101816
73.500000	26169.634523	-9027.882019	188.479942	-363.059851
74.000000	26263.874494	-9209.411944	186.937918	-364.994523
74.500000	26357.343453	-9391.909206	185.404722	-366.905974
75.000000	26450.045814	-9575.362193	183.880362	-368.794347
75.500000	26541.985995	-9759.759366	182.364843	-370.659790
76.000000	26633.168416	-9945.089261	180.858171	-372.502453
76.500000	26723.597502	-10131.340488	179.360352	-374.322487
77.000000	26813.277678	-10318.501731	177.871391	-376.120047
77.500000	26902.213374	-10506.561755	176.391294	-377.895289
78.000000	26990.409021	-10695.509399	174.920065	-379.648373
78.500000	27077.869053	-10885.333586	173.457708	-381.379459
79.000000	27164.597907	-11076.023315	172.004228	-383.088710
79.500000	27250.600022	-11267.567670	170.559629	-384.776290
80.000000	27335.879836	-11459.955815	169.123912	-386.442366
80.500000	27420.441792	-11653.176998	167.697081	-388.087106
81.000000	27504.290333	-11847.220551	166.279138	-389.710679
81.500000	27587.429902	-12042.075891	164.870082	-391.313257
82.000000	27669.864943	-12237.732519	163.469916	-392.895013
82.500000	27751.599901	-12434.180026	162.078639	-394.456119
83.000000	27832.639220	-12631.408085	160.696249	-395.996752
83.500000	27912.987345	-12829.406461	159.322745	-397.517087
84.000000	27992.648717	-13028.165005	157.958126	-399.017302
84.500000	28071.627780	-13227.673656	156.602386	-400.497575
85.000000	28149.928973	-13427.922444	155.255523	-401.958086
85.500000	28227.556735	-13628.901486	153.917532	-403.399013
86.000000	28304.515501	-13830.600993	152.588407	-404.820538
86.500000	28380.809705	-14033.011262	151.268141	-406.222842
87.000000	28456.443775	-14236.122683	149.956727	-407.606108
87.500000	28531.422139	-14439.925737	148.654157	-408.970517
88.000000	28605.749217	-14644.410995	147.360422	-410.316252
88.500000	28679.429428	-14849.569121	146.075512	-411.643496
89.000000	28752.467184	-15055.390869	144.799416	-412.952433
89.500000	28824.866892	-15261.867086	143.532122	-414.243247
90.000000	28896.632953	-15468.988709	142.273618	-415.516121
90.500000	28967.769762	-15676.746770	141.023890	-416.771239
91.000000	29038.281707	-15885.132389	139.782925	-418.008784
91.500000	29108.173169	-16094.136781	138.550706	-419.228942
92.000000	29177.448522	-16303.751252	137.327219	-420.431894
92.500000	29246.112132	-16513.967199	136.112446	-421.617825
93.000000	29314.168355	-16724.776112	134.906369	-422.786918
93.500000	29381.621540	-16936.169571	133.708971	-423.939356
94.000000	29448.476025	-17148.139249	132.520230	-425.075322
94.500000	29514.736140	-17360.676910	131.340129	-426.194997
95.000000	29580.406204	-17573.774408	130.168644	-427.298563
95.500000	29645.490526	-17787.423690	129.005755	-428.386201
96.000000	29709.993404	-18001.616790	127.851439	-429.458093
96.500000	29773.919124	-18216.345837	126.705673	-430.514418
97.000000	29837.271960	-18431.603046	125.568432	-431.555355
97.500000	29900.056176	-18647.380723	124.439691	-432.581083
98.000000	29962.276021	-18863.671264	123.319425	-433.591780
98.500000	30023.935734	-19080.467155	122.207608	-434.587624
99.000000	30085.039538	-19297.760966	121.104211	-435.568790
99.500000	30145.591644	-19515.545361	120.009209	-436.535454
100.000000	30205.596248	-19733.813088	118.922571	-437.487791
100.500000	30265.057533	-19952.556984	117.844268	-438.425974
101.000000	30323.979667	-20171.769971	116.774272	-439.350176
101.500000	30382.366803	-20391.445059	115.712551	-440.260569
102.000000	30440.223079	-20611.575344	114.659074	-441.157324
102.500000	30497.552616	-20832.154005	113.613810	-442.040609
103.000000	30554.359521	-21053.174310	112.576725	-442.910594
103.500000	30610.647884	-21274.629607	111.547788	-443.767446
104.000000	30666.421778	-21496.513330	110.526964	-444.611332
104.500000	30721.685260	-21718.818996	109.514220	-445.442417
105.000000	30776.442370	-21941.540204	108.509521	-446.260864
105.500000	30830.697130	-22164.670636	107.512831	-447.066836
106.000000	30884.453546	-22388.204054	106.524116	-447.860495
106.500000	30937.715604	-22612.134302	105.543339	-448.642002
107.000000	30990.487273	-22836.455303	104.570462	-449.411515
107.500000	31042.772505	-23061.161060	103.605451	-450.169192
108.000000	31094.575230	-23286.245657	102.648265	-450.915190
108.500000	31145.899363	-23511.703252	101.698869	-451.649664
109.000000	31196.748797	-23737.528084	100.757223	-452.372768
109.500000	31247.127409	-23963.714468	99.823289	-453.084654
110.000000	31297.039053	-24190.256795	98.897027	-453.785474
110.500000	31346.487566	-24417.149532	97.978397	-454.475377
111.000000	31395.476765	-24644.387221	97.067361	-455.154513
111.500000	31444.010446	-24871.964477	96.163878	-455.823027
112.000000	31492.092385	-25099.875991	95.267907	-456.481066
112.500000	31539.726338	-25328.116524	94.379407	-457.128774
113.000000	31586.916042	-25556.680911	93.498338	-457.766295
113.500000	31633.665211	-25785.564058	92.624657	-458.393769
114.000000	31679.977540	-26014.760943	91.758324	-459.011337
114.500000	31725.856701	-26244.266611	90.899295	-459.619138
115.000000	31771.306349	-26474.076180	90.047530	-460.217308
115.500000	31816.330114	-26704.184835	89.202985	-460.805985
116.000000	31860.931606	-26934.587827	88.365617	-461.385302
116.500000	31905.114415	-27165.280478	87.535385	-461.955392
117.000000	31948.882108	-27396.258174	86.712245	-462.516388
117.500000	31992.238230	-27627.516368	85.896153	-463.068419
118.000000	32035.186307	-27859.050578	85.087067	-463.611614
118.500000	32077.729840	-28090.856385	84.284943	-464.146101
119.000000	32119.872312	-28322.929436	83.489737	-464.672006
119.500000	32161.617180	-28555.265438	82.701405	-465.189453
120.000000	32202.967883	-28787.860165	81.919904	-465.698565
120.500000	32243.927835	-29020.709447	81.145189	-466.199464
121.000000	32284.500429	-29253.809180	80.377217	-466.692272
121.500000	32324.689038	-29487.155315	79.615943	-467.177105
122.000000	32364.497010	-29720.743868	78.861323	-467.654083
122.500000	32403.927671	-29954.570909	78.113313	-468.123321
123.000000	32442.984328	-30188.632570	77.371868	-468.584934
123.500000	32481.670262	-30422.925037	76.636944	-469.039036
124.000000	32519.988734	-30657.444555	75.908497	-469.485738
124.500000	32557.942982	-30892.187424	75.186481	-469.925152
125.000000	32595.536223	-31127.150000	74.470853	-470.357386
125.500000	32632.771649	-31362.328692	73.761569	-470.782549
126.000000	32669.652433	-31597.719967	73.058583	-471.200747
126.500000	32706.181725	-31833.320340	72.361851	-471.612085
127.000000	32742.362650	-32069.126383	71.671329	-472.016668
127.500000	32778.198314	-32305.134717	70.986972	-472.414598
128.000000	32813.691801	-32541.342016	70.308737	-472.805977
128.500000	32848.846169	-32777.745005	69.636578	-473.190904
129.000000	32883.664458	-33014.340457	68.970452	-473.569479
129.500000	32918.149684	-33251.125196	68.310315	-473.941798
130.000000	32952.304841	-33488.096095	67.656121	-474.307959
130.500000	32986.132902	-33725.250075	67.007828	-474.668055
131.000000	33019.636816	-33962.584102	66.365391	-475.022181
131.500000	33052.819512	-34200.095193	65.728767	-475.370428
132.000000	33085.683895	-34437.780407	65.097912	-475.712889
132.500000	33118.232851	-34675.636851	64.472781	-476.049653
133.000000	33150.469242	-34913.661678	63.853332	-476.380809
133.500000	33182.395908	-35151.852083	63.239521	-476.706445
134.000000	33214.015669	-35390.205305	62.631305	-477.026646
134.500000	33245.331321	-35628.718629	62.028641	-477.341499
135.000000	33276.345642	-35867.389378	61.431485	-477.651086
135.500000	33307.061385	-36106.214921	60.839795	-477.955491
136.000000	33337.481283	-36345.192667	60.253528	-478.254796
136.500000	33367.608047	-36584.320065	59.672642	-478.549081
137.000000	33397.444368	-36823.594606	59.097093	-478.838426
137.500000	33426.992914	-37063.013819	58.526840	-479.122909
138.000000	33456.256334	-37302.575273	57.961840	-479.402606
138.500000	33485.237254	-37542.276576	57.402052	-479.677595
139.000000	33513.938280	-37782.115374	56.847433	-479.947951
139.500000	33542.361996	-38022.089349	56.297943	-480.213746
140.000000	33570.510968	-38262.196222	55.753539	-480.475055
140.500000	33598.387737	-38502.433749	55.214180	-480.731949
141.000000	33625.994827	-38742.799724	54.679826	-480.984498
141.500000	33653.334740	-38983.291973	54.150435	-481.232774
142.000000	33680.409957	-39223.908360	53.625966	-481.476844
142.500000	33707.222940	-39464.646781	53.106380	-481.716776
143.000000	33733.776130	-39705.505169	52.591635	-481.952637
143.500000	33760.071948	-39946.481488	52.081693	-482.184493
144.000000	33786.112794	-40187.573734	51.576512	-482.412409
144.500000	33811.901050	-40428.779939	51.076053	-482.636449
145.000000	33837.439076	-40670.098163	50.580276	-482.856675
145.500000	33862.729214	-40911.526501	50.089143	-483.073150
146.000000	33887.773786	-41153.063075	49.602614	-483.285934
146.500000	33912.575093	-41394.706042	49.120651	-483.495089
147.000000	33937.135418	-41636.453587	48.643214	-483.700672
147.500000	33961.457025	-41878.303923	48.170265	-483.902743
148.000000	33985.542157	-42120.255294	47.701766	-484.101359
148.500000	34009.393041	-42362.305974	47.237680	-484.296577
149.000000	34033.011881	-42604.454263	46.777968	-484.488453
149.500000	34056.400864	-42846.698489	46.322592	-484.677040
150.000000	34079.562160	-43089.037009	45.871516	-484.862395
150.500000	34102.497918	-43331.468206	45.424702	-485.044569
151.000000	34125.210270	-43573.990491	44.982114	-485.223615
151.500000	34147.701327	-43816.602298	44.543715	-485.399585
152.000000	34169.973184	-44059.302091	44.109468	-485.572530
152.500000	34192.027918	-44302.088356	43.679337	-485.742500
153.000000	34213.867586	-44544.959606	43.253287	-485.909544
153.500000	34235.494229	-44787.914378	42.831281	-486.073711
154.000000	34256.909870	-45030.951233	42.413284	-486.235048
154.500000	34278.116512	-45274.068758	41.999262	-486.393603
155.000000	34299.116143	-45517.265559	41.589178	-486.549422
155.500000	34319.910732	-45760.540270	41.182998	-486.702550
156.000000	34340.502231	-46003.891545	40.780688	-486.853032
156.500000	34360.892575	-46247.318061	40.382214	-487.000913
157.000000	34381.083682	-46490.818517	39.987540	-487.146236
157.500000	34401.077452	-46734.391635	39.596634	-487.289044
158.000000	34420.875769	-46978.036157	39.209462	-487.429378
158.500000	34440.480500	-47221.750846	38.825991	-487.567281
159.000000	34459.893495	-47465.534487	38.446186	-487.702793
159.500000	34479.116588	-47709.385883	38.070017	-487.835955
160.000000	34498.151597	-47953.303861	37.697449	-487.966805
160.500000	34517.000321	-48197.287264	37.328451	-488.095383
161.000000	34535.664547	-48441.334955	36.962990	-488.221728
161.500000	34554.146041	-48685.445819	36.601034	-488.345875
162.000000	34572.446558	-48929.618757	36.242552	-488.467864
162.500000	34590.567835	-49173.852689	35.887512	-488.587730
163.000000	34608.511591	-49418.146553	35.535884	-488.705508
163.500000	34626.279533	-49662.499307	35.187635	-488.821236
164.000000	34643.873350	-49906.909925	34.842736	-488.934946
164.500000	34661.294718	-50151.377398	34.501155	-489.046673
165.000000	34678.545296	-50395.900735	34.162863	-489.156452
165.500000	34695.626727	-50640.478961	33.827829	-489.264314
166.000000	34712.540642	-50885.111118	33.496024	-489.370293
166.500000	34729.288653	-51129.796265	33.167418	-489.474421
167.000000	34745.872362	-51374.533475	32.841981	-489.576729
167.500000	34762.293353	-51619.321840	32.519685	-489.677247
168.000000	34778.553195	-51864.160463	32.200500	-489.776008
168.500000	34794.653445	-52109.048467	31.884399	-489.873039
169.000000	34810.595645	-52353.984987	31.571352	-489.968372
169.500000	34826.381320	-52598.969173	31.261331	-490.062035
170.000000	34842.011986	-52844.000190	30.954308	-490.154056
170.500000	34857.489140	-53089.077218	30.650256	-490.244464
171.000000	34872.814268	-53334.199450	30.349147	-490.333286
171.500000	34887.988841	-53579.366093	30.050953	-490.420549
172.000000	34903.014318	-53824.576368	29.755648	-490.506281
172.500000	34917.892142	-54069.829508	29.463205	-490.590507
173.000000	34932.623745	-54315.124762	29.173597	-490.673253
173.500000	34947.210543	-54560.461388	28.886797	-490.754545
174.000000	34961.653942	-54805.838660	28.602780	-490.834407
174.500000	34975.955332	-55051.255864	28.321519	-490.912864
175.000000	34990.116091	-55296.712296	28.042989	-490.989941
175.500000	35004.137585	-55542.207267	27.767163	-491.065661
176.000000	35018.021167	-55787.740097	27.494018	-491.140047
176.500000	35031.768176	-56033.310121	27.223527	-491.213123
177.000000	35045.379939	-56278.916682	26.955665	-491.284911
177.500000	35058.857772	-56524.559138	26.690409	-491.355433
178.000000	35072.202976	-56770.236854	26.427732	-491.424711
178.500000	35085.416842	-57015.949210	26.167612	-491.492767
179.000000	35098.500649	-57261.695594	25.910024	-491.559622
179.500000	35111.455661	-57507.475404	25.654944	-491.625296
180.000000	35124.283133	-57753.288052	25.402348	-491.689810
180.500000	35136.984307	-57999.132957	25.152214	-491.753184
181.000000	35149.560414	-58245.009549	24.904517	-491.815438
181.500000	35162.012672	-58490.917268	24.659234	-491.876591
182.000000	35174.342289	-58736.855564	24.416344	-491.936663
182.500000	35186.550461	-58982.823895	24.175822	-491.995671
183.000000	35198.638372	-59228.821731	23.937647	-492.053635
183.500000	35210.607196	-59474.848548	23.701796	-492.110573
184.000000	35222.458094	-59720.903835	23.468248	-492.166502
184.500000	35234.192218	-59966.987086	23.236980	-492.221440
185.000000	35245.810708	-60213.097806	23.007970	-492.275405
185.500000	35257.314693	-60459.235508	22.781198	-492.328412
186.000000	35268.705292	-60705.399714	22.556641	-492.380480
186.500000	35279.983612	-60951.589954	22.334279	-492.431624
187.000000	35291.150752	-61197.805766	22.114091	-492.481860
187.500000	35302.207797	-61444.046696	21.896056	-492.531205
188.000000	35313.155825	-61690.312299	21.680153	-492.579673
188.500000	35323.995901	-61936.602135	21.466362	-492.627280
189.000000	35334.729082	-62182.915775	21.254663	-492.674042
189.500000	35345.356414	-62429.252796	21.045036	-492.719972
190.000000	35355.878931	-62675.612782	20.837460	-492.765086
190.500000	35366.297662	-62921.995325	20.631917	-492.809397
191.000000	35376.613620	-63168.400023	20.428387	-492.852920
191.500000	35386.827814	-63414.826483	20.226851	-492.895669
192.000000	35396.941239	-63661.274317	20.027288	-492.937656
192.500000	35406.954883	-63907.743146	19.829681	-492.978896
193.000000	35416.869724	-64154.232594	19.634011	-493.019402
193.500000	35426.686729	-64400.742295	19.440258	-493.059186
194.000000	35436.406858	-64647.271888	19.248405	-493.098261
194.500000	35446.031061	-64893.821018	19.058434	-493.136639
195.000000	35455.560278	-65140.389338	18.870325	-493.174334
195.500000	35464.995441	-65386.976505	18.684062	-493.211356
196.000000	35474.337472	-65633.582182	18.499626	-493.247717
196.500000	35483.587285	-65880.206041	18.317000	-493.283430
197.000000	35492.745784	-66126.847756	18.136166	-493.318505
197.500000	35501.813867	-66373.507008	17.957107	-493.352954
198.000000	35510.792420	-66620.183485	17.779805	-493.386788
198.500000	35519.682323	-66866.876879	17.604245	-493.420017
199.000000	35528.484446	-67113.586887	17.430409	-493.452653
199.500000	35537.199650	-67360.313213	17.258280	-493.484705
200.000000	35545.828790	-67607.055566	17.087842	-493.516184
200.500000	35554.372711	-67853.813658	16.919078	-493.547101
201.000000	35562.832250	-68100.587208	16.751973	-493.577464
201.500000	35571.208236	-68347.375940	16.586510	-493.607284
202.000000	35579.501491	-68594.179583	16.422673	-493.636571
202.500000	35587.712828	-68840.997868	16.260447	-493.665333
203.000000	35595.843051	-69087.830535	16.099815	-493.693581
203.500000	35603.892958	-69334.677325	15.940763	-493.721323
204.000000	35611.863340	-69581.537987	15.783275	-493.748567
204.500000	35619.754977	-69828.412270	15.627336	-493.775324
205.000000	35627.568646	-70075.299932	15.472931	-493.801601
205.500000	35635.305111	-70322.200733	15.320045	-493.827407
206.000000	35642.965133	-70569.114436	15.168663	-493.852750
206.500000	35650.549465	-70816.040811	15.018771	-493.877639
207.000000	35658.058850	-71062.979631	14.870353	-493.902082
207.500000	35665.494027	-71309.930672	14.723397	-493.926086
208.000000	35672.855725	-71556.893715	14.577887	-493.949659
208.500000	35680.144669	-71803.868544	14.433809	-493.972809
209.000000	35687.361573	-72050.854948	14.291150	-493.995543
209.500000	35694.507148	-72297.852720	14.149896	-494.017869
210.000000	35701.582096	-72544.861654	14.010032	-494.039794
210.500000	35708.587112	-72791.881551	13.871546	-494.061326
211.000000	35715.522886	-73038.912214	13.734425	-494.082470
211.500000	35722.390098	-73285.953449	13.598653	-494.103234
212.000000	35729.189424	-73533.005066	13.464220	-494.123625
212.500000	35735.921534	-73780.066879	13.331111	-494.143649
213.000000	35742.587090	-74027.138703	13.199313	-494.163314
213.500000	35749.186746	-74274.220360	13.068814	-494.182624
214.000000	35755.721153	-74521.311672	12.939601	-494.201587
214.500000	35762.190954	-74768.412466	12.811662	-494.220209
215.000000	35768.596785	-75015.522570	12.684984	-494.238496
215.500000	35774.939277	-75262.641818	12.559554	-494.256453
216.000000	35781.219054	-75509.770045	12.435362	-494.274087
216.500000	35787.436735	-75756.907088	12.312393	-494.291403
217.000000	35793.592931	-76004.052790	12.190637	-494.308408
217.500000	35799.688250	-76251.206994	12.070082	-494.325106
218.000000	35805.723291	-76498.369547	11.950715	-494.341503
218.500000	35811.698648	-76745.540298	11.832526	-494.357605
219.000000	35817.614911	-76992.719100	11.715503	-494.373416
219.500000	35823.472663	-77239.905808	11.599633	-494.388942
220.000000	35829.272480	-77487.100279	11.484907	-494.404188
220.500000	35835.014933	-77734.302373	11.371313	-494.419159
221.000000	35840.700590	-77981.511953	11.258839	-494.433860
221.500000	35846.330009	-78228.728883	11.147475	-494.448296
222.000000	35851.903747	-78475.953031	11.037210	-494.462471
222.500000	35857.422352	-78723.184267	10.928033	-494.476390
223.000000	35862.886369	-78970.422462	10.819934	-494.490058
223.500000	35868.296336	-79217.667491	10.712901	-494.503479
224.000000	35873.652787	-79464.919231	10.606925	-494.516658
224.500000	35878.956249	-79712.177560	10.501995	-494.529599
225.000000	35884.207247	-79959.442359	10.398101	-494.542305
225.500000	35889.406297	-80206.713512	10.295232	-494.554782
226.000000	35894.553913	-80453.990903	10.193379	-494.567034
226.500000	35899.650602	-80701.274420	10.092531	-494.579064
227.000000	35904.696868	-80948.563952	9.992679	-494.590876
227.500000	35909.693208	-81195.859390	9.893813	-494.602475
228.000000	35914.640114	-81443.160628	9.795924	-494.613864
228.500000	35919.538076	-81690.467560	9.699001	-494.625047
229.000000	35924.387576	-81937.780084	9.603035	-494.636028
229.500000	35929.189094	-82185.098098	9.508017	-494.646810
230.000000	35933.943102	-82432.421503	9.413937	-494.657397
230.500000	35938.650071	-82679.750201	9.320787	-494.667792
231.000000	35943.310464	-82927.084097	9.228557	-494.677999
231.500000	35947.924743	-83174.423096	9.137237	-494.688021
232.000000	35952.493361	-83421.767107	9.046820	-494.697861
232.500000	35957.016771	-83669.116037	8.957297	-494.707523
233.000000	35961.495420	-83916.469799	8.868657	-494.717010
233.500000	35965.929748	-84163.828304	8.780894	-494.726325
234.000000	35970.320195	-84411.191466	8.693997	-494.735472
234.500000	35974.667194	-84658.559202	8.607959	-494.744452
235.000000	35978.971173	-84905.931428	8.522772	-494.753270
235.500000	35983.232559	-85153.308063	8.438426	-494.761927
236.000000	35987.451772	-85400.689027	8.354913	-494.770428
236.500000	35991.629229	-85648.074241	8.272226	-494.778775
237.000000	35995.765342	-85895.463628	8.190356	-494.786970
237.500000	35999.860520	-86142.857113	8.109296	-494.795016
238.000000	36003.915168	-86390.254621	8.029036	-494.802916
238.500000	36007.929686	-86637.656079	7.949570	-494.810673
239.000000	36011.904471	-86885.061415	7.870889	-494.818289
239.500000	36015.839915	-87132.470560	7.792986	-494.825767
240.000000	36019.736408	-87379.883443	7.715853	-494.833109
240.500000	36023.594335	-87627.299998	7.639483	-494.840317
241.000000	36027.414076	-87874.720156	7.563867	-494.847395
241.500000	36031.196010	-88122.143854	7.488999	-494.854344
242.000000	36034.940509	-88369.571026	7.414871	-494.861167
242.500000	36038.647945	-88617.001609	7.341476	-494.867865
243.000000	36042.318683	-88864.435542	7.268807	-494.874442
243.500000	36045.953087	-89111.872763	7.196857	-494.880900
244.000000	36049.551515	-89359.313213	7.125617	-494.887240
244.500000	36053.114324	-89606.756833	7.055082	-494.893465
245.000000	36056.641865	-89854.203565	6.985245	-494.899576
245.500000	36060.134487	-90101.653353	6.916098	-494.905576
246.000000	36063.592537	-90349.106141	6.847635	-494.911467
246.500000	36067.016354	-90596.561875	6.779849	-494.917251
247.000000	36070.406279	-90844.020501	6.712734	-494.922930
247.500000	36073.762646	-91091.481966	6.646282	-494.928505
248.000000	36077.085787	-91338.946218	6.580487	-494.933979
248.500000	36080.376030	-91586.413208	6.515343	-494.939353
249.000000	36083.633702	-91833.882884	6.450844	-494.944629
249.500000	36086.859124	-92081.355199	6.386982	-494.949810
250.000000	36090.052615	-92328.830104	6.323752	-494.954895
250.500000	36093.214491	-92576.307551	6.261148	-494.959888
251.000000	36096.345065	-92823.787496	6.199162	-494.964791
251.500000	36099.444646	-93071.269891	6.137790	-494.969603
252.000000	36102.513541	-93318.754693	6.077025	-494.974329
252.500000	36105.552054	-93566.241857	6.016861	-494.978968
253.000000	36108.560485	-93813.731341	5.957292	-494.983522
253.500000	36111.539131	-94061.223102	5.898313	-494.987993
254.000000	36114.488287	-94308.717099	5.839917	-494.992383
254.500000	36117.408246	-94556.213290	5.782099	-494.996693
255.000000	36120.299295	-94803.711637	5.724852	-495.000924
255.500000	36123.161721	-95051.212099	5.668172	-495.005078
256.000000	36125.995807	-95298.714638	5.612053	-495.009156
256.500000	36128.801834	-95546.219216	5.556489	-495.013160
257.000000	36131.580078	-95793.725796	5.501475	-495.017091
257.500000	36134.330816	-96041.234342	5.447005	-495.020950
258.000000	36137.054318	-96288.744816	5.393074	-495.024738
258.500000	36139.750856	-96536.257186	5.339677	-495.028458
259.000000	36142.420694	-96783.771414	5.286808	-495.032109
259.500000	36145.064098	-97031.287469	5.234462	-495.035694
260.000000	36147.681329	-97278.805316	5.182635	-495.039213
260.500000	36150.272647	-97526.324922	5.131320	-495.042668
261.000000	36152.838306	-97773.846256	5.080512	-495.046060
261.500000	36155.378563	-98021.369286	5.030208	-495.049390
262.000000	36157.893667	-98268.893981	4.980401	-495.052659
262.500000	36160.383867	-98516.420310	4.931088	-495.055868
263.000000	36162.849411	-98763.948244	4.882262	-495.059018
263.500000	36165.290542	-99011.477753	4.833919	-495.062112
264.000000	36167.707502	-99259.008809	4.786055	-495.065148
264.500000	36170.100530	-99506.541383	4.738665	-495.068129
265.000000	36172.469862	-99754.075447	4.691744	-495.071055
265.500000	36174.815734	-100001.610975	4.645287	-495.073928
266.000000	36177.138377	-100249.147939	4.599289	-495.076749
266.500000	36179.438022	-100496.686313	4.553747	-495.079517
267.000000	36181.714896	-100744.226072	4.508656	-495.082235
267.500000	36183.969224	-100991.767190	4.464011	-495.084904
268.000000	36186.201229	-101239.309642	4.419808	-495.087523
268.500000	36188.411133	-101486.853403	4.376042	-495.090095
269.000000	36190.599154	-101734.398450	4.332710	-495.092619
269.500000	36192.765509	-101981.944760	4.289807	-495.095097
270.000000	36194.910413	-102229.492309	4.247328	-495.097530
270.500000	36197.034077	-102477.041074	4.205269	-495.099919
271.000000	36199.136711	-102724.591033	4.163627	-495.102263
271.500000	36201.218525	-102972.142165	4.122397	-495.104565
272.000000	36203.279724	-103219.694447	4.081576	-495.106824
272.500000	36205.320512	-103467.247859	4.041158	-495.109042
273.000000	36207.341091	-103714.802380	4.001140	-495.111220
273.500000	36209.341661	-103962.357990	3.961519	-495.113357
274.000000	36211.322420	-104209.914669	3.922290	-495.115456
274.500000	36213.283565	-104457.472397	3.883449	-495.117515
275.000000	36215.225289	-104705.031154	3.844992	-495.119538
275.500000	36217.147785	-104952.590923	3.806916	-495.121523
276.000000	36219.051244	-105200.151684	3.769218	-495.123471
276.500000	36220.935852	-105447.713420	3.731892	-495.125384
277.000000	36222.801798	-105695.276112	3.694936	-495.127262
277.500000	36224.649266	-105942.839743	3.658346	-495.129105
278.000000	36226.478439	-106190.404296	3.622117	-495.130915
278.500000	36228.289498	-106437.969753	3.586248	-495.132691
279.000000	36230.082622	-106685.536099	3.550734	-495.134435
279.500000	36231.857989	-106933.103316	3.515571	-495.136147
280.000000	36233.615774	-107180.671390	3.480756	-495.137827
280.500000	36235.356152	-107428.240303	3.446287	-495.139477
281.000000	36237.079296	-107675.810041	3.412158	-495.141096
281.500000	36238.785375	-107923.380589	3.378367	-495.142685
282.000000	36240.474558	-108170.951932	3.344911	-495.144245
282.500000	36242.147013	-108418.524055	3.311786	-495.145777
283.000000	36243.802906	-108666.096943	3.278989	-495.147281
283.500000	36245.442401	-108913.670583	3.246516	-495.148757
284.000000	36247.065659	-109161.244962	3.214365	-495.150205
284.500000	36248.672842	-109408.820064	3.182533	-495.151627
285.000000	36250.264108	-109656.395878	3.151016	-495.153024
285.500000	36251.839616	-109903.972390	3.119810	-495.154394
286.000000	36253.399521	-110151.549587	3.088914	-495.155739
286.500000	36254.943978	-110399.127456	3.058323	-495.157060
287.000000	36256.473140	-110646.705986	3.028036	-495.158356
287.500000	36257.987157	-110894.285164	2.998048	-495.159628
288.000000	36259.486181	-111141.864978	2.968357	-495.160877
288.500000	36260.970360	-111389.445417	2.938960	-495.162103
289.000000	36262.439840	-111637.026468	2.909855	-495.163307
289.500000	36263.894768	-111884.608121	2.881037	-495.164488
290.000000	36265.335286	-112132.190365	2.852505	-495.165647
290.500000	36266.761539	-112379.773189	2.824255	-495.166786
291.000000	36268.173666	-112627.356582	2.796285	-495.167903
291.500000	36269.571809	-112874.940533	2.768592	-495.169000
292.000000	36270.956105	-113122.525033	2.741173	-495.170076
292.500000	36272.326692	-113370.110072	2.714026	-495.171133
293.000000	36273.683705	-113617.695638	2.687147	-495.172170
293.500000	36275.027278	-113865.281723	2.660535	-495.173189
294.000000	36276.357546	-114112.868318	2.634186	-495.174188
294.500000	36277.674639	-114360.455412	2.608098	-495.175169
295.000000	36278.978688	-114608.042997	2.582268	-495.176132
295.500000	36280.269822	-114855.631063	2.556695	-495.177078
296.000000	36281.548170	-115103.219601	2.531374	-495.178005
296.500000	36282.813857	-115350.808604	2.506304	-495.178916
297.000000	36284.067008	-115598.398062	2.481482	-495.179810
297.500000	36285.307750	-115845.987967	2.456906	-495.180688
298.000000	36286.536203	-116093.578311	2.432574	-495.181549
298.500000	36287.752490	-116341.169086	2.408482	-495.182395
299.000000	36288.956731	-116588.760283	2.384629	-495.183225
299.500000	36290.149045	-116836.351895	2.361012	-495.184039
300.000000	36291.329551	-117083.943915	2.337629	-495.184839
300.500000	36292.498366	-117331.536334	2.314478	-495.185624
301.000000	36293.655605	-117579.129146	2.291556	-495.186394
301.500000	36294.801383	-117826.722343	2.268861	-495.187150
302.000000	36295.935813	-118074.315918	2.246390	-495.187892
302.500000	36297.059008	-118321.909865	2.224142	-495.188621
303.000000	36298.171079	-118569.504175	2.202115	-495.189336
303.500000	36299.272137	-118817.098843	2.180305	-495.190038
304.000000	36300.362289	-119064.693862	2.158712	-495.190727
304.500000	36301.441645	-119312.289226	2.137332	-495.191403
305.000000	36302.510311	-119559.884927	2.116164	-495.192067
305.500000	36303.568393	-119807.480961	2.095206	-495.192719
306.000000	36304.615996	-120055.077320	2.074455	-495.193358
306.500000	36305.653223	-120302.673999	2.053909	-495.193986
307.000000	36306.680178	-120550.270992	2.033568	-495.194602
307.500000	36307.696961	-120797.868293	2.013427	-495.195207
308.000000	36308.703675	-121045.465897	1.993486	-495.195800
308.500000	36309.700418	-121293.063797	1.973743	-495.196383
309.000000	36310.687290	-121540.661989	1.954195	-495.196955
309.500000	36311.664387	-121788.260466	1.934840	-495.197516
310.000000	36312.631807	-122035.859224	1.915678	-495.198067
310.500000	36313.589646	-122283.458258	1.896705	-495.198608
311.000000	36314.537998	-122531.057562	1.877920	-495.199139
311.500000	36315.476958	-122778.657131	1.859321	-495.199660
312.000000	36316.406619	-123026.256961	1.840906	-495.200171
312.500000	36317.327072	-123273.857047	1.822673	-495.200673
313.000000	36318.238408	-123521.457383	1.804622	-495.201166
313.500000	36319.140719	-123769.057966	1.786748	-495.201649
314.000000	36320.034093	-124016.658791	1.769052	-495.202124
314.500000	36320.918619	-124264.259853	1.751531	-495.202590
315.000000	36321.794385	-124511.861148	1.734184	-495.203047
315.500000	36322.661477	-124759.462671	1.717008	-495.203496
316.000000	36323.519981	-125007.064419	1.700003	-495.203936
316.500000	36324.369983	-125254.666387	1.683166	-495.204369
317.000000	36325.211566	-125502.268572	1.666496	-495.204793
317.500000	36326.044813	-125749.870968	1.649990	-495.205209
318.000000	36326.869809	-125997.473573	1.633649	-495.205618
318.500000	36327.686633	-126245.076382	1.617469	-495.206019
319.000000	36328.495367	-126492.679391	1.601449	-495.206413
319.500000	36329.296092	-126740.282598	1.585588	-495.206800
320.000000	36330.088886	-126987.885998	1.569884	-495.207179
320.500000	36330.873828	-127235.489587	1.554336	-495.207551
321.000000	36331.650995	-127483.093363	1.538941	-495.207917
321.500000	36332.420466	-127730.697322	1.523699	-495.208276
322.000000	36333.182316	-127978.301459	1.508608	-495.208628
322.500000	36333.936620	-128225.905773	1.493666	-495.208973
323.000000	36334.683453	-128473.510260	1.478873	-495.209312
323.500000	36335.422889	-128721.114916	1.464226	-495.209645
324.000000	36336.155002	-128968.719739	1.449724	-495.209972
324.500000	36336.879864	-129216.324725	1.435365	-495.210293
325.000000	36337.597547	-129463.929871	1.421149	-495.210607
325.500000	36338.308121	-129711.535175	1.407074	-495.210916
326.000000	36339.011658	-129959.140633	1.393138	-495.211219
326.500000	36339.708227	-130206.746242	1.379340	-495.211517
327.000000	36340.397897	-130454.352001	1.365678	-495.211809
327.500000	36341.080736	-130701.957905	1.352152	-495.212096
328.000000	36341.756812	-130949.563953	1.338760	-495.212377
328.500000	36342.426192	-131197.170142	1.325501	-495.212653
329.000000	36343.088942	-131444.776468	1.312373	-495.212924
329.500000	36343.745129	-131692.382930	1.299374	-495.213190
330.000000	36344.394816	-131939.989525	1.286505	-495.213451
330.500000	36345.038068	-132187.596251	1.273763	-495.213707
331.000000	36345.674950	-132435.203104	1.261147	-495.213959
331.500000	36346.305524	-132682.810084	1.248657	-495.214206
332.000000	36346.929852	-132930.417186	1.236289	-495.214448
332.500000	36347.547997	-133178.024410	1.224045	-495.214685
333.000000	36348.160019	-133425.631753	1.211922	-495.214919
333.500000	36348.765980	-133673.239212	1.199918	-495.215148
334.000000	36349.365939	-133920.846786	1.188034	-495.215373
334.500000	36349.959956	-134168.454473	1.176267	-495.215593
335.000000	36350.548090	-134416.062269	1.164617	-495.215810
335.500000	36351.130398	-134663.670174	1.153082	-495.216022
336.000000	36351.706939	-134911.278185	1.141662	-495.216231
336.500000	36352.277770	-135158.886300	1.130354	-495.216435
337.000000	36352.842947	-135406.494518	1.119159	-495.216636
337.500000	36353.402527	-135654.102836	1.108074	-495.216833
338.000000	36353.956564	-135901.711253	1.097100	-495.217027
338.500000	36354.505114	-136149.319766	1.086234	-495.217217
339.000000	36355.048230	-136396.928374	1.075475	-495.217403
339.500000	36355.585968	-136644.537076	1.064823	-495.217586
340.000000	36356.118380	-136892.145869	1.054277	-495.217765
340.500000	36356.645518	-137139.754752	1.043835	-495.217942
341.000000	36357.167435	-137387.363722	1.033496	-495.218115
341.500000	36357.684183	-137634.972780	1.023260	-495.218284
342.000000	36358.195813	-137882.581922	1.013125	-495.218451
342.500000	36358.702376	-138130.191147	1.003091	-495.218614
343.000000	36359.203922	-138377.800454	0.993156	-495.218775
343.500000	36359.700500	-138625.409842	0.983319	-495.218932
344.000000	36360.192159	-138873.019308	0.973580	-495.219087
344.500000	36360.678949	-139120.628851	0.963937	-495.219238
345.000000	36361.160918	-139368.238470	0.954390	-495.219387
345.500000	36361.638113	-139615.848164	0.944938	-495.219533
346.000000	36362.110582	-139863.457930	0.935578	-495.219677
346.500000	36362.578371	-140111.067769	0.926312	-495.219817
347.000000	36363.041527	-140358.677677	0.917138	-495.219955
347.500000	36363.500096	-140606.287655	0.908054	-495.220091
348.000000	36363.954123	-140853.897700	0.899060	-495.220224
348.500000	36364.403653	-141101.507812	0.890155	-495.220354
349.000000	36364.848731	-141349.117989	0.881339	-495.220482
349.500000	36365.289400	-141596.728230	0.872610	-495.220608
350.000000	36365.725705	-141844.338534	0.863967	-495.220731
350.500000	36366.157689	-142091.948900	0.855410	-495.220853
351.000000	36366.585394	-142339.559326	0.846938	-495.220971
351.500000	36367.008862	-142587.169812	0.838549	-495.221088
352.000000	36367.428137	-142834.780356	0.830244	-495.221202
352.500000	36367.843259	-143082.390957	0.822021	-495.221315
353.000000	36368.254269	-143330.001615	0.813879	-495.221425
353.500000	36368.661209	-143577.612327	0.805818	-495.221533
354.000000	36369.064118	-143825.223094	0.797837	-495.221639
354.500000	36369.463036	-144072.833913	0.789935	-495.221744
355.000000	36369.858004	-144320.444785	0.782111	-495.221846
355.500000	36370.249059	-144568.055708	0.774365	-495.221946
356.000000	36370.636241	-144815.666681	0.766695	-495.222045
356.500000	36371.019589	-145063.277703	0.759101	-495.222141
357.000000	36371.399139	-145310.888774	0.751583	-495.222236
357.500000	36371.774931	-145558.499892	0.744139	-495.222329
358.000000	36372.147000	-145806.111057	0.736768	-495.222421
358.500000	36372.515384	-146053.722267	0.729471	-495.222510
359.000000	36372.880120	-146301.333522	0.722246	-495.222598
359.500000	36373.241243	-146548.944821	0.715093	-495.222685
360.000000	36373.598789	-146796.556163	0.708010	-495.222769
360.500000	36373.952794	-147044.167548	0.700998	-495.222852
361.000000	36374.303293	-147291.778974	0.694055	-495.222934
361.500000	36374.650320	-147539.390441	0.687180	-495.223014
362.000000	36374.993910	-147787.001948	0.680374	-495.223093
362.500000	36375.334097	-148034.613495	0.673635	-495.223170
363.000000	36375.670915	-148282.225080	0.666963	-495.223246
363.500000	36376.004397	-148529.836703	0.660357	-495.223320
364.000000	36376.334575	-148777.448363	0.653817	-495.223393
364.500000	36376.661484	-149025.060059	0.647341	-495.223464
365.000000	36376.985155	-149272.671791	0.640930	-495.223535
365.500000	36377.305619	-149520.283558	0.634582	-495.223603
366.000000	36377.622910	-149767.895360	0.628296	-495.223671
366.500000	36377.937058	-150015.507196	0.622073	-495.223737
367.000000	36378.248095	-150263.119064	0.615912	-495.223803
367.500000	36378.556051	-150510.730966	0.609812	-495.223867
368.000000	36378.860957	-150758.342899	0.603772	-495.223929
368.500000	36379.162843	-151005.954864	0.597792	-495.223991
369.000000	36379.461739	-151253.566859	0.591871	-495.224051
369.500000	36379.757675	-151501.178885	0.586009	-495.224110
370.000000	36380.050679	-151748.790940	0.580205	-495.224169
370.500000	36380.340782	-151996.403024	0.574458	-495.224226
371.000000	36380.628011	-152244.015137	0.568768	-495.224282
371.500000	36380.912395	-152491.627278	0.563135	-495.224337
372.000000	36381.193962	-152739.239446	0.557558	-495.224391
372.500000	36381.472741	-152986.851642	0.552035	-495.224444
373.000000	36381.748759	-153234.463863	0.546568	-495.224496
373.500000	36382.022042	-153482.076111	0.541154	-495.224547
374.000000	36382.292620	-153729.688385	0.535794	-495.224597
374.500000	36382.560517	-153977.300683	0.530487	-495.224646
375.000000	36382.825760	-154224.913006	0.525233	-495.224694
375.500000	36383.088377	-154472.525353	0.520031	-495.224741
376.000000	36383.348393	-154720.137723	0.514880	-495.224788
376.500000	36383.605833	-154967.750117	0.509781	-495.224833
377.000000	36383.860723	-155215.362534	0.504732	-495.224878
377.500000	36384.113089	-155462.974973	0.499733	-495.224922
378.000000	36384.362955	-155710.587434	0.494783	-495.224965
378.500000	36384.610347	-155958.199916	0.489882	-495.225007
379.000000	36384.855288	-156205.812419	0.485030	-495.225048
379.500000	36385.097803	-156453.424944	0.480226	-495.225089
380.000000	36385.337916	-156701.037488	0.475470	-495.225129
380.500000	36385.575651	-156948.650053	0.470761	-495.225168
381.000000	36385.811032	-157196.262637	0.466098	-495.225207
381.500000	36386.044081	-157443.875240	0.461482	-495.225244
382.000000	36386.274821	-157691.487862	0.456911	-495.225281
382.500000	36386.503277	-157939.100503	0.452385	-495.225318
383.000000	36386.729469	-158186.713162	0.447905	-495.225353
383.500000	36386.953422	-158434.325839	0.443468	-495.225388
384.000000	36387.175156	-158681.938533	0.439076	-495.225423
384.500000	36387.394694	-158929.551244	0.434727	-495.225456
385.000000	36387.612057	-159177.163972	0.430421	-495.225489
385.500000	36387.827268	-159424.776717	0.426158	-495.225522
386.000000	36388.040347	-159672.389478	0.421937	-495.225554
386.500000	36388.251316	-159920.002255	0.417758	-495.225585
387.000000	36388.460195	-160167.615047	0.413621	-495.225616
387.500000	36388.667005	-160415.227855	0.409524	-495.225646
388.000000	36388.871767	-160662.840678	0.405468	-495.225675
388.500000	36389.074501	-160910.453516	0.401452	-495.225704
389.000000	36389.275227	-161158.066368	0.397476	-495.225733
389.500000	36389.473965	-161405.679234	0.393539	-495.225760
390.000000	36389.670734	-161653.292114	0.389641	-495.225788
390.500000	36389.865555	-161900.905008	0.385782	-495.225815
391.000000	36390.058446	-162148.517915	0.381961	-495.225841
391.500000	36390.249426	-162396.130836	0.378178	-495.225867
392.000000	36390.438515	-162643.743769	0.374432	-495.225892
392.500000	36390.625731	-162891.356716	0.370723	-495.225917
393.000000	36390.811093	-163138.969674	0.367052	-495.225942
393.500000	36390.994619	-163386.582645	0.363416	-495.225966
394.000000	36391.176327	-163634.195628	0.359817	-495.225989
394.500000	36391.356235	-163881.808622	0.356253	-495.226012
395.000000	36391.534362	-164129.421629	0.352724	-495.226035
395.500000	36391.710724	-164377.034646	0.349231	-495.226057
396.000000	36391.885339	-164624.647675	0.345772	-495.226079
396.500000	36392.058225	-164872.260714	0.342347	-495.226100
397.000000	36392.229399	-165119.873764	0.338956	-495.226121
397.500000	36392.398877	-165367.486825	0.335599	-495.226142
398.000000	36392.566676	-165615.099896	0.332275	-495.226162
398.500000	36392.732814	-165862.712977	0.328984	-495.226182
399.000000	36392.897306	-166110.326069	0.325726	-495.226202
399.500000	36393.060169	-166357.939169	0.322500	-495.226221
400.000000	36393.221419	-166605.552280	0.319305	-495.226240
400.500000	36393.381071	-166853.165400	0.316143	-495.226258
401.000000	36393.539143	-167100.778529	0.313012	-495.226276
401.500000	36393.695649	-167348.391667	0.309911	-495.226294
402.000000	36393.850604	-167596.004813	0.306842	-495.226311
402.500000	36394.004025	-167843.617969	0.303803	-495.226328
403.000000	36394.155926	-168091.231133	0.300794	-495.226345
403.500000	36394.306323	-168338.844306	0.297814	-495.226361
404.000000	36394.455230	-168586.457486	0.294865	-495.226378
404.500000	36394.602663	-168834.070675	0.291944	-495.226393
405.000000	36394.748635	-169081.683872	0.289053	-495.226409
405.500000	36394.893161	-169329.297076	0.286190	-495.226424
406.000000	36395.036256	-169576.910288	0.283355	-495.226439
406.500000	36395.177934	-169824.523508	0.280549	-495.226454
407.000000	36395.318208	-170072.136735	0.277770	-495.226468
407.500000	36395.457093	-170319.749969	0.275019	-495.226482
408.000000	36395.594602	-170567.363210	0.272295	-495.226496
408.500000	36395.730750	-170814.976458	0.269598	-495.226510
409.000000	36395.865549	-171062.589713	0.266928	-495.226523
409.500000	36395.999013	-171310.202975	0.264284	-495.226536
410.000000	36396.131154	-171557.816243	0.261666	-495.226549
410.500000	36396.261988	-171805.429518	0.259075	-495.226562
411.000000	36396.391525	-172053.042798	0.256509	-495.226574
411.500000	36396.519779	-172300.656085	0.253968	-495.226586
412.000000	36396.646763	-172548.269379	0.251453	-495.226598
412.500000	36396.772489	-172795.882678	0.248962	-495.226610
413.000000	36396.896970	-173043.495983	0.246496	-495.226621
413.500000	36397.020218	-173291.109293	0.244055	-495.226633
414.000000	36397.142246	-173538.722610	0.241637	-495.226644
414.500000	36397.263064	-173786.335932	0.239244	-495.226655
415.000000	36397.382687	-174033.949259	0.236875	-495.226665
415.500000	36397.501124	-174281.562591	0.234528	-495.226676
416.000000	36397.618388	-174529.175929	0.232206	-495.226686
416.500000	36397.734491	-174776.789272	0.229906	-495.226696
417.000000	36397.849444	-175024.402620	0.227629	-495.226706
417.500000	36397.963258	-175272.015973	0.225374	-495.226715
418.000000	36398.075945	-175519.629331	0.223142	-495.226725
418.500000	36398.187516	-175767.242693	0.220932	-495.226734
419.000000	36398.297982	-176014.856060	0.218743	-495.226743
419.500000	36398.407353	-176262.469432	0.216577	-495.226752
420.000000	36398.515642	-176510.082808	0.214432	-495.226761
420.500000	36398.622858	-176757.696189	0.212308	-495.226770
421.000000	36398.729012	-177005.309574	0.210205	-495.226778
421.500000	36398.834114	-177252.922963	0.208123	-495.226787
422.000000	36398.938176	-177500.536356	0.206062	-495.226795
422.500000	36399.041207	-177748.149754	0.204021	-495.226803
423.000000	36399.143217	-177995.763155	0.202000	-495.226811
423.500000	36399.244217	-178243.376560	0.199999	-495.226818
424.000000	36399.344217	-178490.989969	0.198018	-495.226826
424.500000	36399.443226	-178738.603382	0.196057	-495.226833
425.000000	36399.541254	-178986.216799	0.194115	-495.226841
425.500000	36399.638312	-179233.830219	0.192193	-495.226848
426.000000	36399.734408	-179481.443643	0.190289	-495.226855
426.500000	36399.829553	-179729.057071	0.188404	-495.226862
427.000000	36399.923755	-179976.670502	0.186538	-495.226868
427.500000	36400.017024	-180224.283936	0.184691	-495.226875
428.000000	36400.109370	-180471.897373	0.182861	-495.226882
428.500000	36400.200801	-180719.510814	0.181050	-495.226888
429.000000	36400.291326	-180967.124258	0.179257	-495.226894
429.500000	36400.380954	-181214.737705	0.177482	-495.226900
430.000000	36400.469695	-181462.351155	0.175724	-495.226906
430.500000	36400.557557	-181709.964609	0.173983	-495.226912
431.000000	36400.644549	-181957.578065	0.172260	-495.226918
431.500000	36400.730679	-182205.191524	0.170554	-495.226924
432.000000	36400.815956	-182452.804986	0.168865	-495.226929
432.500000	36400.900388	-182700.418450	0.167192	-495.226935
433.000000	36400.983984	-182948.031918	0.165536	-495.226940
433.500000	36401.066752	-183195.645388	0.163897	-495.226946
434.000000	36401.148700	-183443.258861	0.162273	-495.226951
434.500000	36401.229837	-183690.872336	0.160666	-495.226956
435.000000	36401.310170	-183938.485814	0.159075	-495.226961
435.500000	36401.389707	-184186.099294	0.157499	-495.226966
436.000000	36401.468457	-184433.712777	0.155939	-495.226970
436.500000	36401.546427	-184681.326263	0.154395	-495.226975
437.000000	36401.623624	-184928.939750	0.152866	-495.226980
437.500000	36401.700057	-185176.553240	0.151351	-495.226984
438.000000	36401.775733	-185424.166732	0.149852	-495.226989
438.500000	36401.850659	-185671.780227	0.148368	-495.226993
439.000000	36401.924843	-185919.393723	0.146899	-495.226997
439.500000	36401.998292	-186167.007222	0.145444	-495.227002
440.000000	36402.071014	-186414.620723	0.144003	-495.227006
440.500000	36402.143015	-186662.234226	0.142577	-495.227010
441.000000	36402.214304	-186909.847731	0.141165	-495.227014
441.500000	36402.284886	-187157.461237	0.139767	-495.227018
442.000000	36402.354769	-187405.074746	0.138382	-495.227022
442.500000	36402.423961	-187652.688257	0.137012	-495.227025
443.000000	36402.492466	-187900.301770	0.135655	-495.227029
443.500000	36402.560294	-188147.915284	0.134311	-495.227033
444.000000	36402.627449	-188395.528800	0.132981	-495.227036
444.500000	36402.693939	-188643.142319	0.131664	-495.227040
445.000000	36402.759771	-188890.755838	0.130359	-495.227043
445.500000	36402.824951	-189138.369360	0.129068	-495.227046
446.000000	36402.889485	-189385.982883	0.127790	-495.227050
446.500000	36402.953380	-189633.596408	0.126524	-495.227053
447.000000	36403.016642	-189881.209934	0.125271	-495.227056
447.500000	36403.079278	-190128.823462	0.124030	-495.227059
448.000000	36403.141293	-190376.436992	0.122802	-495.227062
448.500000	36403.202694	-190624.050523	0.121586	-495.227065
449.000000	36403.263487	-190871.664055	0.120381	-495.227068
449.500000	36403.323677	-191119.277590	0.119189	-495.227071
450.000000	36403.383272	-191366.891125	0.118008	-495.227074
450.500000	36403.442276	-191614.504662	0.116840	-495.227077
451.000000	36403.500696	-191862.118200	0.115682	-495.227079
451.500000	36403.558537	-192109.731740	0.114537	-495.227082
452.000000	36403.615805	-192357.345281	0.113402	-495.227085
452.500000	36403.672507	-192604.958823	0.112279	-495.227087
453.000000	36403.728646	-192852.572367	0.111167	-495.227090
453.500000	36403.784230	-193100.185911	0.110066	-495.227092
454.000000	36403.839262	-193347.799457	0.108976	-495.227095
454.500000	36403.893750	-193595.413005	0.107896	-495.227097
455.000000	36403.947699	-193843.026553	0.106828	-495.227099
455.500000	36404.001112	-194090.640103	0.105770	-495.227102
456.000000	36404.053997	-194338.253654	0.104722	-495.227104
456.500000	36404.106358	-194585.867205	0.103685	-495.227106
457.000000	36404.158201	-194833.480758	0.102658	-495.227108
457.500000	36404.209530	-195081.094313	0.101641	-495.227110
458.000000	36404.260350	-195328.707868	0.100634	-495.227112
458.500000	36404.310667	-195576.321424	0.099638	-495.227114
459.000000	36404.360486	-195823.934981	0.098651	-495.227116
459.500000	36404.409812	-196071.548539	0.097674	-495.227118
460.000000	36404.458648	-196319.162098	0.096706	-495.227120
460.500000	36404.507002	-196566.775659	0.095748	-495.227122
461.000000	36404.554876	-196814.389220	0.094800	-495.227124
461.500000	36404.602276	-197062.002782	0.093861	-495.227126
462.000000	36404.649206	-197309.616345	0.092931	-495.227128
462.500000	36404.695672	-197557.229908	0.092011	-495.227129
463.000000	36404.741678	-197804.843473	0.091100	-495.227131
463.500000	36404.787227	-198052.457039	0.090197	-495.227133
464.000000	36404.832326	-198300.070605	0.089304	-495.227134
464.500000	36404.876978	-198547.684172	0.088420	-495.227136
465.000000	36404.921188	-198795.297740	0.087544	-495.227138
465.500000	36404.964960	-199042.911309	0.086677	-495.227139
466.000000	36405.008298	-199290.524879	0.085818	-495.227141
466.500000	36405.051207	-199538.138449	0.084968	-495.227142
467.000000	36405.093691	-199785.752020	0.084127	-495.227144
467.500000	36405.135755	-200033.365592	0.083293	-495.227145
468.000000	36405.177401	-200280.979165	0.082468	-495.227147
468.500000	36405.218636	-200528.592738	0.081652	-495.227148
469.000000	36405.259462	-200776.206312	0.080843	-495.227149
469.500000	36405.299883	-201023.819887	0.080042	-495.227151
470.000000	36405.339904	-201271.433462	0.079249	-495.227152
470.500000	36405.379529	-201519.047038	0.078464	-495.227153
471.000000	36405.418761	-201766.660615	0.077687	-495.227155
471.500000	36405.457605	-202014.274192	0.076918	-495.227156
472.000000	36405.496064	-202261.887770	0.076156	-495.227157
472.500000	36405.534142	-202509.501349	0.075402	-495.227158
473.000000	36405.571842	-202757.114928	0.074655	-495.227159
473.500000	36405.609170	-203004.728508	0.073915	-495.227161
474.000000	36405.646128	-203252.342088	0.073183	-495.227162
474.500000	36405.682719	-203499.955669	0.072459	-495.227163
475.000000	36405.718949	-203747.569250	0.071741	-495.227164
475.500000	36405.754819	-203995.182832	0.071030	-495.227165
476.000000	36405.790334	-204242.796415	0.070327	-495.227166
476.500000	36405.825498	-204490.409998	0.069630	-495.227167
477.000000	36405.860313	-204738.023582	0.068941	-495.227168
477.500000	36405.894783	-204985.637166	0.068258	-495.227169
478.000000	36405.928912	-205233.250750	0.067582	-495.227170
478.500000	36405.962703	-205480.864335	0.066912	-495.227171
479.000000	36405.996159	-205728.477921	0.066250	-495.227172
479.500000	36406.029284	-205976.091507	0.065593	-495.227173
480.000000	36406.062080	-206223.705093	0.064944	-495.227174
480.500000	36406.094552	-206471.318680	0.064301	-495.227175
481.000000	36406.126703	-206718.932267	0.063664	-495.227176
481.500000	36406.158534	-206966.545855	0.063033	-495.227176
482.000000	36406.190051	-207214.159443	0.062409	-495.227177
482.500000	36406.221255	-207461.773032	0.061791	-495.227178
483.000000	36406.252151	-207709.386621	0.061179	-495.227179
483.500000	36406.282740	-207957.000210	0.060573	-495.227180
484.000000	36406.313026	-208204.613800	0.059973	-495.227180
484.500000	36406.343013	-208452.227391	0.059379	-495.227181
485.000000	36406.372702	-208699.840981	0.058791	-495.227182
485.500000	36406.402097	-208947.454572	0.058208	-495.227183
486.000000	36406.431201	-209195.068163	0.057632	-495.227183
486.500000	36406.460017	-209442.681755	0.057061	-495.227184
487.000000	36406.488548	-209690.295347	0.056496	-495.227185
487.500000	36406.516796	-209937.908940	0.055936	-495.227185
488.000000	36406.544764	-210185.522532	0.055382	-495.227186
488.500000	36406.572455	-210433.136125	0.054834	-495.227187
489.000000	36406.599872	-210680.749719	0.054291	-495.227187
489.500000	36406.627017	-210928.363312	0.053753	-495.227188
490.000000	36406.653894	-211175.976906	0.053220	-495.227189
490.500000	36406.680504	-211423.590501	0.052693	-495.227189
491.000000	36406.706850	-211671.204095	0.052171	-495.227190
491.500000	36406.732936	-211918.817690	0.051655	-495.227190
492.000000	36406.758764	-212166.431286	0.051143	-495.227191
492.500000	36406.784335	-212414.044881	0.050637	-495.227192
493.000000	36406.809653	-212661.658477	0.050135	-495.227192
493.500000	36406.834721	-212909.272073	0.049638	-495.227193
494.000000	36406.859540	-213156.885669	0.049147	-495.227193
494.500000	36406.884114	-213404.499266	0.048660	-495.227194
495.000000	36406.908444	-213652.112863	0.048178	-495.227194
495.500000	36406.932533	-213899.726460	0.047701	-495.227195
496.000000	36406.956383	-214147.340057	0.047228	-495.227195
496.500000	36406.979997	-214394.953655	0.046761	-495.227196
497.000000	36407.003378	-214642.567253	0.046298	-495.227196
497.500000	36407.026526	-214890.180851	0.045839	-495.227197
498.000000	36407.049446	-215137.794449	0.045385	-495.227197
498.500000	36407.072138	-215385.408047	0.044935	-495.227198
499.000000	36407.094606	-215633.021646	0.044490	-495.227198
499.500000	36407.116851	-215880.635245	0.044050	-495.227198
500.000000	36407.138876	-216128.248844	0.043613	-495.227199
500.500000	36407.160683	-216375.862444	0.043181	-495.227199
501.000000	36407.182273	-216623.476043	0.042754	-495.227200
501.500000	36407.203650	-216871.089643	0.042330	-495.227200
502.000000	36407.224815	-217118.703243	0.041911	-495.227200
502.500000	36407.245771	-217366.316843	0.041496	-495.227201
503.000000	36407.266519	-217613.930444	0.041085	-495.227201
503.500000	36407.287061	-217861.544044	0.040678	-495.227202
504.000000	36407.307400	-218109.157645	0.040275	-495.227202
504.500000	36407.327538	-218356.771246	0.039876	-495.227202
505.000000	36407.347476	-218604.384847	0.039481	-495.227203
505.500000	36407.367217	-218851.998448	0.039090	-495.227203
506.000000	36407.386762	-219099.612050	0.038703	-495.227203
506.500000	36407.406113	-219347.225652	0.038320	-495.227204
507.000000	36407.425273	-219594.839253	0.037940	-495.227204
507.500000	36407.444243	-219842.452855	0.037564	-495.227204
508.000000	36407.463025	-220090.066457	0.037192	-495.227205
508.500000	36407.481621	-220337.680060	0.036824	-495.227205
509.000000	36407.500033	-220585.293662	0.036459	-495.227205
509.500000	36407.518263	-220832.907265	0.036098	-495.227205
510.000000	36407.536312	-221080.520867	0.035741	-495.227206
510.500000	36407.554182	-221328.134470	0.035387	-495.227206
511.000000	36407.571876	-221575.748073	0.035036	-495.227206
511.500000	36407.589394	-221823.361676	0.034689	-495.227207
512.000000	36407.606738	-222070.975280	0.034345	-495.227207
512.500000	36407.623911	-222318.588883	0.034005	-495.227207
513.000000	36407.640914	-222566.202487	0.033669	-495.227207
513.500000	36407.657748	-222813.816090	0.033335	-495.227208
514.000000	36407.674415	-223061.429694	0.033005	-495.227208
514.500000	36407.690918	-223309.043298	0.032678	-495.227208
515.000000	36407.707257	-223556.656902	0.032354	-495.227208
515.500000	36407.723434	-223804.270506	0.032034	-495.227209
516.000000	36407.739451	-224051.884110	0.031717	-495.227209
516.500000	36407.755309	-224299.497715	0.031402	-495.227209
517.000000	36407.771010	-224547.111319	0.031091	-495.227209
517.500000	36407.786556	-224794.724924	0.030783	-495.227209
518.000000	36407.801948	-225042.338529	0.030479	-495.227210
518.500000	36407.817187	-225289.952133	0.030177	-495.227210
519.000000	36407.832275	-225537.565738	0.029878	-495.227210
519.500000	36407.847214	-225785.179343	0.029582	-495.227210
520.000000	36407.862005	-226032.792949	0.029289	-495.227210
520.500000	36407.876650	-226280.406554	0.028999	-495.227211
521.000000	36407.891149	-226528.020159	0.028712	-495.227211
521.500000	36407.905505	-226775.633764	0.028427	-495.227211
522.000000	36407.919718	-227023.247370	0.028146	-495.227211
522.500000	36407.933791	-227270.860976	0.027867	-495.227211
523.000000	36407.947725	-227518.474581	0.027591	-495.227212
523.500000	36407.961520	-227766.088187	0.027318	-495.227212
524.000000	36407.975179	-228013.701793	0.027047	-495.227212
524.500000	36407.988702	-228261.315399	0.026779	-495.227212
525.000000	36408.002092	-228508.929005	0.026514	-495.227212
525.500000	36408.015349	-228756.542611	0.026251	-495.227212
526.000000	36408.028475	-229004.156217	0.025991	-495.227213
526.500000	36408.041470	-229251.769823	0.025734	-495.227213
527.000000	36408.054337	-229499.383430	0.025479	-495.227213
527.500000	36408.067077	-229746.997036	0.025227	-495.227213
528.000000	36408.079690	-229994.610643	0.024977	-495.227213
528.500000	36408.092178	-230242.224249	0.024729	-495.227213
529.000000	36408.104543	-230489.837856	0.024484	-495.227213
529.500000	36408.116785	-230737.451463	0.024242	-495.227214
530.000000	36408.128906	-230985.065069	0.024002	-495.227214
530.500000	36408.140907	-231232.678676	0.023764	-495.227214
531.000000	36408.152789	-231480.292283	0.023529	-495.227214
531.500000	36408.164553	-231727.905890	0.023296	-495.227214
532.000000	36408.176201	-231975.519497	0.023065	-495.227214
532.500000	36408.187734	-232223.133104	0.022836	-495.227214
533.000000	36408.199152	-232470.746711	0.022610	-495.227214
533.500000	36408.210457	-232718.360318	0.022386	-495.227215
534.000000	36408.221650	-232965.973926	0.022165	-495.227215
534.500000	36408.232733	-233213.587533	0.021945	-495.227215
535.000000	36408.243705	-233461.201140	0.021728	-495.227215
535.500000	36408.254569	-233708.814748	0.021513	-495.227215
536.000000	36408.265325	-233956.428355	0.021299	-495.227215
536.500000	36408.275975	-234204.041963	0.021089	-495.227215
537.000000	36408.286519	-234451.655571	0.020880	-495.227215
537.500000	36408.296959	-234699.269178	0.020673	-495.227215
538.000000	36408.307296	-234946.882786	0.020468	-495.227215
538.500000	36408.317530	-235194.496394	0.020265	-495.227216
539.000000	36408.327662	-235442.110001	0.020065	-495.227216
539.500000	36408.337695	-235689.723609	0.019866	-495.227216
540.000000	36408.347628	-235937.337217	0.019669	-495.227216
540.500000	36408.357462	-236184.950825	0.019474	-495.227216
541.000000	36408.367199	-236432.564433	0.019281	-495.227216
541.500000	36408.376840	-236680.178041	0.019090	-495.227216
542.000000	36408.386385	-236927.791649	0.018901	-495.227216
542.500000	36408.395836	-237175.405257	0.018714	-495.227216
543.000000	36408.405193	-237423.018865	0.018529	-495.227216
543.500000	36408.414457	-237670.632474	0.018345	-495.227216
544.000000	36408.423630	-237918.246082	0.018164	-495.227217
544.500000	36408.432712	-238165.859690	0.017984	-495.227217
545.000000	36408.441704	-238413.473298	0.017806	-495.227217
545.500000	36408.450607	-238661.086907	0.017629	-495.227217
546.000000	36408.459421	-238908.700515	0.017455	-495.227217
546.500000	36408.468149	-239156.314124	0.017282	-495.227217
547.000000	36408.476789	-239403.927732	0.017111	-495.227217
547.500000	36408.485345	-239651.541340	0.016941	-495.227217
548.000000	36408.493815	-239899.154949	0.016773	-495.227217
548.500000	36408.502202	-240146.768558	0.016607	-495.227217
549.000000	36408.510505	-240394.382166	0.016443	-495.227217
549.500000	36408.518727	-240641.995775	0.016280	-495.227217
550.000000	36408.526867	-240889.609383	0.016119	-495.227217
550.500000	36408.534926	-241137.222992	0.015959	-495.227217
551.000000	36408.542905	-241384.836601	0.015801	-495.227217
551.500000	36408.550806	-241632.450210	0.015644	-495.227218
552.000000	36408.558628	-241880.063818	0.015489	-495.227218
552.500000	36408.566373	-242127.677427	0.015336	-495.227218
553.000000	36408.574041	-242375.291036	0.015184	-495.227218
553.500000	36408.581633	-242622.904645	0.015034	-495.227218
554.000000	36408.589150	-242870.518254	0.014885	-495.227218
554.500000	36408.596592	-243118.131863	0.014737	-495.227218
555.000000	36408.603961	-243365.745472	0.014591	-495.227218
555.500000	36408.611256	-243613.359081	0.014447	-495.227218
556.000000	36408.618480	-243860.972689	0.014304	-495.227218
556.500000	36408.625632	-244108.586299	0.014162	-495.227218
557.000000	36408.632713	-244356.199908	0.014022	-495.227218
557.500000	36408.639724	-244603.813517	0.013883	-495.227218
558.000000	36408.646665	-244851.427126	0.013745	-495.227218
558.500000	36408.653538	-245099.040735	0.013609	-495.227218
559.000000	36408.660343	-245346.654344	0.013475	-495.227218
559.500000	36408.667080	-245594.267953	0.013341	-495.227218
560.000000	36408.673751	-245841.881562	0.013209	-495.227218
560.500000	36408.680355	-246089.495171	0.013078	-495.227218
561.000000	36408.686894	-246337.108781	0.012949	-495.227218
561.500000	36408.693368	-246584.722390	0.012820	-495.227219
562.000000	36408.699779	-246832.335999	0.012693	-495.227219
562.500000	36408.706125	-247079.949608	0.012568	-495.227219
563.000000	36408.712409	-247327.563218	0.012443	-495.227219
563.500000	36408.718631	-247575.176827	0.012320	-495.227219
564.000000	36408.724791	-247822.790436	0.012198	-495.227219
564.500000	36408.730889	-248070.404046	0.012077	-495.227219
565.000000	36408.736928	-248318.017655	0.011957	-495.227219
565.500000	36408.742907	-248565.631264	0.011839	-495.227219
566.000000	36408.748826	-248813.244874	0.011722	-495.227219
566.500000	36408.754687	-249060.858483	0.011606	-495.227219
567.000000	36408.760490	-249308.472093	0.011491	-495.227219
567.500000	36408.766235	-249556.085702	0.011377	-495.227219
568.000000	36408.771924	-249803.699312	0.011264	-495.227219
568.500000	36408.777556	-250051.312921	0.011153	-495.227219
569.000000	36408.783132	-250298.926531	0.011042	-495.227219
569.500000	36408.788653	-250546.540140	0.010933	-495.227219
570.000000	36408.794120	-250794.153750	0.010825	-495.227219
570.500000	36408.799532	-251041.767359	0.010717	-495.227219
571.000000	36408.804891	-251289.380969	0.010611	-495.227219
571.500000	36408.810196	-251536.994578	0.010506	-495.227219
572.000000	36408.815449	-251784.608188	0.010402	-495.227219
572.500000	36408.820650	-252032.221798	0.010299	-495.227219
573.000000	36408.825800	-252279.835407	0.010197	-495.227219
573.500000	36408.830898	-252527.449017	0.010096	-495.227219
574.000000	36408.835946	-252775.062626	0.009996	-495.227219
574.500000	36408.840944	-253022.676236	0.009897	-495.227219
575.000000	36408.845893	-253270.289846	0.009799	-495.227219
575.500000	36408.850792	-253517.903455	0.009702	-495.227219
576.000000	36408.855643	-253765.517065	0.009606	-495.227219
576.500000	36408.860446	-254013.130675	0.009511	-495.227219
577.000000	36408.865201	-254260.744284	0.009416	-495.227219
577.500000	36408.869910	-254508.357894	0.009323	-495.227219
578.000000	36408.874571	-254755.971504	0.009231	-495.227219
578.500000	36408.879187	-255003.585114	0.009139	-495.227220
579.000000	36408.883756	-255251.198723	0.009049	-495.227220
579.500000	36408.888281	-255498.812333	0.008959	-495.227220
580.000000	36408.892761	-255746.425943	0.008871	-495.227220
580.500000	36408.897196	-255994.039553	0.008783	-495.227220
581.000000	36408.901587	-256241.653163	0.008696	-495.227220
581.500000	36408.905935	-256489.266772	0.008610	-495.227220
582.000000	36408.910240	-256736.880382	0.008524	-495.227220
582.500000	36408.914502	-256984.493992	0.008440	-495.227220
583.000000	36408.918722	-257232.107602	0.008356	-495.227220
583.500000	36408.922900	-257479.721212	0.008274	-495.227220
584.000000	36408.927037	-257727.334821	0.008192	-495.227220
584.500000	36408.931133	-257974.948431	0.008110	-495.227220
585.000000	36408.935188	-258222.562041	0.008030	-495.227220
585.500000	36408.939203	-258470.175651	0.007951	-495.227220
586.000000	36408.943178	-258717.789261	0.007872	-495.227220
586.500000	36408.947114	-258965.402871	0.007794	-495.227220
587.000000	36408.951011	-259213.016481	0.007717	-495.227220
587.500000	36408.954869	-259460.630091	0.007640	-495.227220
588.000000	36408.958689	-259708.243701	0.007565	-495.227220
588.500000	36408.962472	-259955.857310	0.007490	-495.227220
589.000000	36408.966217	-260203.470920	0.007415	-495.227220
589.500000	36408.969924	-260451.084530	0.007342	-495.227220
590.000000	36408.973595	-260698.698140	0.007269	-495.227220
590.500000	36408.977230	-260946.311750	0.007197	-495.227220
591.000000	36408.980829	-261193.925360	0.007126	-495.227220
591.500000	36408.984392	-261441.538970	0.007055	-495.227220
592.000000	36408.987919	-261689.152580	0.006986	-495.227220
592.500000	36408.991412	-261936.766190	0.006916	-495.227220
593.000000	36408.994870	-262184.379800	0.006848	-495.227220
593.500000	36408.998294	-262431.993410	0.006780	-495.227220
594.000000	36409.001684	-262679.607020	0.006713	-495.227220
594.500000	36409.005041	-262927.220630	0.006646	-495.227220
595.000000	36409.008364	-263174.834240	0.006581	-495.227220
595.500000	36409.011654	-263422.447850	0.006515	-495.227220
596.000000	36409.014912	-263670.061460	0.006451	-495.227220
596.500000	36409.018137	-263917.675070	0.006387	-495.227220
597.000000	36409.021331	-264165.288680	0.006324	-495.227220
597.500000	36409.024493	-264412.902290	0.006261	-495.227220
598.000000	36409.027623	-264660.515900	0.006199	-495.227220
598.500000	36409.030723	-264908.129510	0.006138	-495.227220
599.000000	36409.033791	-265155.743120	0.006077	-495.227220
599.500000	36409.036830	-265403.356730	0.006017	-495.227220
600.000000	36409.039838	-265650.970340	0.005957	-495.227220
600.500000	36409.042817	-265898.583950	0.005898	-495.227220
601.000000	36409.045766	-266146.197560	0.005840	-495.227220
601.500000	36409.048686	-266393.811170	0.005782	-495.227220
602.000000	36409.051577	-266641.424780	0.005725	-495.227220
602.500000	36409.054439	-266889.038391	0.005668	-495.227220
603.000000	36409.057273	-267136.652001	0.005612	-495.227220
603.500000	36409.060079	-267384.265611	0.005556	-495.227220
604.000000	36409.062857	-267631.879221	0.005501	-495.227220
604.500000	36409.065607	-267879.492831	0.005447	-495.227220
605.000000	36409.068331	-268127.106441	0.005393	-495.227220
605.500000	36409.071027	-268374.720051	0.005339	-495.227220
606.000000	36409.073697	-268622.333661	0.005286	-495.227220
606.500000	36409.076340	-268869.947271	0.005234	-495.227220
607.000000	36409.078957	-269117.560881	0.005182	-495.227220
607.500000	36409.081548	-269365.174491	0.005131	-495.227220
608.000000	36409.084113	-269612.788102	0.005080	-495.227220
608.500000	36409.086653	-269860.401712	0.005030	-495.227220
609.000000	36409.089168	-270108.015322	0.004980	-495.227220
609.500000	36409.091658	-270355.628932	0.004931	-495.227220
610.000000	36409.094123	-270603.242542	0.004882	-495.227220
610.500000	36409.096564	-270850.856152	0.004833	-495.227220
611.000000	36409.098981	-271098.469762	0.004786	-495.227220
611.500000	36409.101374	-271346.083372	0.004738	-495.227220
612.000000	36409.103743	-271593.696983	0.004691	-495.227220
612.500000	36409.106088	-271841.310593	0.004645	-495.227220
613.000000	36409.108411	-272088.924203	0.004599	-495.227220
613.500000	36409.110710	-272336.537813	0.004553	-495.227220
614.000000	36409.112987	-272584.151423	0.004508	-495.227220
614.500000	36409.115241	-272831.765033	0.004463	-495.227220
615.000000	36409.117472	-273079.378643	0.004419	-495.227220
615.500000	36409.119682	-273326.992254	0.004375	-495.227220
616.000000	36409.121870	-273574.605864	0.004332	-495.227220
616.500000	36409.124036	-273822.219474	0.004289	-495.227220
617.000000	36409.126180	-274069.833084	0.004247	-495.227220
617.500000	36409.128304	-274317.446694	0.004205	-495.227220
618.000000	36409.130406	-274565.060304	0.004163	-495.227220
618.500000	36409.132488	-274812.673915	0.004122	-495.227220
619.000000	36409.134548	-275060.287525	0.004081	-495.227220
619.500000	36409.136589	-275307.901135	0.004041	-495.227220
620.000000	36409.138609	-275555.514745	0.004001	-495.227220
620.500000	36409.140609	-275803.128355	0.003961	-495.227220
621.000000	36409.142590	-276050.741965	0.003922	-495.227220
621.500000	36409.144551	-276298.355576	0.003883	-495.227220
622.000000	36409.146492	-276545.969186	0.003844	-495.227220
622.500000	36409.148414	-276793.582796	0.003806	-495.227220
623.000000	36409.150317	-277041.196406	0.003769	-495.227220
623.500000	36409.152202	-277288.810016	0.003731	-495.227220
624.000000	36409.154067	-277536.423627	0.003694	-495.227220
624.500000	36409.155915	-277784.037237	0.003658	-495.227220
625.000000	36409.157743	-278031.650847	0.003621	-495.227220
625.500000	36409.159554	-278279.264457	0.003586	-495.227220
626.000000	36409.161347	-278526.878067	0.003550	-495.227220
626.500000	36409.163122	-278774.491678	0.003515	-495.227220
627.000000	36409.164879	-279022.105288	0.003480	-495.227220
627.500000	36409.166620	-279269.718898	0.003446	-495.227220
628.000000	36409.168342	-279517.332508	0.003412	-495.227220
628.500000	36409.170048	-279764.946118	0.003378	-495.227220
629.000000	36409.171737	-280012.559729	0.003344	-495.227220
629.500000	36409.173409	-280260.173339	0.003311	-495.227220
630.000000	36409.175065	-280507.786949	0.003278	-495.227220
630.500000	36409.176704	-280755.400559	0.003246	-495.227220
631.000000	36409.178327	-281003.014169	0.003214	-495.227220
631.500000	36409.179934	-281250.627780	0.003182	-495.227220
632.000000	36409.181525	-281498.241390	0.003150	-495.227220
632.500000	36409.183100	-281745.855000	0.003119	-495.227220
633.000000	36409.184660	-281993.468610	0.003088	-495.227220
633.500000	36409.186204	-282241.082221	0.003058	-495.227220
634.000000	36409.187733	-282488.695831	0.003027	-495.227220
634.500000	36409.189246	-282736.309441	0.002997	-495.227220
635.000000	36409.190745	-282983.923051	0.002968	-495.227220
635.500000	36409.192229	-283231.536661	0.002938	-495.227220
636.000000	36409.193698	-283479.150272	0.002909	-495.227220
636.500000	36409.195153	-283726.763882	0.002880	-495.227220
637.000000	36409.196593	-283974.377492	0.002852	-495.227220
637.500000	36409.198019	-284221.991102	0.002824	-495.227220
638.000000	36409.199431	-284469.604713	0.002796	-495.227220
638.500000	36409.200829	-284717.218323	0.002768	-495.227220
639.000000	36409.202213	-284964.831933	0.002741	-495.227220
639.500000	36409.203583	-285212.445543	0.002713	-495.227220
640.000000	36409.204940	-285460.059154	0.002687	-495.227220
640.500000	36409.206283	-285707.672764	0.002660	-495.227220
641.000000	36409.207613	-285955.286374	0.002634	-495.227220
641.500000	36409.208930	-286202.899984	0.002608	-495.227220
642.000000	36409.210233	-286450.513595	0.002582	-495.227220
642.500000	36409.211524	-286698.127205	0.002556	-495.227220
643.000000	36409.212802	-286945.740815	0.002531	-495.227220
643.500000	36409.214068	-287193.354425	0.002506	-495.227220
644.000000	36409.215321	-287440.968036	0.002481	-495.227220
644.500000	36409.216561	-287688.581646	0.002456	-495.227220
645.000000	36409.217789	-287936.195256	0.002432	-495.227220
645.500000	36409.219005	-288183.808866	0.002408	-495.227220
646.000000	36409.220209	-288431.422477	0.002384	-495.227220
646.500000	36409.221401	-288679.036087	0.002360	-495.227220
647.000000	36409.222582	-288926.649697	0.002337	-495.227220
647.500000	36409.223750	-289174.263307	0.002314	-495.227221
648.000000	36409.224907	-289421.876918	0.002291	-495.227221
648.500000	36409.226053	-289669.490528	0.002268	-495.227221
649.000000	36409.227187	-289917.104138	0.002246	-495.227221
649.500000	36409.228310	-290164.717748	0.002224	-495.227221
