0.000000	0.000000	0.000000	536.231110	449.951327
0.500000	268.115555	224.975663	528.723875	438.747008
1.000000	532.477492	444.349167	521.458602	427.813121
1.500000	793.206793	658.255728	514.424180	417.136967
2.000000	1050.418883	866.824211	507.610162	406.706607
2.500000	1304.223964	1070.177515	501.006715	396.510804
3.000000	1554.727322	1268.432916	494.604574	386.538969
3.500000	1802.029609	1461.702401	488.395003	376.781120
4.000000	2046.227111	1650.092961	482.369755	367.227834
4.500000	2287.411988	1833.706878	476.521039	357.870210
5.000000	2525.672508	2012.641983	470.841489	348.699833
5.500000	2761.093253	2186.991900	465.324133	339.708742
6.000000	2993.755319	2356.846271	459.962366	330.889397
6.500000	3223.736502	2522.290969	454.749930	322.234656
7.000000	3451.111467	2683.408297	449.680884	313.737743
7.500000	3675.951909	2840.277169	444.749590	305.392230
8.000000	3898.326704	2992.973283	439.950690	297.192011
8.500000	4118.302048	3141.569289	435.279087	289.131287
9.000000	4335.941592	3286.134933	430.729933	281.204542
9.500000	4551.306558	3426.737204	426.298609	273.406526
10.000000	4764.455863	3563.440467	421.980714	265.732245
10.500000	4975.446220	3696.306589	417.772051	258.176940
11.000000	5184.332245	3825.395059	413.668612	250.736076
11.500000	5391.166551	3950.763097	409.666571	243.405327
12.000000	5595.999837	4072.465761	405.762272	236.180569
12.500000	5798.880973	4190.556046	401.952216	229.057864
13.000000	5999.857081	4305.084978	398.233056	222.033451
13.500000	6198.973609	4416.101703	394.601586	215.103737
14.000000	6396.274401	4523.653572	391.054734	208.265291
14.500000	6591.801768	4627.786217	387.589554	201.514829
15.000000	6785.596546	4728.543631	384.203220	194.849212
15.500000	6977.698156	4825.968237	380.893017	188.265438
16.000000	7168.144664	4920.100956	377.656338	181.760632
16.500000	7356.972833	5010.981272	374.490674	175.332043
17.000000	7544.218170	5098.647294	371.393615	168.977037
17.500000	7729.914978	5183.135813	368.362839	162.693092
18.000000	7914.096397	5264.482359	365.396109	156.477790
18.500000	8096.794451	5342.721254	362.491271	150.328818
19.000000	8278.040087	5417.885663	359.646246	144.243957
19.500000	8457.863210	5490.007641	356.859030	138.221083
20.000000	8636.292725	5559.118183	354.127685	132.258160
20.500000	8813.356568	5625.247263	351.450343	126.353237
21.000000	8989.081739	5688.423882	348.825195	120.504445
21.500000	9163.494336	5748.676104	346.250493	114.709994
22.000000	9336.619583	5806.031101	343.724546	108.968168
22.500000	9508.481856	5860.515186	341.245717	103.277325
23.000000	9679.104714	5912.153848	338.812418	97.635893
23.500000	9848.510923	5960.971795	336.423114	92.042365
24.000000	10016.722481	6006.992977	334.076315	86.495301
24.500000	10183.760638	6050.240628	331.770574	80.993325
25.000000	10349.645925	6090.737290	329.504490	75.535118
25.500000	10514.398170	6128.504849	327.276701	70.119423
26.000000	10678.036520	6163.564560	325.085884	64.745038
26.500000	10840.579463	6195.937079	322.930756	59.410816
27.000000	11002.044841	6225.642488	320.810068	54.115665
27.500000	11162.449875	6252.700320	318.722606	48.858543
28.000000	11321.811178	6277.129592	316.667191	43.638458
28.500000	11480.144774	6298.948821	314.642676	38.454469
29.000000	11637.466111	6318.176055	312.647943	33.305680
29.500000	11793.790083	6334.828895	310.681907	28.191243
30.000000	11949.131036	6348.924517	308.743510	23.110353
30.500000	12103.502791	6360.479693	306.831726	18.062250
31.000000	12256.918654	6369.510818	304.945552	13.046217
31.500000	12409.391430	6376.033927	303.084015	8.061576
32.000000	12560.933438	6380.064715	301.246167	3.107692
32.500000	12711.556521	6381.618561	299.431085	-1.816032
33.000000	12861.272064	6380.710545	297.637873	-6.710156
33.500000	13010.091000	6377.355467	295.865657	-11.575202
34.000000	13158.023829	6371.567866	294.113587	-16.411656
34.500000	13305.080622	6363.362038	292.380840	-21.219968
35.000000	13451.271042	6352.752054	290.666612	-26.000555
35.500000	13596.604348	6339.751777	288.970124	-30.753802
36.000000	13741.089410	6324.374876	287.290618	-35.480060
36.500000	13884.734719	6306.634846	285.627359	-40.179649
37.000000	14027.548398	6286.545021	283.979634	-44.852861
37.500000	14169.538215	6264.118591	282.346752	-49.499957
38.000000	14310.711591	6239.368612	280.728041	-54.121171
38.500000	14451.075612	6212.308027	279.122852	-58.716709
39.000000	14590.637038	6182.949673	277.530558	-63.286751
39.500000	14729.402317	6151.306297	275.950549	-67.831454
40.000000	14867.377591	6117.390570	274.382239	-72.350947
40.500000	15004.568711	6081.215097	272.825059	-76.845339
41.000000	15140.981240	6042.792427	271.278464	-81.314717
41.500000	15276.620472	6002.135068	269.741925	-85.759145
42.000000	15411.491435	5959.255496	268.214935	-90.178669
42.500000	15545.598902	5914.166161	266.697005	-94.573314
43.000000	15678.947405	5866.879504	265.187665	-98.943087
43.500000	15811.541237	5817.407961	263.686467	-103.287981
44.000000	15943.384471	5765.763970	262.192977	-107.607970
44.500000	16074.480959	5711.959985	260.706784	-111.903014
45.000000	16204.834351	5656.008478	259.227491	-116.173058
45.500000	16334.448097	5597.921949	257.754722	-120.418035
46.000000	16463.325458	5537.712932	256.288118	-124.637866
46.500000	16591.469517	5475.393999	254.827337	-128.832460
47.000000	16718.883185	5410.977769	253.372054	-133.001716
47.500000	16845.569212	5344.476911	251.921961	-137.145524
48.000000	16971.530193	5275.904149	250.476767	-141.263764
48.500000	17096.768576	5205.272267	249.036196	-145.356312
49.000000	17221.286674	5132.594111	247.599989	-149.423033
49.500000	17345.086669	5057.882594	246.167902	-153.463789
50.000000	17468.170620	4981.150700	244.739706	-157.478436
50.500000	17590.540473	4902.411482	243.315186	-161.466825
51.000000	17712.198066	4821.678069	241.894144	-165.428804
51.500000	17833.145138	4738.963667	240.476393	-169.364220
52.000000	17953.383334	4654.281557	239.061761	-173.272914
52.500000	18072.914215	4567.645100	237.650089	-177.154729
53.000000	18191.739259	4479.067736	236.241232	-181.009505
53.500000	18309.859875	4388.562983	234.835056	-184.837084
54.000000	18427.277403	4296.144441	233.431440	-188.637307
54.500000	18543.993123	4201.825787	232.030273	-192.410017
55.000000	18660.008260	4105.620779	230.631458	-196.155056
55.500000	18775.323989	4007.543251	229.234908	-199.872272
56.000000	18889.941443	3907.607115	227.840545	-203.561512
56.500000	19003.861715	3805.826359	226.448302	-207.222629
57.000000	19117.085866	3702.215045	225.058123	-210.855477
57.500000	19229.614928	3596.787306	223.669960	-214.459916
58.000000	19341.449907	3489.557348	222.283774	-218.035810
58.500000	19452.591795	3380.539443	220.899535	-221.583024
59.000000	19563.041562	3269.747931	219.517222	-225.101434
59.500000	19672.800173	3157.197214	218.136820	-228.590917
60.000000	19781.868583	3042.901756	216.758323	-232.051356
60.500000	19890.247745	2926.876077	215.381732	-235.482642
61.000000	19997.938611	2809.134756	214.007054	-238.884669
61.500000	20104.942139	2689.692422	212.634304	-242.257341
62.000000	20211.259290	2568.563751	211.263500	-245.600565
62.500000	20316.891040	2445.763469	209.894670	-248.914256
63.000000	20421.838375	2321.306341	208.527844	-252.198336
63.500000	20526.102297	2195.207173	207.163059	-255.452734
64.000000	20629.683827	2067.480806	205.800357	-258.677386
64.500000	20732.584005	1938.142113	204.439783	-261.872235
65.000000	20834.803896	1807.205996	203.081387	-265.037231
65.500000	20936.344590	1674.687381	201.725225	-268.172331
66.000000	21037.207202	1540.601215	200.371352	-271.277502
66.500000	21137.392879	1404.962464	199.019832	-274.352714
67.000000	21236.902795	1267.786107	197.670728	-277.397948
67.500000	21335.738159	1129.087133	196.324108	-280.413191
68.000000	21433.900213	988.880538	194.980042	-283.398438
68.500000	21531.390234	847.181319	193.638603	-286.353691
69.000000	21628.209536	704.004473	192.299865	-289.278958
69.500000	21724.359468	559.364994	190.963905	-292.174258
70.000000	21819.841421	413.277865	189.630802	-295.039614
70.500000	21914.656822	265.758058	188.300636	-297.875057
71.000000	22008.807140	116.820530	186.973488	-300.680626
71.500000	22102.293884	-33.519783	185.649441	-303.456366
72.000000	22195.118604	-185.247966	184.328580	-306.202330
72.500000	22287.282894	-338.349131	183.010988	-308.918577
73.000000	22378.788388	-492.808420	181.696752	-311.605175
73.500000	22469.636764	-648.611007	180.385956	-314.262194
74.000000	22559.829742	-805.742104	179.078687	-316.889716
74.500000	22649.369086	-964.186962	177.775033	-319.487826
75.000000	22738.256602	-1123.930876	176.475078	-322.056617
75.500000	22826.494141	-1284.959184	175.178910	-324.596187
76.000000	22914.083596	-1447.257278	173.886615	-327.106641
76.500000	23001.026904	-1610.810598	172.598279	-329.588089
77.000000	23087.326044	-1775.604643	171.313988	-332.040649
77.500000	23172.983038	-1941.624967	170.033827	-334.464441
78.000000	23257.999951	-2108.857188	168.757880	-336.859593
78.500000	23342.378891	-2277.286984	167.486231	-339.226240
79.000000	23426.122006	-2446.900104	166.218963	-341.564518
79.500000	23509.231488	-2617.682363	164.956158	-343.874571
80.000000	23591.709567	-2789.619649	163.697897	-346.156547
80.500000	23673.558515	-2962.697922	162.444260	-348.410599
81.000000	23754.780645	-3136.903222	161.195326	-350.636885
81.500000	23835.378308	-3312.221664	159.951173	-352.835567
82.000000	23915.353895	-3488.639448	158.711878	-355.006810
82.500000	23994.709834	-3666.142853	157.477514	-357.150785
83.000000	24073.448591	-3844.718245	156.248157	-359.267667
83.500000	24151.572670	-4024.352079	155.023878	-361.357634
84.000000	24229.084609	-4205.030896	153.804749	-363.420867
84.500000	24305.986983	-4386.741329	152.590838	-365.457551
85.000000	24382.282402	-4569.470105	151.382214	-367.467877
85.500000	24457.973509	-4753.204043	150.178942	-369.452034
86.000000	24533.062980	-4937.930060	148.981089	-371.410219
86.500000	24607.553525	-5123.635170	147.788715	-373.342629
87.000000	24681.447882	-5310.306485	146.601884	-375.249465
87.500000	24754.748824	-5497.931217	145.420653	-377.130930
88.000000	24827.459151	-5686.496682	144.245083	-378.987229
88.500000	24899.581692	-5875.990297	143.075228	-380.818570
89.000000	24971.119306	-6066.399582	141.911143	-382.625164
89.500000	25042.074877	-6257.712164	140.752881	-384.407223
90.000000	25112.451317	-6449.915776	139.600493	-386.164960
90.500000	25182.251564	-6642.998256	138.454028	-387.898592
91.000000	25251.478578	-6836.947552	137.313533	-389.608336
91.500000	25320.135344	-7031.751720	136.179056	-391.294410
92.000000	25388.224872	-7227.398925	135.050638	-392.957035
92.500000	25455.750191	-7423.877442	133.928323	-394.596433
93.000000	25522.714352	-7621.175659	132.812150	-396.212826
93.500000	25589.120428	-7819.282072	131.702160	-397.806438
94.000000	25654.971507	-8018.185291	130.598387	-399.377493
94.500000	25720.270701	-8217.874037	129.500869	-400.926217
95.000000	25785.021135	-8418.337146	128.409637	-402.452836
95.500000	25849.225954	-8619.563564	127.324724	-403.957575
96.000000	25912.888316	-8821.542352	126.246161	-405.440663
96.500000	25976.011396	-9024.262683	125.173974	-406.902326
97.000000	26038.598383	-9227.713846	124.108191	-408.342792
97.500000	26100.652479	-9431.885242	123.048837	-409.762289
98.000000	26162.176898	-9636.766387	121.995936	-411.161044
98.500000	26223.174865	-9842.346909	120.949508	-412.539284
99.000000	26283.649619	-10048.616551	119.909574	-413.897239
99.500000	26343.604407	-10255.565170	118.876154	-415.235134
100.000000	26403.042483	-10463.182737	117.849262	-416.553197
100.500000	26461.967115	-10671.459335	116.828916	-417.851654
101.000000	26520.381573	-10880.385162	115.815129	-419.130732
101.500000	26578.289138	-11089.950528	114.807914	-420.390656
102.000000	26635.693095	-11300.145856	113.807281	-421.631652
102.500000	26692.596735	-11510.961682	112.813240	-422.853943
103.000000	26749.003355	-11722.388653	111.825800	-424.057753
103.500000	26804.916255	-11934.417530	110.844966	-425.243304
104.000000	26860.338738	-12147.039182	109.870744	-426.410820
104.500000	26915.274110	-12360.244592	108.903138	-427.560520
105.000000	26969.725679	-12574.024852	107.942151	-428.692625
105.500000	27023.696754	-12788.371165	106.987784	-429.807353
106.000000	27077.190646	-13003.274841	106.040037	-430.904922
106.500000	27130.210664	-13218.727302	105.098909	-431.985549
107.000000	27182.760119	-13434.720077	104.164397	-433.049449
107.500000	27234.842317	-13651.244801	103.236499	-434.096836
108.000000	27286.460567	-13868.293219	102.315208	-435.127922
108.500000	27337.618171	-14085.857180	101.400520	-436.142920
109.000000	27388.318431	-14303.928640	100.492427	-437.142040
109.500000	27438.564645	-14522.499660	99.590921	-438.125490
110.000000	27488.360106	-14741.562405	98.695993	-439.093476
110.500000	27537.708102	-14961.109143	97.807633	-440.046206
111.000000	27586.611919	-15181.132246	96.925829	-440.983882
111.500000	27635.074833	-15401.624187	96.050569	-441.906709
112.000000	27683.100118	-15622.577541	95.181840	-442.814885
112.500000	27730.691038	-15843.984984	94.319628	-443.708612
113.000000	27777.850852	-16065.839290	93.463918	-444.588086
113.500000	27824.582811	-16288.133333	92.614693	-445.453504
114.000000	27870.890157	-16510.860085	91.771937	-446.305060
114.500000	27916.776126	-16734.012616	90.935633	-447.142947
115.000000	27962.243943	-16957.584089	90.105762	-447.967356
115.500000	28007.296823	-17181.567767	89.282304	-448.778475
116.000000	28051.937975	-17405.957005	88.465240	-449.576493
116.500000	28096.170595	-17630.745252	87.654548	-450.361595
117.000000	28139.997869	-17855.926049	86.850208	-451.133965
117.500000	28183.422973	-18081.493032	86.052197	-451.893784
118.000000	28226.449072	-18307.439924	85.260493	-452.641234
118.500000	28269.079318	-18533.760541	84.475071	-453.376492
119.000000	28311.316854	-18760.448787	83.695908	-454.099736
119.500000	28353.164808	-18987.498655	82.922979	-454.811140
120.000000	28394.626298	-19214.904225	82.156259	-455.510876
120.500000	28435.704427	-19442.659663	81.395721	-456.199117
121.000000	28476.402288	-19670.759221	80.641340	-456.876030
121.500000	28516.722958	-19899.197236	79.893088	-457.541785
122.000000	28556.669501	-20127.968128	79.150937	-458.196545
122.500000	28596.244970	-20357.066401	78.414861	-458.840475
123.000000	28635.452401	-20586.486639	77.684830	-459.473737
123.500000	28674.294816	-20816.223507	76.960816	-460.096491
124.000000	28712.775224	-21046.271753	76.242789	-460.708894
124.500000	28750.896618	-21276.626200	75.530719	-461.311104
125.000000	28788.661977	-21507.281752	74.824577	-461.903273
125.500000	28826.074266	-21738.233389	74.124332	-462.485556
126.000000	28863.136432	-21969.476167	73.429953	-463.058102
126.500000	28899.851408	-22201.005218	72.741409	-463.621062
127.000000	28936.222113	-22432.815749	72.058669	-464.174580
127.500000	28972.251447	-22664.903039	71.381700	-464.718804
128.000000	29007.942297	-22897.262441	70.710470	-465.253876
128.500000	29043.297532	-23129.889379	70.044948	-465.779939
129.000000	29078.320007	-23362.779348	69.385101	-466.297131
129.500000	29113.012557	-23595.927914	68.730895	-466.805591
130.000000	29147.378004	-23829.330710	68.082297	-467.305456
130.500000	29181.419153	-24062.983438	67.439275	-467.796860
131.000000	29215.138791	-24296.881868	66.801795	-468.279935
131.500000	29248.539688	-24531.021835	66.169822	-468.754813
132.000000	29281.624599	-24765.399242	65.543323	-469.221623
132.500000	29314.396261	-25000.010053	64.922265	-469.680493
133.000000	29346.857393	-25234.850299	64.306612	-470.131548
133.500000	29379.010699	-25469.916073	63.696330	-470.574913
134.000000	29410.858864	-25705.203530	63.091385	-471.010710
134.500000	29442.404557	-25940.708884	62.491743	-471.439060
135.000000	29473.650428	-26176.428414	61.897368	-471.860082
135.500000	29504.599112	-26412.358455	61.308226	-472.273894
136.000000	29535.253225	-26648.495402	60.724281	-472.680611
136.500000	29565.615366	-26884.835707	60.145500	-473.080348
137.000000	29595.688115	-27121.375881	59.571846	-473.473218
137.500000	29625.474038	-27358.112490	59.003285	-473.859332
138.000000	29654.975681	-27595.042156	58.439781	-474.238798
138.500000	29684.195571	-27832.161555	57.881301	-474.611726
139.000000	29713.136222	-28069.467419	57.327807	-474.978222
139.500000	29741.800125	-28306.956529	56.779265	-475.338389
140.000000	29770.189758	-28544.625724	56.235641	-475.692333
140.500000	29798.307578	-28782.471891	55.696898	-476.040154
141.000000	29826.156027	-29020.491968	55.163002	-476.381954
141.500000	29853.737528	-29258.682945	54.633917	-476.717830
142.000000	29881.054486	-29497.041860	54.109608	-477.047881
142.500000	29908.109290	-29735.565801	53.590040	-477.372203
143.000000	29934.904310	-29974.251902	53.075178	-477.690889
143.500000	29961.441899	-30213.097347	52.564987	-478.004034
144.000000	29987.724393	-30452.099364	52.059432	-478.311729
144.500000	30013.754109	-30691.255228	51.558478	-478.614065
145.000000	30039.533348	-30930.562261	51.062091	-478.911131
145.500000	30065.064394	-31170.017826	50.570235	-479.203013
146.000000	30090.349511	-31409.619333	50.082875	-479.489800
146.500000	30115.390949	-31649.364233	49.599978	-479.771576
147.000000	30140.190938	-31889.250021	49.121508	-480.048424
147.500000	30164.751692	-32129.274233	48.647431	-480.320428
148.000000	30189.075407	-32369.434447	48.177713	-480.587669
148.500000	30213.164264	-32609.728281	47.712320	-480.850226
149.000000	30237.020424	-32850.153394	47.251217	-481.108178
149.500000	30260.646033	-33090.707483	46.794371	-481.361603
150.000000	30284.043218	-33331.388285	46.341747	-481.610578
150.500000	30307.214092	-33572.193573	45.893312	-481.855177
151.000000	30330.160747	-33813.121162	45.449032	-482.095474
151.500000	30352.885263	-34054.168899	45.008873	-482.331543
152.000000	30375.389700	-34295.334670	44.572803	-482.563454
152.500000	30397.676101	-34536.616397	44.140788	-482.791279
153.000000	30419.746495	-34778.012037	43.712794	-483.015087
153.500000	30441.602892	-35019.519580	43.288790	-483.234947
154.000000	30463.247287	-35261.137054	42.868741	-483.450925
154.500000	30484.681658	-35502.862516	42.452616	-483.663087
155.000000	30505.907966	-35744.694060	42.040382	-483.871500
155.500000	30526.928157	-35986.629810	41.632007	-484.076227
156.000000	30547.744160	-36228.667923	41.227457	-484.277331
156.500000	30568.357889	-36470.806588	40.826703	-484.474874
157.000000	30588.771240	-36713.044025	40.429710	-484.668917
157.500000	30608.986095	-36955.378484	40.036449	-484.859520
158.000000	30629.004319	-37197.808244	39.646886	-485.046743
158.500000	30648.827762	-37440.331616	39.260992	-485.230644
159.000000	30668.458258	-37682.946938	38.878734	-485.411279
159.500000	30687.897625	-37925.652577	38.500081	-485.588706
160.000000	30707.147666	-38168.446930	38.125004	-485.762979
160.500000	30726.210168	-38411.328419	37.753471	-485.934152
161.000000	30745.086903	-38654.295495	37.385451	-486.102280
161.500000	30763.779628	-38897.346636	37.020914	-486.267416
162.000000	30782.290086	-39140.480343	36.659831	-486.429610
162.500000	30800.620001	-39383.695149	36.302171	-486.588914
163.000000	30818.771087	-39626.989606	35.947905	-486.745379
163.500000	30836.745039	-39870.362295	35.597002	-486.899053
164.000000	30854.543540	-40113.811821	35.249434	-487.049984
164.500000	30872.168257	-40357.336814	34.905171	-487.198221
165.000000	30889.620843	-40600.935924	34.564185	-487.343811
165.500000	30906.902935	-40844.607830	34.226446	-487.486800
166.000000	30924.016158	-41088.351230	33.891925	-487.627232
166.500000	30940.962121	-41332.164846	33.560595	-487.765153
167.000000	30957.742419	-41576.047422	33.232428	-487.900606
167.500000	30974.358633	-41819.997725	32.907394	-488.033635
168.000000	30990.812329	-42064.014542	32.585466	-488.164282
168.500000	31007.105063	-42308.096683	32.266617	-488.292588
169.000000	31023.238371	-42552.242977	31.950819	-488.418595
169.500000	31039.213780	-42796.452275	31.638044	-488.542343
170.000000	31055.032803	-43040.723446	31.328266	-488.663871
170.500000	31070.696936	-43285.055382	31.021458	-488.783219
171.000000	31086.207664	-43529.446991	30.717592	-488.900425
171.500000	31101.566461	-43773.897203	30.416643	-489.015526
172.000000	31116.774782	-44018.404966	30.118584	-489.128559
172.500000	31131.834074	-44262.969246	29.823389	-489.239562
173.000000	31146.745769	-44507.589027	29.531031	-489.348569
173.500000	31161.511284	-44752.263311	29.241486	-489.455615
174.000000	31176.132027	-44996.991119	28.954728	-489.560736
174.500000	31190.609391	-45241.771487	28.670730	-489.663966
175.000000	31204.944756	-45486.603470	28.389469	-489.765336
175.500000	31219.139491	-45731.486138	28.110919	-489.864882
176.000000	31233.194950	-45976.418579	27.835054	-489.962634
176.500000	31247.112477	-46221.399896	27.561852	-490.058625
177.000000	31260.893403	-46466.429208	27.291287	-490.152885
177.500000	31274.539047	-46711.505651	27.023334	-490.245446
178.000000	31288.050714	-46956.628374	26.757971	-490.336337
178.500000	31301.429699	-47201.796542	26.495172	-490.425588
179.000000	31314.677285	-47447.009336	26.234915	-490.513228
179.500000	31327.794742	-47692.265950	25.977176	-490.599285
180.000000	31340.783330	-47937.565593	25.721931	-490.683789
180.500000	31353.644296	-48182.907487	25.469158	-490.766766
181.000000	31366.378874	-48428.290870	25.218833	-490.848243
181.500000	31378.988291	-48673.714991	24.970934	-490.928247
182.000000	31391.473758	-48919.179115	24.725438	-491.006805
182.500000	31403.836477	-49164.682517	24.482323	-491.083942
183.000000	31416.077638	-49410.224488	24.241567	-491.159683
183.500000	31428.198422	-49655.804329	24.003148	-491.234053
184.000000	31440.199996	-49901.421356	23.767043	-491.307077
184.500000	31452.083517	-50147.074894	23.533232	-491.378779
185.000000	31463.850133	-50392.764284	23.301692	-491.449182
185.500000	31475.500979	-50638.488874	23.072403	-491.518309
186.000000	31487.037181	-50884.248029	22.845343	-491.586184
186.500000	31498.459852	-51130.041121	22.620491	-491.652828
187.000000	31509.770098	-51375.867535	22.397827	-491.718264
187.500000	31520.969011	-51621.726667	22.177331	-491.782513
188.000000	31532.057677	-51867.617923	21.958980	-491.845596
188.500000	31543.037167	-52113.540721	21.742757	-491.907535
189.000000	31553.908545	-52359.494488	21.528639	-491.968349
189.500000	31564.672865	-52605.478663	21.316608	-492.028059
190.000000	31575.331169	-52851.492692	21.106644	-492.086685
190.500000	31585.884491	-53097.536035	20.898727	-492.144246
191.000000	31596.333855	-53343.608158	20.692838	-492.200761
191.500000	31606.680274	-53589.708539	20.488958	-492.256250
192.000000	31616.924753	-53835.836664	20.287067	-492.310729
192.500000	31627.068286	-54081.992028	20.087146	-492.364218
193.000000	31637.111859	-54328.174137	19.889178	-492.416734
193.500000	31647.056448	-54574.382505	19.693143	-492.468295
194.000000	31656.903020	-54820.616652	19.499023	-492.518918
194.500000	31666.652531	-55066.876112	19.306800	-492.568620
195.000000	31676.305931	-55313.160422	19.116455	-492.617417
195.500000	31685.864159	-55559.469130	18.927971	-492.665326
196.000000	31695.328144	-55805.801793	18.741331	-492.712362
196.500000	31704.698810	-56052.157974	18.556515	-492.758541
197.000000	31713.977067	-56298.537244	18.373508	-492.803879
197.500000	31723.163822	-56544.939184	18.192292	-492.848391
198.000000	31732.259967	-56791.363380	18.012849	-492.892092
198.500000	31741.266392	-57037.809426	17.835162	-492.934996
199.000000	31750.183973	-57284.276924	17.659216	-492.977118
199.500000	31759.013581	-57530.765483	17.484992	-493.018472
200.000000	31767.756077	-57777.274719	17.312475	-493.059072
200.500000	31776.412315	-58023.804255	17.141649	-493.098930
201.000000	31784.983139	-58270.353720	16.972496	-493.138062
201.500000	31793.469387	-58516.922751	16.805001	-493.176479
202.000000	31801.871888	-58763.510991	16.639148	-493.214195
202.500000	31810.191462	-59010.118088	16.474922	-493.251222
203.000000	31818.428923	-59256.743699	16.312306	-493.287573
203.500000	31826.585076	-59503.387486	16.151285	-493.323261
204.000000	31834.660718	-59750.049116	15.991843	-493.358296
204.500000	31842.656640	-59996.728264	15.833966	-493.392691
205.000000	31850.573623	-60243.424610	15.677638	-493.426458
205.500000	31858.412442	-60490.137838	15.522845	-493.459607
206.000000	31866.173864	-60736.867642	15.369571	-493.492150
206.500000	31873.858650	-60983.613717	15.217803	-493.524099
207.000000	31881.467551	-61230.375766	15.067524	-493.555463
207.500000	31889.001313	-61477.153497	14.918722	-493.586253
208.000000	31896.460674	-61723.946624	14.771381	-493.616480
208.500000	31903.846364	-61970.754864	14.625488	-493.646154
209.000000	31911.159108	-62217.577941	14.481028	-493.675285
209.500000	31918.399622	-62464.415583	14.337988	-493.703882
210.000000	31925.568616	-62711.267524	14.196354	-493.731957
210.500000	31932.666793	-62958.133503	14.056112	-493.759517
211.000000	31939.694849	-63205.013261	13.917249	-493.786572
211.500000	31946.653474	-63451.906547	13.779751	-493.813132
212.000000	31953.543349	-63698.813113	13.643606	-493.839206
212.500000	31960.365152	-63945.732716	13.508800	-493.864801
213.000000	31967.119552	-64192.665117	13.375319	-493.889928
213.500000	31973.807212	-64439.610081	13.243152	-493.914594
214.000000	31980.428788	-64686.567378	13.112285	-493.938808
214.500000	31986.984931	-64933.536782	12.982706	-493.962578
215.000000	31993.476284	-65180.518071	12.854403	-493.985912
215.500000	31999.903485	-65427.511027	12.727362	-494.008819
216.000000	32006.267166	-65674.515436	12.601572	-494.031305
216.500000	32012.567952	-65921.531088	12.477020	-494.053378
217.000000	32018.806462	-66168.557777	12.353694	-494.075047
217.500000	32024.983309	-66415.595301	12.231583	-494.096318
218.000000	32031.099100	-66662.643460	12.110674	-494.117199
218.500000	32037.154437	-66909.702059	11.990956	-494.137696
219.000000	32043.149916	-67156.770907	11.872418	-494.157817
219.500000	32049.086124	-67403.849816	11.755047	-494.177569
220.000000	32054.963648	-67650.938601	11.638833	-494.196958
220.500000	32060.783064	-67898.037080	11.523763	-494.215991
221.000000	32066.544946	-68145.145075	11.409828	-494.234674
221.500000	32072.249860	-68392.262412	11.297015	-494.253014
222.000000	32077.898367	-68639.388919	11.185314	-494.271017
222.500000	32083.491024	-68886.524428	11.074714	-494.288690
223.000000	32089.028381	-69133.668773	10.965205	-494.306037
223.500000	32094.510984	-69380.821791	10.856775	-494.323066
224.000000	32099.939371	-69627.983324	10.749414	-494.339781
224.500000	32105.314078	-69875.153215	10.643111	-494.356190
225.000000	32110.635634	-70122.331310	10.537857	-494.372296
225.500000	32115.904562	-70369.517458	10.433641	-494.388106
226.000000	32121.121383	-70616.711511	10.330453	-494.403626
226.500000	32126.286609	-70863.913324	10.228282	-494.418860
227.000000	32131.400750	-71111.122754	10.127119	-494.433814
227.500000	32136.464310	-71358.339661	10.026955	-494.448492
228.000000	32141.477787	-71605.563907	9.927778	-494.462901
228.500000	32146.441676	-71852.795357	9.829580	-494.477044
229.000000	32151.356466	-72100.033879	9.732351	-494.490927
229.500000	32156.222641	-72347.279343	9.636081	-494.504554
230.000000	32161.040682	-72594.531620	9.540761	-494.517931
230.500000	32165.811062	-72841.790585	9.446382	-494.531061
231.000000	32170.534253	-73089.056116	9.352934	-494.543949
231.500000	32175.210720	-73336.328090	9.260409	-494.556600
232.000000	32179.840924	-73583.606390	9.168797	-494.569018
232.500000	32184.425323	-73830.890900	9.078089	-494.581207
233.000000	32188.964368	-74078.181503	8.988277	-494.593172
233.500000	32193.458506	-74325.478089	8.899352	-494.604916
234.000000	32197.908182	-74572.780547	8.811304	-494.616444
234.500000	32202.313834	-74820.088769	8.724126	-494.627759
235.000000	32206.675897	-75067.402648	8.637809	-494.638865
235.500000	32210.994801	-75314.722081	8.552344	-494.649767
236.000000	32215.270973	-75562.046964	8.467723	-494.660468
236.500000	32219.504834	-75809.377198	8.383938	-494.670971
237.000000	32223.696803	-76056.712684	8.300980	-494.681281
237.500000	32227.847293	-76304.053324	8.218841	-494.691401
238.000000	32231.956714	-76551.399025	8.137514	-494.701334
238.500000	32236.025471	-76798.749691	8.056991	-494.711083
239.000000	32240.053966	-77046.105233	7.977263	-494.720653
239.500000	32244.042598	-77293.465560	7.898322	-494.730046
240.000000	32247.991759	-77540.830583	7.820161	-494.739266
240.500000	32251.901839	-77788.200216	7.742773	-494.748316
241.000000	32255.773226	-78035.574373	7.666149	-494.757198
241.500000	32259.606300	-78282.952973	7.590282	-494.765917
242.000000	32263.401441	-78530.335931	7.515165	-494.774475
242.500000	32267.159024	-78777.723168	7.440790	-494.782874
243.000000	32270.879419	-79025.114605	7.367150	-494.791119
243.500000	32274.562994	-79272.510165	7.294238	-494.799211
244.000000	32278.210113	-79519.909770	7.222047	-494.807154
244.500000	32281.821137	-79767.313347	7.150569	-494.814950
245.000000	32285.396421	-80014.720822	7.079797	-494.822602
245.500000	32288.936320	-80262.132123	7.009725	-494.830113
246.000000	32292.441182	-80509.547179	6.940346	-494.837484
246.500000	32295.911355	-80756.965921	6.871652	-494.844720
247.000000	32299.347181	-81004.388281	6.803638	-494.851822
247.500000	32302.749000	-81251.814192	6.736295	-494.858792
248.000000	32306.117148	-81499.243589	6.669619	-494.865634
248.500000	32309.451957	-81746.676406	6.603602	-494.872350
249.000000	32312.753758	-81994.112580	6.538237	-494.878941
249.500000	32316.022876	-82241.552051	6.473519	-494.885410
250.000000	32319.259635	-82488.994756	6.409440	-494.891759
250.500000	32322.464356	-82736.440635	6.345995	-494.897992
251.000000	32325.637353	-82983.889631	6.283178	-494.904108
251.500000	32328.778942	-83231.341685	6.220981	-494.910112
252.000000	32331.889433	-83478.796741	6.159400	-494.916005
252.500000	32334.969132	-83726.254744	6.098427	-494.921788
253.000000	32338.018346	-83973.715638	6.038058	-494.927465
253.500000	32341.037375	-84221.179370	5.978285	-494.933036
254.000000	32344.026518	-84468.645889	5.919104	-494.938505
254.500000	32346.986070	-84716.115141	5.860508	-494.943872
255.000000	32349.916324	-84963.587077	5.802492	-494.949140
255.500000	32352.817570	-85211.061647	5.745049	-494.954310
256.000000	32355.690094	-85458.538802	5.688174	-494.959385
256.500000	32358.534181	-85706.018494	5.631862	-494.964365
257.000000	32361.350112	-85953.500677	5.576107	-494.969254
257.500000	32364.138166	-86200.985304	5.520904	-494.974052
258.000000	32366.898618	-86448.472330	5.466246	-494.978760
258.500000	32369.631741	-86695.961710	5.412129	-494.983382
259.000000	32372.337806	-86943.453401	5.358548	-494.987918
259.500000	32375.017080	-87190.947360	5.305496	-494.992370
260.000000	32377.669828	-87438.443545	5.252970	-494.996740
260.500000	32380.296313	-87685.941915	5.200963	-495.001029
261.000000	32382.896794	-87933.442430	5.149470	-495.005238
261.500000	32385.471529	-88180.945049	5.098487	-495.009369
262.000000	32388.020773	-88428.449733	5.048009	-495.013423
262.500000	32390.544777	-88675.956445	4.998029	-495.017403
263.000000	32393.043792	-88923.465146	4.948545	-495.021308
263.500000	32395.518064	-89170.975801	4.899550	-495.025142
264.000000	32397.967839	-89418.488371	4.851039	-495.028904
264.500000	32400.393359	-89666.002823	4.803009	-495.032596
265.000000	32402.794863	-89913.519121	4.755454	-495.036220
265.500000	32405.172590	-90161.037231	4.708369	-495.039777
266.000000	32407.526774	-90408.557120	4.661750	-495.043267
266.500000	32409.857650	-90656.078754	4.615593	-495.046693
267.000000	32412.165446	-90903.602100	4.569892	-495.050056
267.500000	32414.450392	-91151.127128	4.524644	-495.053356
268.000000	32416.712714	-91398.653806	4.479843	-495.056595
268.500000	32418.952636	-91646.182103	4.435486	-495.059773
269.000000	32421.170378	-91893.711990	4.391567	-495.062893
269.500000	32423.366162	-92141.243437	4.348084	-495.065955
270.000000	32425.540204	-92388.776414	4.305030	-495.068960
270.500000	32427.692719	-92636.310894	4.262403	-495.071909
271.000000	32429.823921	-92883.846848	4.220197	-495.074803
271.500000	32431.934019	-93131.384250	4.178410	-495.077644
272.000000	32434.023224	-93378.923072	4.137035	-495.080432
272.500000	32436.091742	-93626.463288	4.096071	-495.083168
273.000000	32438.139777	-93874.004872	4.055511	-495.085853
273.500000	32440.167533	-94121.547799	4.015353	-495.088489
274.000000	32442.175209	-94369.092043	3.975593	-495.091075
274.500000	32444.163006	-94616.637581	3.936226	-495.093614
275.000000	32446.131119	-94864.184388	3.897249	-495.096105
275.500000	32448.079744	-95111.732440	3.858657	-495.098550
276.000000	32450.009072	-95359.281716	3.820448	-495.100950
276.500000	32451.919296	-95606.832191	3.782617	-495.103305
277.000000	32453.810605	-95854.383843	3.745160	-495.105616
277.500000	32455.683185	-96101.936651	3.708074	-495.107885
278.000000	32457.537222	-96349.490594	3.671355	-495.110111
278.500000	32459.372899	-96597.045649	3.634999	-495.112296
279.000000	32461.190399	-96844.601797	3.599004	-495.114440
279.500000	32462.989901	-97092.159016	3.563364	-495.116544
280.000000	32464.771583	-97339.717288	3.528078	-495.118609
280.500000	32466.535622	-97587.276593	3.493141	-495.120636
281.000000	32468.282192	-97834.836911	3.458549	-495.122625
281.500000	32470.011467	-98082.398224	3.424300	-495.124577
282.000000	32471.723617	-98329.960512	3.390390	-495.126493
282.500000	32473.418812	-98577.523759	3.356816	-495.128373
283.000000	32475.097220	-98825.087945	3.323574	-495.130218
283.500000	32476.759007	-99072.653054	3.290662	-495.132029
284.000000	32478.404338	-99320.219069	3.258075	-495.133806
284.500000	32480.033376	-99567.785972	3.225810	-495.135551
285.000000	32481.646281	-99815.353747	3.193865	-495.137262
285.500000	32483.243213	-100062.922379	3.162237	-495.138942
286.000000	32484.824332	-100310.491850	3.130921	-495.140591
286.500000	32486.389792	-100558.062145	3.099916	-495.142208
287.000000	32487.939750	-100805.633249	3.069217	-495.143796
287.500000	32489.474358	-101053.205147	3.038822	-495.145354
288.000000	32490.993770	-101300.777824	3.008729	-495.146884
288.500000	32492.498134	-101548.351266	2.978933	-495.148384
289.000000	32493.987600	-101795.925459	2.949432	-495.149857
289.500000	32495.462316	-102043.500387	2.920223	-495.151303
290.000000	32496.922428	-102291.076038	2.891304	-495.152721
290.500000	32498.368080	-102538.652399	2.862670	-495.154113
291.000000	32499.799415	-102786.229456	2.834321	-495.155479
291.500000	32501.216575	-103033.807195	2.806252	-495.156820
292.000000	32502.619701	-103281.385605	2.778460	-495.158136
292.500000	32504.008931	-103528.964673	2.750945	-495.159427
293.000000	32505.384403	-103776.544387	2.723701	-495.160694
293.500000	32506.746254	-104024.124734	2.696727	-495.161938
294.000000	32508.094617	-104271.705702	2.670020	-495.163158
294.500000	32509.429628	-104519.287282	2.643578	-495.164356
295.000000	32510.751417	-104766.869459	2.617398	-495.165531
295.500000	32512.060116	-105014.452225	2.591476	-495.166684
296.000000	32513.355854	-105262.035567	2.565812	-495.167816
296.500000	32514.638760	-105509.619475	2.540401	-495.168927
297.000000	32515.908960	-105757.203939	2.515242	-495.170017
297.500000	32517.166582	-106004.788948	2.490333	-495.171087
298.000000	32518.411748	-106252.374491	2.465670	-495.172137
298.500000	32519.644583	-106499.960560	2.441251	-495.173167
299.000000	32520.865208	-106747.547143	2.417073	-495.174178
299.500000	32522.073745	-106995.134233	2.393136	-495.175171
300.000000	32523.270312	-107242.721818	2.369435	-495.176144
300.500000	32524.455030	-107490.309890	2.345969	-495.177100
301.000000	32525.628014	-107737.898440	2.322735	-495.178038
301.500000	32526.789382	-107985.487459	2.299732	-495.178958
302.000000	32527.939248	-108233.076938	2.276956	-495.179861
302.500000	32529.077726	-108480.666869	2.254406	-495.180747
303.000000	32530.204929	-108728.257242	2.232079	-495.181617
303.500000	32531.320968	-108975.848051	2.209973	-495.182471
304.000000	32532.425954	-109223.439286	2.188086	-495.183308
304.500000	32533.519997	-109471.030940	2.166415	-495.184130
305.000000	32534.603205	-109718.623005	2.144960	-495.184937
305.500000	32535.675685	-109966.215474	2.123716	-495.185728
306.000000	32536.737543	-110213.808338	2.102684	-495.186505
306.500000	32537.788885	-110461.401590	2.081859	-495.187267
307.000000	32538.829814	-110708.995224	2.061241	-495.188015
307.500000	32539.860435	-110956.589232	2.040826	-495.188750
308.000000	32540.880848	-111204.183606	2.020614	-495.189470
308.500000	32541.891155	-111451.778341	2.000602	-495.190177
309.000000	32542.891456	-111699.373430	1.980789	-495.190871
309.500000	32543.881851	-111946.968865	1.961171	-495.191551
310.000000	32544.862436	-112194.564641	1.941748	-495.192220
310.500000	32545.833310	-112442.160751	1.922517	-495.192875
311.000000	32546.794569	-112689.757188	1.903477	-495.193518
311.500000	32547.746307	-112937.353948	1.884625	-495.194150
312.000000	32548.688619	-113184.951022	1.865959	-495.194769
312.500000	32549.621599	-113432.548407	1.847479	-495.195377
313.000000	32550.545339	-113680.146096	1.829182	-495.195974
313.500000	32551.459929	-113927.744083	1.811065	-495.196560
314.000000	32552.365462	-114175.342363	1.793129	-495.197134
314.500000	32553.262026	-114422.940930	1.775369	-495.197698
315.000000	32554.149711	-114670.539779	1.757786	-495.198251
315.500000	32555.028604	-114918.138904	1.740377	-495.198794
316.000000	32555.898793	-115165.738301	1.723140	-495.199327
316.500000	32556.760363	-115413.337965	1.706074	-495.199850
317.000000	32557.613400	-115660.937890	1.689177	-495.200363
317.500000	32558.457988	-115908.538071	1.672447	-495.200866
318.000000	32559.294212	-116156.138504	1.655883	-495.201360
318.500000	32560.122154	-116403.739184	1.639483	-495.201845
319.000000	32560.941895	-116651.340107	1.623246	-495.202321
319.500000	32561.753518	-116898.941267	1.607169	-495.202788
320.000000	32562.557103	-117146.542661	1.591251	-495.203246
320.500000	32563.352729	-117394.144284	1.575491	-495.203696
321.000000	32564.140474	-117641.746132	1.559888	-495.204137
321.500000	32564.920418	-117889.348200	1.544438	-495.204570
322.000000	32565.692637	-118136.950485	1.529142	-495.204995
322.500000	32566.457208	-118384.552983	1.513997	-495.205411
323.000000	32567.214207	-118632.155688	1.499002	-495.205820
323.500000	32567.963708	-118879.758599	1.484156	-495.206222
324.000000	32568.705786	-119127.361709	1.469457	-495.206616
324.500000	32569.440514	-119374.965017	1.454903	-495.207002
325.000000	32570.167965	-119622.568519	1.440493	-495.207382
325.500000	32570.888212	-119870.172209	1.426226	-495.207754
326.000000	32571.601325	-120117.776086	1.412101	-495.208119
326.500000	32572.307375	-120365.380146	1.398115	-495.208478
327.000000	32573.006433	-120612.984385	1.384268	-495.208829
327.500000	32573.698567	-120860.588800	1.370558	-495.209175
328.000000	32574.383846	-121108.193387	1.356983	-495.209513
328.500000	32575.062337	-121355.798144	1.343543	-495.209846
329.000000	32575.734109	-121603.403066	1.330237	-495.210172
329.500000	32576.399227	-121851.008152	1.317062	-495.210492
330.000000	32577.057758	-122098.613398	1.304017	-495.210806
330.500000	32577.709767	-122346.218801	1.291102	-495.211114
331.000000	32578.355317	-122593.824358	1.278314	-495.211416
331.500000	32578.994475	-122841.430066	1.265654	-495.211713
332.000000	32579.627302	-123089.035922	1.253118	-495.212004
332.500000	32580.253861	-123336.641925	1.240707	-495.212290
333.000000	32580.874214	-123584.248070	1.228419	-495.212570
333.500000	32581.488424	-123831.854355	1.216252	-495.212845
334.000000	32582.096550	-124079.460777	1.204206	-495.213115
334.500000	32582.698653	-124327.067335	1.192279	-495.213380
335.000000	32583.294792	-124574.674025	1.180471	-495.213640
335.500000	32583.885028	-124822.280845	1.168779	-495.213895
336.000000	32584.469417	-125069.887793	1.157203	-495.214146
336.500000	32585.048018	-125317.494866	1.145742	-495.214391
337.000000	32585.620889	-125565.102061	1.134394	-495.214632
337.500000	32586.188086	-125812.709377	1.123158	-495.214869
338.000000	32586.749665	-126060.316812	1.112034	-495.215101
338.500000	32587.305683	-126307.924362	1.101020	-495.215328
339.000000	32587.856193	-126555.532026	1.090115	-495.215552
339.500000	32588.401250	-126803.139802	1.079319	-495.215771
340.000000	32588.940910	-127050.747688	1.068629	-495.215986
340.500000	32589.475224	-127298.355681	1.058045	-495.216197
341.000000	32590.004246	-127545.963780	1.047565	-495.216405
341.500000	32590.528029	-127793.571982	1.037190	-495.216608
342.000000	32591.046624	-128041.180286	1.026917	-495.216807
342.500000	32591.560083	-128288.788690	1.016746	-495.217003
343.000000	32592.068456	-128536.397191	1.006676	-495.217195
343.500000	32592.571794	-128784.005789	0.996706	-495.217384
344.000000	32593.070146	-129031.614480	0.986834	-495.217569
344.500000	32593.563563	-129279.223265	0.977060	-495.217750
345.000000	32594.052093	-129526.832140	0.967383	-495.217928
345.500000	32594.535785	-129774.441104	0.957801	-495.218103
346.000000	32595.014685	-130022.050155	0.948315	-495.218274
346.500000	32595.488843	-130269.659292	0.938922	-495.218442
347.000000	32595.958304	-130517.268513	0.929623	-495.218607
347.500000	32596.423115	-130764.877817	0.920416	-495.218769
348.000000	32596.883323	-131012.487202	0.911299	-495.218928
348.500000	32597.338973	-131260.096666	0.902274	-495.219084
349.000000	32597.790110	-131507.706208	0.893337	-495.219237
349.500000	32598.236778	-131755.315827	0.884489	-495.219388
350.000000	32598.679023	-132002.925521	0.875729	-495.219535
350.500000	32599.116887	-132250.535288	0.867055	-495.219679
351.000000	32599.550415	-132498.145128	0.858468	-495.219821
351.500000	32599.979649	-132745.755038	0.849965	-495.219961
352.000000	32600.404631	-132993.365019	0.841547	-495.220097
352.500000	32600.825405	-133240.975067	0.833212	-495.220231
353.000000	32601.242010	-133488.585183	0.824959	-495.220363
353.500000	32601.654490	-133736.195364	0.816788	-495.220492
354.000000	32602.062884	-133983.805610	0.808699	-495.220618
354.500000	32602.467233	-134231.415919	0.800689	-495.220743
355.000000	32602.867578	-134479.026290	0.792758	-495.220864
355.500000	32603.263957	-134726.636723	0.784907	-495.220984
356.000000	32603.656410	-134974.247215	0.777133	-495.221101
356.500000	32604.044977	-135221.857765	0.769436	-495.221217
357.000000	32604.429694	-135469.468374	0.761815	-495.221330
357.500000	32604.810602	-135717.079038	0.754269	-495.221441
358.000000	32605.187736	-135964.689759	0.746799	-495.221549
358.500000	32605.561136	-136212.300533	0.739402	-495.221656
359.000000	32605.930837	-136459.911361	0.732079	-495.221761
359.500000	32606.296876	-136707.522242	0.724828	-495.221864
360.000000	32606.659290	-136955.133174	0.717649	-495.221965
360.500000	32607.018114	-137202.744156	0.710541	-495.222063
361.000000	32607.373385	-137450.355188	0.703503	-495.222161
361.500000	32607.725137	-137697.966268	0.696536	-495.222256
362.000000	32608.073404	-137945.577396	0.689637	-495.222349
362.500000	32608.418223	-138193.188571	0.682806	-495.222441
363.000000	32608.759626	-138440.799791	0.676044	-495.222531
363.500000	32609.097648	-138688.411057	0.669348	-495.222619
364.000000	32609.432322	-138936.022366	0.662718	-495.222706
364.500000	32609.763681	-139183.633720	0.656154	-495.222791
365.000000	32610.091758	-139431.245115	0.649655	-495.222875
365.500000	32610.416586	-139678.856552	0.643221	-495.222956
366.000000	32610.738196	-139926.468031	0.636850	-495.223037
366.500000	32611.056621	-140174.079549	0.630543	-495.223116
367.000000	32611.371892	-140421.691107	0.624297	-495.223193
367.500000	32611.684041	-140669.302703	0.618114	-495.223269
368.000000	32611.993098	-140916.914338	0.611992	-495.223343
368.500000	32612.299094	-141164.526009	0.605930	-495.223416
369.000000	32612.602059	-141412.137718	0.599929	-495.223488
369.500000	32612.902024	-141659.749462	0.593987	-495.223558
370.000000	32613.199017	-141907.361241	0.588104	-495.223627
370.500000	32613.493069	-142154.973054	0.582279	-495.223695
371.000000	32613.784209	-142402.584902	0.576512	-495.223762
371.500000	32614.072465	-142650.196783	0.570802	-495.223827
372.000000	32614.357865	-142897.808696	0.565148	-495.223891
372.500000	32614.640440	-143145.420642	0.559551	-495.223953
373.000000	32614.920215	-143393.032618	0.554009	-495.224015
373.500000	32615.197219	-143640.644626	0.548522	-495.224076
374.000000	32615.471480	-143888.256664	0.543089	-495.224135
374.500000	32615.743024	-144135.868731	0.537710	-495.224193
375.000000	32616.011879	-144383.480827	0.532384	-495.224250
375.500000	32616.278071	-144631.092952	0.527111	-495.224306
376.000000	32616.541627	-144878.705105	0.521890	-495.224361
376.500000	32616.802572	-145126.317286	0.516721	-495.224415
377.000000	32617.060933	-145373.929493	0.511603	-495.224468
377.500000	32617.316734	-145621.541727	0.506536	-495.224520
378.000000	32617.570002	-145869.153987	0.501519	-495.224571
378.500000	32617.820762	-146116.766273	0.496552	-495.224621
379.000000	32618.069038	-146364.378583	0.491634	-495.224670
379.500000	32618.314855	-146611.990918	0.486764	-495.224718
380.000000	32618.558237	-146859.603277	0.481943	-495.224765
380.500000	32618.799208	-147107.215659	0.477170	-495.224811
381.000000	32619.037793	-147354.828065	0.472444	-495.224857
381.500000	32619.274015	-147602.440493	0.467764	-495.224901
382.000000	32619.507897	-147850.052944	0.463131	-495.224945
382.500000	32619.739463	-148097.665417	0.458544	-495.224988
383.000000	32619.968735	-148345.277911	0.454003	-495.225030
383.500000	32620.195737	-148592.890426	0.449506	-495.225072
384.000000	32620.420490	-148840.502961	0.445054	-495.225112
384.500000	32620.643016	-149088.115517	0.440646	-495.225152
385.000000	32620.863339	-149335.728093	0.436281	-495.225191
385.500000	32621.081480	-149583.340689	0.431960	-495.225229
386.000000	32621.297460	-149830.953303	0.427682	-495.225267
386.500000	32621.511301	-150078.565937	0.423446	-495.225304
387.000000	32621.723024	-150326.178589	0.419252	-495.225340
387.500000	32621.932650	-150573.791259	0.415099	-495.225375
388.000000	32622.140200	-150821.403946	0.410988	-495.225410
388.500000	32622.345694	-151069.016651	0.406917	-495.225444
389.000000	32622.549153	-151316.629374	0.402887	-495.225478
389.500000	32622.750596	-151564.242112	0.398897	-495.225511
390.000000	32622.950044	-151811.854868	0.394946	-495.225543
390.500000	32623.147517	-152059.467639	0.391034	-495.225575
391.000000	32623.343034	-152307.080427	0.387161	-495.225606
391.500000	32623.536615	-152554.693230	0.383326	-495.225636
392.000000	32623.728278	-152802.306048	0.379530	-495.225666
392.500000	32623.918043	-153049.918881	0.375771	-495.225696
393.000000	32624.105928	-153297.531729	0.372049	-495.225724
393.500000	32624.291953	-153545.144591	0.368364	-495.225753
394.000000	32624.476135	-153792.757467	0.364715	-495.225780
394.500000	32624.658493	-154040.370357	0.361103	-495.225808
395.000000	32624.839044	-154287.983261	0.357527	-495.225834
395.500000	32625.017807	-154535.596178	0.353985	-495.225860
396.000000	32625.194800	-154783.209108	0.350479	-495.225886
396.500000	32625.370040	-155030.822051	0.347008	-495.225911
397.000000	32625.543544	-155278.435007	0.343571	-495.225936
397.500000	32625.715329	-155526.047975	0.340168	-495.225960
398.000000	32625.885414	-155773.660955	0.336799	-495.225984
398.500000	32626.053813	-156021.273947	0.333463	-495.226007
399.000000	32626.220545	-156268.886951	0.330160	-495.226030
399.500000	32626.385625	-156516.499966	0.326890	-495.226053
400.000000	32626.549070	-156764.112992	0.323653	-495.226075
400.500000	32626.710896	-157011.726030	0.320447	-495.226097
401.000000	32626.871120	-157259.339078	0.317273	-495.226118
401.500000	32627.029756	-157506.952137	0.314131	-495.226139
402.000000	32627.186822	-157754.565206	0.311019	-495.226159
402.500000	32627.342331	-158002.178286	0.307939	-495.226179
403.000000	32627.496301	-158249.791376	0.304889	-495.226199
403.500000	32627.648745	-158497.404475	0.301869	-495.226218
404.000000	32627.799680	-158745.017584	0.298879	-495.226237
404.500000	32627.949119	-158992.630703	0.295919	-495.226256
405.000000	32628.097079	-159240.243830	0.292988	-495.226274
405.500000	32628.243573	-159487.856967	0.290086	-495.226292
406.000000	32628.388616	-159735.470113	0.287213	-495.226309
406.500000	32628.532222	-159983.083268	0.284368	-495.226327
407.000000	32628.674407	-160230.696431	0.281552	-495.226343
407.500000	32628.815182	-160478.309603	0.278763	-495.226360
408.000000	32628.954564	-160725.922783	0.276002	-495.226376
408.500000	32629.092565	-160973.535971	0.273268	-495.226392
409.000000	32629.229199	-161221.149167	0.270562	-495.226408
409.500000	32629.364480	-161468.762371	0.267882	-495.226423
410.000000	32629.498421	-161716.375583	0.265229	-495.226438
410.500000	32629.631035	-161963.988802	0.262602	-495.226453
411.000000	32629.762336	-162211.602029	0.260001	-495.226468
411.500000	32629.892337	-162459.215263	0.257426	-495.226482
412.000000	32630.021050	-162706.828504	0.254876	-495.226496
412.500000	32630.148488	-162954.441752	0.252352	-495.226510
413.000000	32630.274663	-163202.055006	0.249852	-495.226523
413.500000	32630.399589	-163449.668268	0.247377	-495.226536
414.000000	32630.523278	-163697.281536	0.244927	-495.226549
414.500000	32630.645742	-163944.894811	0.242501	-495.226562
415.000000	32630.766992	-164192.508092	0.240100	-495.226574
415.500000	32630.887042	-164440.121379	0.237721	-495.226587
416.000000	32631.005903	-164687.734672	0.235367	-495.226599
416.500000	32631.123586	-164935.347971	0.233036	-495.226610
417.000000	32631.240104	-165182.961276	0.230728	-495.226622
417.500000	32631.355468	-165430.574587	0.228442	-495.226633
418.000000	32631.469689	-165678.187904	0.226180	-495.226644
418.500000	32631.582779	-165925.801226	0.223940	-495.226655
419.000000	32631.694749	-166173.414554	0.221722	-495.226666
419.500000	32631.805610	-166421.027887	0.219526	-495.226676
420.000000	32631.915373	-166668.641225	0.217351	-495.226687
420.500000	32632.024048	-166916.254568	0.215198	-495.226697
421.000000	32632.131647	-167163.867917	0.213067	-495.226707
421.500000	32632.238181	-167411.481270	0.210957	-495.226716
422.000000	32632.343659	-167659.094628	0.208867	-495.226726
422.500000	32632.448093	-167906.707991	0.206799	-495.226735
423.000000	32632.551492	-168154.321359	0.204750	-495.226745
423.500000	32632.653867	-168401.934731	0.202722	-495.226754
424.000000	32632.755228	-168649.548108	0.200714	-495.226762
424.500000	32632.855586	-168897.161489	0.198726	-495.226771
425.000000	32632.954949	-169144.774875	0.196758	-495.226780
425.500000	32633.053328	-169392.388265	0.194809	-495.226788
426.000000	32633.150733	-169640.001659	0.192880	-495.226796
426.500000	32633.247173	-169887.615057	0.190969	-495.226804
427.000000	32633.342657	-170135.228459	0.189078	-495.226812
427.500000	32633.437196	-170382.841865	0.187205	-495.226820
428.000000	32633.530799	-170630.455275	0.185351	-495.226827
428.500000	32633.623474	-170878.068688	0.183515	-495.226835
429.000000	32633.715232	-171125.682106	0.181698	-495.226842
429.500000	32633.806081	-171373.295527	0.179898	-495.226849
430.000000	32633.896030	-171620.908951	0.178116	-495.226856
430.500000	32633.985088	-171868.522380	0.176352	-495.226863
431.000000	32634.073264	-172116.135811	0.174605	-495.226870
431.500000	32634.160567	-172363.749246	0.172876	-495.226877
432.000000	32634.247005	-172611.362684	0.171164	-495.226883
432.500000	32634.332587	-172858.976126	0.169468	-495.226890
433.000000	32634.417321	-173106.589571	0.167790	-495.226896
433.500000	32634.501216	-173354.203019	0.166128	-495.226902
434.000000	32634.584280	-173601.816470	0.164483	-495.226908
434.500000	32634.666521	-173849.429924	0.162854	-495.226914
435.000000	32634.747948	-174097.043381	0.161241	-495.226920
435.500000	32634.828568	-174344.656840	0.159643	-495.226925
436.000000	32634.908390	-174592.270303	0.158062	-495.226931
436.500000	32634.987421	-174839.883769	0.156497	-495.226936
437.000000	32635.065669	-175087.497237	0.154947	-495.226942
437.500000	32635.143143	-175335.110708	0.153412	-495.226947
438.000000	32635.219849	-175582.724181	0.151893	-495.226952
438.500000	32635.295795	-175830.337658	0.150388	-495.226957
439.000000	32635.370989	-176077.951136	0.148899	-495.226962
439.500000	32635.445439	-176325.564618	0.147424	-495.226967
440.000000	32635.519150	-176573.178101	0.145964	-495.226972
440.500000	32635.592132	-176820.791587	0.144518	-495.226977
441.000000	32635.664391	-177068.405076	0.143087	-495.226981
441.500000	32635.735935	-177316.018566	0.141669	-495.226986
442.000000	32635.806769	-177563.632059	0.140266	-495.226990
442.500000	32635.876902	-177811.245555	0.138877	-495.226995
443.000000	32635.946341	-178058.859052	0.137501	-495.226999
443.500000	32636.015092	-178306.472551	0.136140	-495.227003
444.000000	32636.083161	-178554.086053	0.134791	-495.227007
444.500000	32636.150557	-178801.699557	0.133456	-495.227011
445.000000	32636.217285	-179049.313062	0.132134	-495.227015
445.500000	32636.283352	-179296.926570	0.130826	-495.227019
446.000000	32636.348765	-179544.540080	0.129530	-495.227023
446.500000	32636.413530	-179792.153591	0.128247	-495.227027
447.000000	32636.477653	-180039.767105	0.126977	-495.227031
447.500000	32636.541142	-180287.380620	0.125719	-495.227034
448.000000	32636.604001	-180534.994137	0.124474	-495.227038
448.500000	32636.666238	-180782.607656	0.123241	-495.227041
449.000000	32636.727859	-181030.221176	0.122020	-495.227045
449.500000	32636.788869	-181277.834699	0.120812	-495.227048
450.000000	32636.849275	-181525.448223	0.119615	-495.227051
450.500000	32636.909082	-181773.061748	0.118430	-495.227054
451.000000	32636.968297	-182020.675275	0.117257	-495.227057
451.500000	32637.026926	-182268.288804	0.116096	-495.227061
452.000000	32637.084974	-182515.902334	0.114946	-495.227064
452.500000	32637.142447	-182763.515866	0.113808	-495.227067
453.000000	32637.199351	-183011.129399	0.112680	-495.227070
453.500000	32637.255691	-183258.742934	0.111564	-495.227072
454.000000	32637.311473	-183506.356470	0.110459	-495.227075
454.500000	32637.366703	-183753.970008	0.109365	-495.227078
455.000000	32637.421386	-184001.583547	0.108282	-495.227081
455.500000	32637.475527	-184249.197087	0.107210	-495.227083
456.000000	32637.529132	-184496.810629	0.106148	-495.227086
456.500000	32637.582206	-184744.424172	0.105096	-495.227088
457.000000	32637.634754	-184992.037716	0.104056	-495.227091
457.500000	32637.686782	-185239.651262	0.103025	-495.227093
458.000000	32637.738294	-185487.264808	0.102005	-495.227096
458.500000	32637.789296	-185734.878356	0.100994	-495.227098
459.000000	32637.839794	-185982.491905	0.099994	-495.227101
459.500000	32637.889790	-186230.105456	0.099003	-495.227103
460.000000	32637.939292	-186477.719007	0.098023	-495.227105
460.500000	32637.988304	-186725.332560	0.097052	-495.227107
461.000000	32638.036830	-186972.946113	0.096091	-495.227109
461.500000	32638.084875	-187220.559668	0.095139	-495.227112
462.000000	32638.132445	-187468.173224	0.094197	-495.227114
462.500000	32638.179543	-187715.786780	0.093264	-495.227116
463.000000	32638.226175	-187963.400338	0.092340	-495.227118
463.500000	32638.272345	-188211.013897	0.091425	-495.227120
464.000000	32638.318058	-188458.627457	0.090520	-495.227121
464.500000	32638.363318	-188706.241018	0.089623	-495.227123
465.000000	32638.408129	-188953.854579	0.088736	-495.227125
465.500000	32638.452497	-189201.468142	0.087857	-495.227127
466.000000	32638.496425	-189449.081705	0.086987	-495.227129
466.500000	32638.539919	-189696.695270	0.086125	-495.227131
467.000000	32638.582981	-189944.308835	0.085272	-495.227132
467.500000	32638.625617	-190191.922401	0.084427	-495.227134
468.000000	32638.667831	-190439.535968	0.083591	-495.227136
468.500000	32638.709627	-190687.149536	0.082763	-495.227137
469.000000	32638.751008	-190934.763104	0.081944	-495.227139
469.500000	32638.791980	-191182.376674	0.081132	-495.227140
470.000000	32638.832546	-191429.990244	0.080328	-495.227142
470.500000	32638.872710	-191677.603815	0.079533	-495.227143
471.000000	32638.912477	-191925.217387	0.078745	-495.227145
471.500000	32638.951849	-192172.830959	0.077965	-495.227146
472.000000	32638.990832	-192420.444532	0.077193	-495.227148
472.500000	32639.029428	-192668.058106	0.076428	-495.227149
473.000000	32639.067642	-192915.671680	0.075671	-495.227150
473.500000	32639.105478	-193163.285256	0.074922	-495.227152
474.000000	32639.142939	-193410.898831	0.074180	-495.227153
474.500000	32639.180029	-193658.512408	0.073445	-495.227154
475.000000	32639.216751	-193906.125985	0.072718	-495.227156
475.500000	32639.253110	-194153.739563	0.071997	-495.227157
476.000000	32639.289109	-194401.353141	0.071284	-495.227158
476.500000	32639.324751	-194648.966720	0.070578	-495.227159
477.000000	32639.360040	-194896.580300	0.069879	-495.227160
477.500000	32639.394980	-195144.193880	0.069187	-495.227162
478.000000	32639.429573	-195391.807461	0.068502	-495.227163
478.500000	32639.463824	-195639.421042	0.067823	-495.227164
479.000000	32639.497736	-195887.034624	0.067152	-495.227165
479.500000	32639.531312	-196134.648207	0.066486	-495.227166
480.000000	32639.564555	-196382.261789	0.065828	-495.227167
480.500000	32639.597469	-196629.875373	0.065176	-495.227168
481.000000	32639.630057	-196877.488957	0.064530	-495.227169
481.500000	32639.662322	-197125.102541	0.063891	-495.227170
482.000000	32639.694268	-197372.716126	0.063258	-495.227171
482.500000	32639.725897	-197620.329712	0.062632	-495.227172
483.000000	32639.757213	-197867.943298	0.062012	-495.227173
483.500000	32639.788219	-198115.556884	0.061397	-495.227174
484.000000	32639.818917	-198363.170471	0.060789	-495.227175
484.500000	32639.849312	-198610.784058	0.060187	-495.227175
485.000000	32639.879405	-198858.397646	0.059591	-495.227176
485.500000	32639.909201	-199106.011234	0.059001	-495.227177
486.000000	32639.938701	-199353.624823	0.058416	-495.227178
486.500000	32639.967910	-199601.238412	0.057838	-495.227179
487.000000	32639.996828	-199848.852001	0.057265	-495.227180
487.500000	32640.025461	-200096.465591	0.056698	-495.227180
488.000000	32640.053810	-200344.079181	0.056136	-495.227181
488.500000	32640.081878	-200591.692771	0.055580	-495.227182
489.000000	32640.109668	-200839.306362	0.055030	-495.227183
489.500000	32640.137183	-201086.919954	0.054485	-495.227183
490.000000	32640.164425	-201334.533545	0.053945	-495.227184
490.500000	32640.191398	-201582.147137	0.053411	-495.227185
491.000000	32640.218103	-201829.760730	0.052882	-495.227185
491.500000	32640.244544	-202077.374322	0.052358	-495.227186
492.000000	32640.270723	-202324.987915	0.051839	-495.227187
492.500000	32640.296643	-202572.601509	0.051326	-495.227187
493.000000	32640.322306	-202820.215102	0.050818	-495.227188
493.500000	32640.347715	-203067.828696	0.050314	-495.227189
494.000000	32640.372872	-203315.442291	0.049816	-495.227189
494.500000	32640.397780	-203563.055885	0.049323	-495.227190
495.000000	32640.422441	-203810.669480	0.048834	-495.227190
495.500000	32640.446858	-204058.283075	0.048350	-495.227191
496.000000	32640.471033	-204305.896671	0.047871	-495.227192
496.500000	32640.494969	-204553.510267	0.047397	-495.227192
497.000000	32640.518668	-204801.123863	0.046928	-495.227193
497.500000	32640.542131	-205048.737459	0.046463	-495.227193
498.000000	32640.565363	-205296.351056	0.046003	-495.227194
498.500000	32640.588364	-205543.964653	0.045547	-495.227194
499.000000	32640.611138	-205791.578250	0.045096	-495.227195
499.500000	32640.633686	-206039.191847	0.044649	-495.227195
500.000000	32640.656011	-206286.805445	0.044207	-495.227196
500.500000	32640.678114	-206534.419042	0.043769	-495.227196
501.000000	32640.699999	-206782.032641	0.043336	-495.227197
501.500000	32640.721667	-207029.646239	0.042907	-495.227197
502.000000	32640.743120	-207277.259837	0.042482	-495.227198
502.500000	32640.764361	-207524.873436	0.042061	-495.227198
503.000000	32640.785391	-207772.487035	0.041644	-495.227198
503.500000	32640.806214	-208020.100634	0.041232	-495.227199
504.000000	32640.826830	-208267.714234	0.040823	-495.227199
504.500000	32640.847241	-208515.327833	0.040419	-495.227200
505.000000	32640.867451	-208762.941433	0.040019	-495.227200
505.500000	32640.887460	-209010.555033	0.039622	-495.227200
506.000000	32640.907271	-209258.168633	0.039230	-495.227201
506.500000	32640.926886	-209505.782234	0.038841	-495.227201
507.000000	32640.946307	-209753.395834	0.038457	-495.227202
507.500000	32640.965535	-210001.009435	0.038076	-495.227202
508.000000	32640.984573	-210248.623036	0.037699	-495.227202
508.500000	32641.003423	-210496.236637	0.037325	-495.227203
509.000000	32641.022085	-210743.850239	0.036956	-495.227203
509.500000	32641.040563	-210991.463840	0.036590	-495.227203
510.000000	32641.058858	-211239.077442	0.036227	-495.227204
510.500000	32641.076971	-211486.691043	0.035868	-495.227204
511.000000	32641.094906	-211734.304645	0.035513	-495.227204
511.500000	32641.112662	-211981.918248	0.035161	-495.227205
512.000000	32641.130243	-212229.531850	0.034813	-495.227205
512.500000	32641.147649	-212477.145452	0.034468	-495.227205
513.000000	32641.164884	-212724.759055	0.034127	-495.227205
513.500000	32641.181947	-212972.372658	0.033789	-495.227206
514.000000	32641.198841	-213219.986260	0.033454	-495.227206
514.500000	32641.215569	-213467.599864	0.033123	-495.227206
515.000000	32641.232130	-213715.213467	0.032795	-495.227207
515.500000	32641.248527	-213962.827070	0.032470	-495.227207
516.000000	32641.264762	-214210.440673	0.032148	-495.227207
516.500000	32641.280837	-214458.054277	0.031830	-495.227207
517.000000	32641.296752	-214705.667881	0.031515	-495.227208
517.500000	32641.312509	-214953.281484	0.031203	-495.227208
518.000000	32641.328110	-215200.895088	0.030894	-495.227208
518.500000	32641.343557	-215448.508692	0.030588	-495.227208
519.000000	32641.358851	-215696.122297	0.030285	-495.227209
519.500000	32641.373993	-215943.735901	0.029985	-495.227209
520.000000	32641.388985	-216191.349505	0.029688	-495.227209
520.500000	32641.403829	-216438.963110	0.029394	-495.227209
521.000000	32641.418526	-216686.576714	0.029102	-495.227209
521.500000	32641.433077	-216934.190319	0.028814	-495.227210
522.000000	32641.447484	-217181.803924	0.028529	-495.227210
522.500000	32641.461749	-217429.417529	0.028246	-495.227210
523.000000	32641.475872	-217677.031134	0.027966	-495.227210
523.500000	32641.489855	-217924.644739	0.027690	-495.227210
524.000000	32641.503700	-218172.258344	0.027415	-495.227211
524.500000	32641.517407	-218419.871950	0.027144	-495.227211
525.000000	32641.530979	-218667.485555	0.026875	-495.227211
525.500000	32641.544417	-218915.099161	0.026609	-495.227211
526.000000	32641.557721	-219162.712766	0.026345	-495.227211
526.500000	32641.570894	-219410.326372	0.026084	-495.227212
527.000000	32641.583936	-219657.939978	0.025826	-495.227212
527.500000	32641.596849	-219905.553584	0.025570	-495.227212
528.000000	32641.609634	-220153.167190	0.025317	-495.227212
528.500000	32641.622292	-220400.780796	0.025066	-495.227212
529.000000	32641.634825	-220648.394402	0.024818	-495.227212
529.500000	32641.647234	-220896.008008	0.024572	-495.227213
530.000000	32641.659520	-221143.621614	0.024329	-495.227213
530.500000	32641.671684	-221391.235221	0.024088	-495.227213
531.000000	32641.683728	-221638.848827	0.023849	-495.227213
531.500000	32641.695653	-221886.462434	0.023613	-495.227213
532.000000	32641.707459	-222134.076040	0.023379	-495.227213
532.500000	32641.719149	-222381.689647	0.023147	-495.227213
533.000000	32641.730722	-222629.303254	0.022918	-495.227214
533.500000	32641.742181	-222876.916860	0.022691	-495.227214
534.000000	32641.753527	-223124.530467	0.022466	-495.227214
534.500000	32641.764760	-223372.144074	0.022244	-495.227214
535.000000	32641.775882	-223619.757681	0.022024	-495.227214
535.500000	32641.786894	-223867.371288	0.021805	-495.227214
536.000000	32641.797797	-224114.984895	0.021589	-495.227214
536.500000	32641.808591	-224362.598502	0.021376	-495.227214
537.000000	32641.819279	-224610.212110	0.021164	-495.227215
537.500000	32641.829861	-224857.825717	0.020954	-495.227215
538.000000	32641.840338	-225105.439324	0.020747	-495.227215
538.500000	32641.850712	-225353.052932	0.020541	-495.227215
539.000000	32641.860982	-225600.666539	0.020338	-495.227215
539.500000	32641.871151	-225848.280147	0.020136	-495.227215
540.000000	32641.881219	-226095.893754	0.019937	-495.227215
540.500000	32641.891188	-226343.507362	0.019739	-495.227215
541.000000	32641.901058	-226591.120970	0.019544	-495.227215
541.500000	32641.910830	-226838.734577	0.019350	-495.227216
542.000000	32641.920505	-227086.348185	0.019159	-495.227216
542.500000	32641.930084	-227333.961793	0.018969	-495.227216
543.000000	32641.939569	-227581.575401	0.018781	-495.227216
543.500000	32641.948959	-227829.189009	0.018595	-495.227216
544.000000	32641.958257	-228076.802617	0.018411	-495.227216
544.500000	32641.967462	-228324.416225	0.018229	-495.227216
545.000000	32641.976576	-228572.029833	0.018048	-495.227216
545.500000	32641.985600	-228819.643441	0.017869	-495.227216
546.000000	32641.994535	-229067.257049	0.017692	-495.227216
546.500000	32642.003381	-229314.870657	0.017517	-495.227216
547.000000	32642.012140	-229562.484265	0.017344	-495.227216
547.500000	32642.020811	-229810.097873	0.017172	-495.227217
548.000000	32642.029397	-230057.711482	0.017002	-495.227217
548.500000	32642.037898	-230305.325090	0.016833	-495.227217
549.000000	32642.046315	-230552.938698	0.016667	-495.227217
549.500000	32642.054648	-230800.552307	0.016501	-495.227217
550.000000	32642.062899	-231048.165915	0.016338	-495.227217
550.500000	32642.071068	-231295.779524	0.016176	-495.227217
551.000000	32642.079156	-231543.393132	0.016016	-495.227217
551.500000	32642.087164	-231791.006741	0.015857	-495.227217
552.000000	32642.095093	-232038.620349	0.015700	-495.227217
552.500000	32642.102943	-232286.233958	0.015545	-495.227217
553.000000	32642.110715	-232533.847567	0.015391	-495.227217
553.500000	32642.118411	-232781.461175	0.015238	-495.227217
554.000000	32642.126030	-233029.074784	0.015087	-495.227217
554.500000	32642.133573	-233276.688393	0.014938	-495.227218
555.000000	32642.141042	-233524.302001	0.014790	-495.227218
555.500000	32642.148437	-233771.915610	0.014644	-495.227218
556.000000	32642.155759	-234019.529219	0.014499	-495.227218
556.500000	32642.163009	-234267.142828	0.014355	-495.227218
557.000000	32642.170186	-234514.756437	0.014213	-495.227218
557.500000	32642.177292	-234762.370046	0.014072	-495.227218
558.000000	32642.184328	-235009.983655	0.013933	-495.227218
558.500000	32642.191295	-235257.597263	0.013795	-495.227218
559.000000	32642.198192	-235505.210872	0.013658	-495.227218
559.500000	32642.205021	-235752.824481	0.013523	-495.227218
560.000000	32642.211782	-236000.438090	0.013389	-495.227218
560.500000	32642.218477	-236248.051700	0.013256	-495.227218
561.000000	32642.225105	-236495.665309	0.013125	-495.227218
561.500000	32642.231667	-236743.278918	0.012995	-495.227218
562.000000	32642.238165	-236990.892527	0.012866	-495.227218
562.500000	32642.244598	-237238.506136	0.012739	-495.227218
563.000000	32642.250967	-237486.119745	0.012613	-495.227218
563.500000	32642.257273	-237733.733354	0.012488	-495.227218
564.000000	32642.263517	-237981.346964	0.012364	-495.227218
564.500000	32642.269699	-238228.960573	0.012242	-495.227218
565.000000	32642.275820	-238476.574182	0.012120	-495.227219
565.500000	32642.281880	-238724.187791	0.012000	-495.227219
566.000000	32642.287880	-238971.801401	0.011881	-495.227219
566.500000	32642.293821	-239219.415010	0.011764	-495.227219
567.000000	32642.299703	-239467.028619	0.011647	-495.227219
567.500000	32642.305526	-239714.642229	0.011532	-495.227219
568.000000	32642.311292	-239962.255838	0.011418	-495.227219
568.500000	32642.317001	-240209.869447	0.011304	-495.227219
569.000000	32642.322653	-240457.483057	0.011193	-495.227219
569.500000	32642.328250	-240705.096666	0.011082	-495.227219
570.000000	32642.333790	-240952.710276	0.010972	-495.227219
570.500000	32642.339276	-241200.323885	0.010863	-495.227219
571.000000	32642.344708	-241447.937494	0.010756	-495.227219
571.500000	32642.350086	-241695.551104	0.010649	-495.227219
572.000000	32642.355410	-241943.164713	0.010544	-495.227219
572.500000	32642.360682	-242190.778323	0.010439	-495.227219
573.000000	32642.365902	-242438.391932	0.010336	-495.227219
573.500000	32642.371070	-242686.005542	0.010233	-495.227219
574.000000	32642.376186	-242933.619152	0.010132	-495.227219
574.500000	32642.381252	-243181.232761	0.010032	-495.227219
575.000000	32642.386268	-243428.846371	0.009932	-495.227219
575.500000	32642.391235	-243676.459980	0.009834	-495.227219
576.000000	32642.396152	-243924.073590	0.009737	-495.227219
576.500000	32642.401020	-244171.687199	0.009640	-495.227219
577.000000	32642.405840	-244419.300809	0.009545	-495.227219
577.500000	32642.410612	-244666.914419	0.009450	-495.227219
578.000000	32642.415337	-244914.528028	0.009357	-495.227219
578.500000	32642.420016	-245162.141638	0.009264	-495.227219
579.000000	32642.424648	-245409.755248	0.009172	-495.227219
579.500000	32642.429234	-245657.368857	0.009081	-495.227219
580.000000	32642.433774	-245904.982467	0.008991	-495.227219
580.500000	32642.438270	-246152.596077	0.008902	-495.227219
581.000000	32642.442721	-246400.209687	0.008814	-495.227219
581.500000	32642.447128	-246647.823296	0.008727	-495.227219
582.000000	32642.451491	-246895.436906	0.008640	-495.227220
582.500000	32642.455812	-247143.050516	0.008555	-495.227220
583.000000	32642.460089	-247390.664126	0.008470	-495.227220
583.500000	32642.464324	-247638.277735	0.008386	-495.227220
584.000000	32642.468517	-247885.891345	0.008303	-495.227220
584.500000	32642.472669	-248133.504955	0.008221	-495.227220
585.000000	32642.476779	-248381.118565	0.008139	-495.227220
585.500000	32642.480849	-248628.732175	0.008059	-495.227220
586.000000	32642.484878	-248876.345784	0.007979	-495.227220
586.500000	32642.488868	-249123.959394	0.007900	-495.227220
587.000000	32642.492818	-249371.573004	0.007822	-495.227220
587.500000	32642.496729	-249619.186614	0.007744	-495.227220
588.000000	32642.500601	-249866.800224	0.007668	-495.227220
588.500000	32642.504435	-250114.413834	0.007592	-495.227220
589.000000	32642.508230	-250362.027444	0.007516	-495.227220
589.500000	32642.511989	-250609.641053	0.007442	-495.227220
590.000000	32642.515710	-250857.254663	0.007368	-495.227220
590.500000	32642.519394	-251104.868273	0.007295	-495.227220
591.000000	32642.523041	-251352.481883	0.007223	-495.227220
591.500000	32642.526653	-251600.095493	0.007151	-495.227220
592.000000	32642.530229	-251847.709103	0.007081	-495.227220
592.500000	32642.533769	-252095.322713	0.007011	-495.227220
593.000000	32642.537274	-252342.936323	0.006941	-495.227220
593.500000	32642.540745	-252590.549933	0.006872	-495.227220
594.000000	32642.544181	-252838.163543	0.006804	-495.227220
594.500000	32642.547583	-253085.777153	0.006737	-495.227220
595.000000	32642.550951	-253333.390763	0.006670	-495.227220
595.500000	32642.554287	-253581.004373	0.006604	-495.227220
596.000000	32642.557589	-253828.617983	0.006539	-495.227220
596.500000	32642.560858	-254076.231593	0.006474	-495.227220
597.000000	32642.564095	-254323.845203	0.006410	-495.227220
597.500000	32642.567300	-254571.458813	0.006346	-495.227220
598.000000	32642.570473	-254819.072423	0.006283	-495.227220
598.500000	32642.573615	-255066.686033	0.006221	-495.227220
599.000000	32642.576725	-255314.299643	0.006160	-495.227220
599.500000	32642.579805	-255561.913253	0.006099	-495.227220
600.000000	32642.582854	-255809.526863	0.006038	-495.227220
600.500000	32642.585873	-256057.140473	0.005978	-495.227220
601.000000	32642.588863	-256304.754083	0.005919	-495.227220
601.500000	32642.591822	-256552.367693	0.005861	-495.227220
602.000000	32642.594752	-256799.981303	0.005802	-495.227220
602.500000	32642.597654	-257047.594913	0.005745	-495.227220
603.000000	32642.600526	-257295.208523	0.005688	-495.227220
603.500000	32642.603370	-257542.822133	0.005632	-495.227220
604.000000	32642.606186	-257790.435743	0.005576	-495.227220
604.500000	32642.608974	-258038.049353	0.005521	-495.227220
605.000000	32642.611735	-258285.662963	0.005466	-495.227220
605.500000	32642.614468	-258533.276573	0.005412	-495.227220
606.000000	32642.617174	-258780.890183	0.005358	-495.227220
606.500000	32642.619853	-259028.503793	0.005305	-495.227220
607.000000	32642.622505	-259276.117403	0.005253	-495.227220
607.500000	32642.625132	-259523.731013	0.005201	-495.227220
608.000000	32642.627732	-259771.344624	0.005149	-495.227220
608.500000	32642.630307	-260018.958234	0.005098	-495.227220
609.000000	32642.632856	-260266.571844	0.005048	-495.227220
609.500000	32642.635380	-260514.185454	0.004998	-495.227220
610.000000	32642.637879	-260761.799064	0.004948	-495.227220
610.500000	32642.640353	-261009.412674	0.004899	-495.227220
611.000000	32642.642802	-261257.026284	0.004851	-495.227220
611.500000	32642.645228	-261504.639894	0.004803	-495.227220
612.000000	32642.647629	-261752.253504	0.004755	-495.227220
612.500000	32642.650006	-261999.867115	0.004708	-495.227220
613.000000	32642.652360	-262247.480725	0.004661	-495.227220
613.500000	32642.654691	-262495.094335	0.004615	-495.227220
614.000000	32642.656999	-262742.707945	0.004569	-495.227220
614.500000	32642.659283	-262990.321555	0.004524	-495.227220
615.000000	32642.661545	-263237.935165	0.004479	-495.227220
615.500000	32642.663785	-263485.548775	0.004435	-495.227220
616.000000	32642.666003	-263733.162385	0.004391	-495.227220
616.500000	32642.668198	-263980.775996	0.004348	-495.227220
617.000000	32642.670372	-264228.389606	0.004305	-495.227220
617.500000	32642.672524	-264476.003216	0.004262	-495.227220
618.000000	32642.674655	-264723.616826	0.004220	-495.227220
618.500000	32642.676765	-264971.230436	0.004178	-495.227220
619.000000	32642.678854	-265218.844046	0.004137	-495.227220
619.500000	32642.680922	-265466.457657	0.004096	-495.227220
620.000000	32642.682970	-265714.071267	0.004055	-495.227220
620.500000	32642.684998	-265961.684877	0.004015	-495.227220
621.000000	32642.687005	-266209.298487	0.003975	-495.227220
621.500000	32642.688993	-266456.912097	0.003936	-495.227220
622.000000	32642.690960	-266704.525707	0.003897	-495.227220
622.500000	32642.692909	-266952.139318	0.003858	-495.227220
623.000000	32642.694838	-267199.752928	0.003820	-495.227220
623.500000	32642.696748	-267447.366538	0.003782	-495.227220
624.000000	32642.698639	-267694.980148	0.003745	-495.227220
624.500000	32642.700511	-267942.593758	0.003708	-495.227220
625.000000	32642.702365	-268190.207368	0.003671	-495.227220
625.500000	32642.704200	-268437.820979	0.003634	-495.227220
626.000000	32642.706017	-268685.434589	0.003598	-495.227220
626.500000	32642.707817	-268933.048199	0.003563	-495.227220
627.000000	32642.709598	-269180.661809	0.003528	-495.227220
627.500000	32642.711362	-269428.275419	0.003493	-495.227220
628.000000	32642.713108	-269675.889030	0.003458	-495.227220
628.500000	32642.714837	-269923.502640	0.003424	-495.227220
629.000000	32642.716549	-270171.116250	0.003390	-495.227220
629.500000	32642.718244	-270418.729860	0.003356	-495.227220
630.000000	32642.719922	-270666.343470	0.003323	-495.227220
630.500000	32642.721583	-270913.957081	0.003290	-495.227220
631.000000	32642.723228	-271161.570691	0.003258	-495.227220
631.500000	32642.724857	-271409.184301	0.003225	-495.227220
632.000000	32642.726470	-271656.797911	0.003193	-495.227220
632.500000	32642.728067	-271904.411521	0.003162	-495.227220
633.000000	32642.729647	-272152.025132	0.003130	-495.227220
633.500000	32642.731213	-272399.638742	0.003099	-495.227220
634.000000	32642.732762	-272647.252352	0.003069	-495.227220
634.500000	32642.734297	-272894.865962	0.003038	-495.227220
635.000000	32642.735816	-273142.479573	0.003008	-495.227220
635.500000	32642.737320	-273390.093183	0.002978	-495.227220
636.000000	32642.738809	-273637.706793	0.002949	-495.227220
636.500000	32642.740283	-273885.320403	0.002920	-495.227220
637.000000	32642.741743	-274132.934013	0.002891	-495.227220
637.500000	32642.743189	-274380.547624	0.002862	-495.227220
638.000000	32642.744620	-274628.161234	0.002834	-495.227220
638.500000	32642.746036	-274875.774844	0.002806	-495.227220
639.000000	32642.747439	-275123.388454	0.002778	-495.227220
639.500000	32642.748828	-275371.002065	0.002750	-495.227220
640.000000	32642.750203	-275618.615675	0.002723	-495.227220
640.500000	32642.751565	-275866.229285	0.002696	-495.227220
641.000000	32642.752913	-276113.842895	0.002669	-495.227220
641.500000	32642.754248	-276361.456505	0.002643	-495.227220
642.000000	32642.755569	-276609.070116	0.002617	-495.227220
642.500000	32642.756878	-276856.683726	0.002591	-495.227220
643.000000	32642.758173	-277104.297336	0.002565	-495.227220
643.500000	32642.759456	-277351.910946	0.002540	-495.227220
644.000000	32642.760726	-277599.524557	0.002515	-495.227220
644.500000	32642.761983	-277847.138167	0.002490	-495.227220
645.000000	32642.763228	-278094.751777	0.002465	-495.227220
645.500000	32642.764461	-278342.365387	0.002441	-495.227220
646.000000	32642.765681	-278589.978998	0.002417	-495.227220
646.500000	32642.766889	-278837.592608	0.002393	-495.227220
647.000000	32642.768086	-279085.206218	0.002369	-495.227220
647.500000	32642.769270	-279332.819828	0.002345	-495.227220
648.000000	32642.770443	-279580.433439	0.002322	-495.227220
648.500000	32642.771604	-279828.047049	0.002299	-495.227220
649.000000	32642.772754	-280075.660659	0.002276	-495.227220
649.500000	32642.773892	-280323.274269	0.002254	-495.227220
