0.000000	0.000000	0.000000	350.000000	606.217783
0.500000	175.000000	303.108891	345.100000	592.825734
1.000000	347.550000	599.521758	340.442878	579.920555
1.500000	517.771439	889.482035	336.011404	567.466849
2.000000	685.777141	1173.215460	331.789959	555.432537
2.500000	851.672120	1450.931728	327.764349	543.788470
3.000000	1015.554295	1722.825963	323.921644	532.508101
3.500000	1177.515117	1989.080014	320.250039	521.567200
4.000000	1337.640136	2249.863614	316.738732	510.943598
4.500000	1496.009502	2505.335413	313.377819	500.616977
5.000000	1652.698412	2755.643901	310.158199	490.568676
5.500000	1807.777511	3000.928239	307.071496	480.781523
6.000000	1961.313259	3241.319000	304.109986	471.239690
6.500000	2113.368252	3476.938845	301.266535	461.928563
7.000000	2264.001519	3707.903127	298.534539	452.834626
7.500000	2413.268789	3934.320440	295.907882	443.945359
8.000000	2561.222730	4156.293119	293.380884	435.249148
8.500000	2707.913172	4373.917693	290.948265	426.735204
9.000000	2853.387305	4587.285295	288.605113	418.393491
9.500000	2997.689861	4796.482041	286.346845	410.214660
10.000000	3140.863283	5001.589371	284.169187	402.189991
10.500000	3282.947877	5202.684367	282.068143	394.311344
11.000000	3423.981948	5399.840038	280.039973	386.571105
11.500000	3564.001935	5593.125591	278.081175	378.962153
12.000000	3703.042522	5782.606667	276.188462	371.477811
12.500000	3841.136753	5968.345573	274.358751	364.111821
13.000000	3978.316129	6150.401483	272.589140	356.858304
13.500000	4114.610699	6328.830635	270.876902	349.711738
14.000000	4250.049150	6503.686504	269.219465	342.666927
14.500000	4384.658882	6675.019968	267.614405	335.718981
15.000000	4518.466084	6842.879459	266.059434	328.863290
15.500000	4651.495802	7007.311104	264.552392	322.095508
16.000000	4783.771998	7168.358857	263.091235	315.411532
16.500000	4915.317615	7326.064623	261.674027	308.807488
17.000000	5046.154629	7480.468367	260.298937	302.279713
17.500000	5176.304098	7631.608224	258.964227	295.824742
18.000000	5305.786211	7779.520595	257.668248	289.439295
18.500000	5434.620335	7924.240242	256.409433	283.120266
19.000000	5562.825052	8065.800375	255.186294	276.864710
19.500000	5690.418199	8204.232730	253.997415	270.669833
20.000000	5817.416906	8339.567647	252.841446	264.532987
20.500000	5943.837630	8471.834140	251.717103	258.451653
21.000000	6069.696181	8601.059967	250.623160	252.423442
21.500000	6195.007761	8727.271688	249.558446	246.446080
22.000000	6319.786984	8850.494728	248.521844	240.517406
22.500000	6444.047906	8970.753431	247.512286	234.635364
23.000000	6567.804049	9088.071113	246.528749	228.797996
23.500000	6691.068424	9202.470112	245.570254	223.003438
24.000000	6813.853551	9313.971831	244.635864	217.249914
24.500000	6936.171483	9422.596788	243.724677	211.535731
25.000000	7058.033822	9528.364653	242.835831	205.859275
25.500000	7179.451737	9631.294290	241.968495	200.219008
26.000000	7300.435984	9731.403794	241.121871	194.613461
26.500000	7420.996920	9828.710525	240.295191	189.041235
27.000000	7541.144515	9923.231142	239.487716	183.500991
27.500000	7660.888373	10014.981638	238.698733	177.991454
28.000000	7780.237740	10103.977364	237.927553	172.511405
28.500000	7899.201517	10190.233067	237.173512	167.059681
29.000000	8017.788273	10273.762907	236.435968	161.635171
29.500000	8136.006257	10354.580493	235.714299	156.236815
30.000000	8253.863406	10432.698901	235.007903	150.863600
30.500000	8371.367357	10508.130700	234.316197	145.514558
31.000000	8488.525456	10580.887980	233.638614	140.188768
31.500000	8605.344763	10650.982363	232.974606	134.885347
32.000000	8721.832066	10718.425037	232.323637	129.603455
32.500000	8837.993885	10783.226764	231.685188	124.342292
33.000000	8953.836479	10845.397910	231.058752	119.101092
33.500000	9069.365855	10904.948456	230.443835	113.879128
34.000000	9184.587772	10961.888020	229.839955	108.675707
34.500000	9299.507750	11016.225874	229.246641	103.490169
35.000000	9414.131070	11067.970958	228.663434	98.321888
35.500000	9528.462787	11117.131902	228.089881	93.170269
36.000000	9642.507728	11163.717037	227.525543	88.034748
36.500000	9756.270500	11207.734411	226.969987	82.914791
37.000000	9869.755493	11249.191806	226.422787	77.809892
37.500000	9982.966886	11288.096752	225.883527	72.719576
38.000000	10095.908650	11324.456540	225.351797	67.643394
38.500000	10208.584548	11358.278237	224.827195	62.580926
39.000000	10320.998146	11389.568700	224.309323	57.531775
39.500000	10433.152807	11418.334588	223.797791	52.495576
40.000000	10545.051703	11444.582376	223.292215	47.471984
40.500000	10656.697810	11468.318368	222.792214	42.460684
41.000000	10768.093918	11489.548709	222.297416	37.461383
41.500000	10879.242625	11508.279401	221.807450	32.473814
42.000000	10990.146350	11524.516308	221.321953	27.497735
42.500000	11100.807327	11538.265175	220.840564	22.532926
43.000000	11211.227609	11549.531638	220.362929	17.579191
43.500000	11321.409073	11558.321234	219.888698	12.636360
44.000000	11431.353422	11564.639414	219.417523	7.704283
44.500000	11541.062184	11568.491555	218.949064	2.782834
45.000000	11650.536715	11569.882973	218.482982	-2.128090
45.500000	11759.778206	11568.818928	218.018945	-7.028570
46.000000	11868.787679	11565.304643	217.556622	-11.918665
46.500000	11977.565990	11559.345310	217.095691	-16.798413
47.000000	12086.113835	11550.946104	216.635830	-21.667830
47.500000	12194.431750	11540.112188	216.176723	-26.526911
48.000000	12302.520112	11526.848733	215.718060	-31.375628
48.500000	12410.379142	11511.160919	215.259531	-36.213937
49.000000	12518.008908	11493.053951	214.800836	-41.041769
49.500000	12625.409325	11472.533066	214.341675	-45.859037
50.000000	12732.580163	11449.603548	213.881756	-50.665636
50.500000	12839.521041	11424.270730	213.420789	-55.461439
51.000000	12946.231436	11396.540010	212.958490	-60.246302
51.500000	13052.710681	11366.416859	212.494580	-65.020061
52.000000	13158.957971	11333.906828	212.028783	-69.782535
52.500000	13264.972362	11299.015561	211.560830	-74.533523
53.000000	13370.752777	11261.748799	211.090455	-79.272808
53.500000	13476.298005	11222.112395	210.617398	-84.000157
54.000000	13581.606704	11180.112317	210.141403	-88.715316
54.500000	13686.677406	11135.754659	209.662218	-93.418019
55.000000	13791.508515	11089.045649	209.179597	-98.107981
55.500000	13896.098313	11039.991659	208.693299	-102.784900
56.000000	14000.444963	10988.599209	208.203087	-107.448463
56.500000	14104.546506	10934.874977	207.708727	-112.098336
57.000000	14208.400870	10878.825809	207.209993	-116.734174
57.500000	14312.005867	10820.458722	206.706661	-121.355616
58.000000	14415.359197	10759.780914	206.198512	-125.962286
58.500000	14518.458453	10696.799771	205.685332	-130.553795
59.000000	14621.301119	10631.522874	205.166910	-135.129740
59.500000	14723.884574	10563.958004	204.643042	-139.689702
60.000000	14826.206095	10494.113153	204.113525	-144.233253
60.500000	14928.262857	10421.996526	203.578163	-148.759949
61.000000	15030.051939	10347.616551	203.036762	-153.269334
61.500000	15131.570320	10270.981885	202.489135	-157.760938
62.000000	15232.814887	10192.101415	201.935095	-162.234281
62.500000	15333.782435	10110.984275	201.374463	-166.688871
63.000000	15434.469667	10027.639839	200.807062	-171.124201
63.500000	15534.873198	9942.077739	200.232719	-175.539756
64.000000	15634.989557	9854.307861	199.651265	-179.935008
64.500000	15734.815190	9764.340357	199.062536	-184.309418
65.000000	15834.346458	9672.185648	198.466370	-188.662436
65.500000	15933.579643	9577.854431	197.862612	-192.993502
66.000000	16032.510949	9481.357680	197.251107	-197.302045
66.500000	16131.136502	9382.706657	196.631707	-201.587485
67.000000	16229.452355	9281.912915	196.004267	-205.849231
67.500000	16327.454489	9178.988299	195.368645	-210.086684
68.000000	16425.138811	9073.944957	194.724705	-214.299233
68.500000	16522.501164	8966.795341	194.072314	-218.486260
69.000000	16619.537321	8857.552211	193.411342	-222.647140
69.500000	16716.242992	8746.228641	192.741665	-226.781235
70.000000	16812.613824	8632.838023	192.063163	-230.887904
70.500000	16908.645406	8517.394071	191.375718	-234.966495
71.000000	17004.333265	8399.910824	190.679219	-239.016351
71.500000	17099.672874	8280.402648	189.973559	-243.036806
72.000000	17194.659654	8158.884245	189.258634	-247.027189
72.500000	17289.288970	8035.370651	188.534346	-250.986822
73.000000	17383.556143	7909.877240	187.800601	-254.915023
73.500000	17477.456444	7782.419728	187.057311	-258.811103
74.000000	17570.985100	7653.014177	186.304391	-262.674368
74.500000	17664.137296	7521.676993	185.541763	-266.504123
75.000000	17756.908177	7388.424931	184.769352	-270.299666
75.500000	17849.292853	7253.275098	183.987090	-274.060292
76.000000	17941.286398	7116.244952	183.194914	-277.785297
76.500000	18032.883856	6977.352304	182.392767	-281.473970
77.000000	18124.080239	6836.615319	181.580595	-285.125602
77.500000	18214.870536	6694.052517	180.758353	-288.739483
78.000000	18305.249713	6549.682776	179.926001	-292.314902
78.500000	18395.212713	6403.525325	179.083504	-295.851148
79.000000	18484.754465	6255.599751	178.230834	-299.347513
79.500000	18573.869883	6105.925995	177.367970	-302.803289
80.000000	18662.553868	5954.524350	176.494896	-306.217774
80.500000	18750.801315	5801.415463	175.611603	-309.590265
81.000000	18838.607117	5646.620331	174.718089	-312.920066
81.500000	18925.966161	5490.160298	173.814359	-316.206486
82.000000	19012.873340	5332.057055	172.900425	-319.448839
82.500000	19099.323553	5172.332636	171.976305	-322.646446
83.000000	19185.311706	5011.009412	171.042027	-325.798637
83.500000	19270.832719	4848.110094	170.097622	-328.904747
84.000000	19355.881530	4683.657721	169.143132	-331.964122
84.500000	19440.453096	4517.675659	168.178605	-334.976120
85.000000	19524.542398	4350.187599	167.204097	-337.940107
85.500000	19608.144446	4181.217546	166.219672	-340.855462
86.000000	19691.254282	4010.789815	165.225401	-343.721578
86.500000	19773.866983	3838.929026	164.221363	-346.537859
87.000000	19855.977664	3665.660096	163.207646	-349.303726
87.500000	19937.581487	3491.008233	162.184345	-352.018615
88.000000	20018.673660	3314.998926	161.151563	-354.681978
88.500000	20099.249441	3137.657937	160.109411	-357.293283
89.000000	20179.304147	2959.011295	159.058009	-359.852020
89.500000	20258.833152	2779.085285	157.997484	-362.357694
90.000000	20337.831894	2597.906438	156.927972	-364.809832
90.500000	20416.295880	2415.501522	155.849616	-367.207981
91.000000	20494.220688	2231.897532	154.762567	-369.551711
91.500000	20571.601971	2047.121676	153.666986	-371.840613
92.000000	20648.435464	1861.201370	152.563039	-374.074303
92.500000	20724.716984	1674.164218	151.450903	-376.252419
93.000000	20800.442435	1486.038008	150.330759	-378.374626
93.500000	20875.607815	1296.850695	149.202800	-380.440612
94.000000	20950.209215	1106.630389	148.067224	-382.450094
94.500000	21024.242827	915.405342	146.924236	-384.402814
95.000000	21097.704944	723.203935	145.774049	-386.298542
95.500000	21170.591969	530.054664	144.616885	-388.137078
96.000000	21242.900411	335.986125	143.452970	-389.918247
96.500000	21314.626896	141.027002	142.282538	-391.641908
97.000000	21385.768165	-54.793952	141.105831	-393.307944
97.500000	21456.321080	-251.447924	139.923095	-394.916274
98.000000	21526.282628	-448.906061	138.734584	-396.466843
98.500000	21595.649919	-647.139483	137.540557	-397.959629
99.000000	21664.420198	-846.119297	136.341279	-399.394641
99.500000	21732.590837	-1045.816618	135.137021	-400.771918
100.000000	21800.159348	-1246.202577	133.928058	-402.091533
100.500000	21867.123377	-1447.248343	132.714671	-403.353588
101.000000	21933.480713	-1648.925137	131.497146	-404.558218
101.500000	21999.229286	-1851.204246	130.275770	-405.705589
102.000000	22064.367171	-2054.057040	129.050839	-406.795899
102.500000	22128.892590	-2257.454990	127.822648	-407.829379
103.000000	22192.803914	-2461.369679	126.591499	-408.806289
103.500000	22256.099663	-2665.772824	125.357694	-409.726921
104.000000	22318.778510	-2870.636284	124.121540	-410.591598
104.500000	22380.839280	-3075.932083	122.883345	-411.400674
105.000000	22442.280953	-3281.632421	121.643420	-412.154533
105.500000	22503.102662	-3487.709687	120.402076	-412.853588
106.000000	22563.303700	-3694.136481	119.159627	-413.498283
106.500000	22622.883514	-3900.885623	117.916386	-414.089087
107.000000	22681.841707	-4107.930166	116.672668	-414.626503
107.500000	22740.178041	-4315.243418	115.428789	-415.111055
108.000000	22797.892435	-4522.798945	114.185062	-415.543300
108.500000	22854.984967	-4730.570595	112.941802	-415.923816
109.000000	22911.455868	-4938.532503	111.699321	-416.253209
109.500000	22967.305528	-5146.659108	110.457933	-416.532110
110.000000	23022.534495	-5354.925163	109.217945	-416.761172
110.500000	23077.143467	-5563.305749	107.979668	-416.941072
111.000000	23131.133301	-5771.776285	106.743408	-417.072508
111.500000	23184.505005	-5980.312539	105.509467	-417.156199
112.000000	23237.259739	-6188.890639	104.278146	-417.192886
112.500000	23289.398812	-6397.487082	103.049742	-417.183326
113.000000	23340.923683	-6606.078745	101.824550	-417.128295
113.500000	23391.835958	-6814.642892	100.602858	-417.028588
114.000000	23442.137387	-7023.157186	99.384954	-416.885013
114.500000	23491.829863	-7231.599693	98.171117	-416.698394
115.000000	23540.915422	-7439.948890	96.961625	-416.469570
115.500000	23589.396235	-7648.183675	95.756750	-416.199390
116.000000	23637.274610	-7856.283370	94.556758	-415.888717
116.500000	23684.552989	-8064.227728	93.361911	-415.538422
117.000000	23731.233944	-8271.996939	92.172463	-415.149389
117.500000	23777.320175	-8479.571634	90.988666	-414.722507
118.000000	23822.814508	-8686.932887	89.810763	-414.258673
118.500000	23867.719890	-8894.062223	88.638991	-413.758791
119.000000	23912.039385	-9100.941619	87.473582	-413.223770
119.500000	23955.776176	-9307.553504	86.314762	-412.654522
120.000000	23998.933558	-9513.880764	85.162749	-412.051963
120.500000	24041.514932	-9719.906746	84.017753	-411.417010
121.000000	24083.523808	-9925.615251	82.879981	-410.750582
121.500000	24124.963799	-10130.990542	81.749630	-410.053598
122.000000	24165.838614	-10336.017340	80.626891	-409.326974
122.500000	24206.152059	-10540.680828	79.511948	-408.571628
123.000000	24245.908033	-10744.966641	78.404978	-407.788471
123.500000	24285.110522	-10948.860877	77.306151	-406.978412
124.000000	24323.763598	-11152.350083	76.215629	-406.142357
124.500000	24361.871413	-11355.421261	75.133568	-405.281205
125.000000	24399.438197	-11558.061864	74.060115	-404.395848
125.500000	24436.468255	-11760.259788	72.995413	-403.487173
126.000000	24472.965961	-11962.003374	71.939593	-402.556059
126.500000	24508.935757	-12163.281404	70.892784	-401.603376
127.000000	24544.382149	-12364.083092	69.855105	-400.629985
127.500000	24579.309702	-12564.398084	68.826668	-399.636737
128.000000	24613.723036	-12764.216453	67.807579	-398.624475
128.500000	24647.626825	-12963.528690	66.797936	-397.594029
129.000000	24681.025793	-13162.325705	65.797832	-396.546219
129.500000	24713.924709	-13360.598814	64.807351	-395.481851
130.000000	24746.328385	-13558.339740	63.826572	-394.401722
130.500000	24778.241671	-13755.540601	62.855566	-393.306615
131.000000	24809.669454	-13952.193909	61.894400	-392.197298
131.500000	24840.616654	-14148.292558	60.943130	-391.074529
132.000000	24871.088219	-14343.829822	60.001812	-389.939049
132.500000	24901.089125	-14538.799347	59.070490	-388.791588
133.000000	24930.624370	-14733.195141	58.149206	-387.632860
133.500000	24959.698974	-14927.011571	57.237995	-386.463564
134.000000	24988.317971	-15120.243353	56.336885	-385.284385
134.500000	25016.486414	-15312.885545	55.445900	-384.095994
135.000000	25044.209363	-15504.933542	54.565057	-382.899045
135.500000	25071.491892	-15696.383064	53.694370	-381.694178
136.000000	25098.339077	-15887.230154	52.833846	-380.482019
136.500000	25124.756001	-16077.471163	51.983488	-379.263176
137.000000	25150.747744	-16267.102751	51.143292	-378.038243
137.500000	25176.319390	-16456.121873	50.313252	-376.807799
138.000000	25201.476016	-16644.525772	49.493356	-375.572407
138.500000	25226.222695	-16832.311976	48.683589	-374.332614
139.000000	25250.564489	-17019.478283	47.883929	-373.088954
139.500000	25274.506453	-17206.022760	47.094352	-371.841942
140.000000	25298.053629	-17391.943731	46.314829	-370.592082
140.500000	25321.211044	-17577.239772	45.545329	-369.339859
141.000000	25343.983708	-17761.909701	44.785815	-368.085747
141.500000	25366.376615	-17945.952575	44.036247	-366.830201
142.000000	25388.394739	-18129.367675	43.296584	-365.573664
142.500000	25410.043031	-18312.154507	42.566778	-364.316565
143.000000	25431.326420	-18494.312789	41.846780	-363.059315
143.500000	25452.249810	-18675.842447	41.136538	-361.802316
144.000000	25472.818079	-18856.743605	40.435998	-360.545950
144.500000	25493.036078	-19037.016580	39.745100	-359.290591
145.000000	25512.908628	-19216.661876	39.063786	-358.036596
145.500000	25532.440521	-19395.680174	38.391992	-356.784309
146.000000	25551.636517	-19574.072328	37.729652	-355.534061
146.500000	25570.501343	-19751.839359	37.076701	-354.286171
147.000000	25589.039693	-19928.982445	36.433069	-353.040945
147.500000	25607.256228	-20105.502917	35.798683	-351.798674
148.000000	25625.155569	-20281.402254	35.173473	-350.559641
148.500000	25642.742306	-20456.682075	34.557362	-349.324115
149.000000	25660.020987	-20631.344133	33.950274	-348.092352
149.500000	25676.996124	-20805.390309	33.352132	-346.864599
150.000000	25693.672190	-20978.822608	32.762857	-345.641090
150.500000	25710.053618	-21151.643153	32.182367	-344.422049
151.000000	25726.144801	-21323.854177	31.610582	-343.207689
151.500000	25741.950092	-21495.458021	31.047418	-341.998213
152.000000	25757.473801	-21666.457128	30.492792	-340.793813
152.500000	25772.720197	-21836.854034	29.946619	-339.594673
153.000000	25787.693507	-22006.651370	29.408814	-338.400965
153.500000	25802.397914	-22175.851853	28.879291	-337.212853
154.000000	25816.837559	-22344.458279	28.357962	-336.030491
154.500000	25831.016540	-22512.473525	27.844741	-334.854027
155.000000	25844.938911	-22679.900538	27.339540	-333.683596
155.500000	25858.608681	-22846.742336	26.842269	-332.519328
156.000000	25872.029815	-23013.002000	26.352841	-331.361344
156.500000	25885.206236	-23178.682672	25.871167	-330.209756
157.000000	25898.141819	-23343.787550	25.397157	-329.064671
157.500000	25910.840398	-23508.319885	24.930721	-327.926185
158.000000	25923.305758	-23672.282978	24.471772	-326.794392
158.500000	25935.541644	-23835.680173	24.020218	-325.669373
159.000000	25947.551753	-23998.514860	23.575971	-324.551207
159.500000	25959.339739	-24160.790464	23.138940	-323.439966
160.000000	25970.909209	-24322.510446	22.709037	-322.335713
160.500000	25982.263727	-24483.678303	22.286173	-321.238508
161.000000	25993.406814	-24644.297557	21.870258	-320.148403
161.500000	26004.341943	-24804.371758	21.461204	-319.065447
162.000000	26015.072545	-24963.904482	21.058921	-317.989682
162.500000	26025.602005	-25122.899323	20.663323	-316.921144
163.000000	26035.933666	-25281.359895	20.274320	-315.859866
163.500000	26046.070826	-25439.289828	19.891826	-314.805875
164.000000	26056.016739	-25596.692766	19.515754	-313.759194
164.500000	26065.774616	-25753.572363	19.146016	-312.719842
165.000000	26075.347624	-25909.932284	18.782528	-311.687831
165.500000	26084.738888	-26065.776199	18.425202	-310.663173
166.000000	26093.951489	-26221.107786	18.073955	-309.645875
166.500000	26102.988467	-26375.930723	17.728702	-308.635937
167.000000	26111.852818	-26530.248692	17.389358	-307.633360
167.500000	26120.547497	-26684.065372	17.055841	-306.638138
168.000000	26129.075417	-26837.384441	16.728067	-305.650265
168.500000	26137.439450	-26990.209574	16.405955	-304.669730
169.000000	26145.642428	-27142.544439	16.089423	-303.696519
169.500000	26153.687139	-27294.392698	15.778391	-302.730615
170.000000	26161.576335	-27445.758005	15.472778	-301.771999
170.500000	26169.312723	-27596.644005	15.172505	-300.820650
171.000000	26176.898976	-27747.054330	14.877493	-299.876544
171.500000	26184.337722	-27896.992602	14.587665	-298.939654
172.000000	26191.631555	-28046.462429	14.302943	-298.009951
172.500000	26198.783026	-28195.467405	14.023251	-297.087406
173.000000	26205.794651	-28344.011108	13.748513	-296.171984
173.500000	26212.668907	-28492.097100	13.478654	-295.263653
174.000000	26219.408234	-28639.728926	13.213600	-294.362375
174.500000	26226.015034	-28786.910114	12.953277	-293.468114
175.000000	26232.491673	-28933.644171	12.697614	-292.580829
175.500000	26238.840480	-29079.934585	12.446537	-291.700480
176.000000	26245.063748	-29225.784825	12.199977	-290.827025
176.500000	26251.163737	-29371.198338	11.957863	-289.960420
177.000000	26257.142668	-29516.178548	11.720124	-289.100622
177.500000	26263.002730	-29660.728859	11.486694	-288.247583
178.000000	26268.746077	-29804.852650	11.257503	-287.401258
178.500000	26274.374829	-29948.553279	11.032485	-286.561598
179.000000	26279.891071	-30091.834078	10.811573	-285.728556
179.500000	26285.296857	-30234.698356	10.594702	-284.902082
180.000000	26290.594208	-30377.149397	10.381807	-284.082126
180.500000	26295.785112	-30519.190460	10.172824	-283.268637
181.000000	26300.871524	-30660.824779	9.967691	-282.461564
181.500000	26305.855369	-30802.055561	9.766344	-281.660854
182.000000	26310.738541	-30942.885988	9.568722	-280.866456
182.500000	26315.522902	-31083.319216	9.374765	-280.078317
183.000000	26320.210284	-31223.358375	9.184412	-279.296383
183.500000	26324.802491	-31363.006566	8.997605	-278.520601
184.000000	26329.301293	-31502.266866	8.814284	-277.750916
184.500000	26333.708435	-31641.142324	8.634393	-276.987275
185.000000	26338.025631	-31779.635962	8.457874	-276.229624
185.500000	26342.254568	-31917.750774	8.284671	-275.477907
186.000000	26346.396903	-32055.489727	8.114728	-274.732070
186.500000	26350.454267	-32192.855762	7.947992	-273.992058
187.000000	26354.428264	-32329.851791	7.784409	-273.257818
187.500000	26358.320468	-32466.480700	7.623924	-272.529292
188.000000	26362.132430	-32602.745346	7.466486	-271.806428
188.500000	26365.865673	-32738.648560	7.312044	-271.089170
189.000000	26369.521695	-32874.193146	7.160545	-270.377464
189.500000	26373.101967	-33009.381877	7.011941	-269.671254
190.000000	26376.607938	-33144.217504	6.866180	-268.970487
190.500000	26380.041028	-33278.702748	6.723216	-268.275108
191.000000	26383.402636	-33412.840302	6.582999	-267.585063
191.500000	26386.694135	-33546.632833	6.445482	-266.900298
192.000000	26389.916876	-33680.082982	6.310619	-266.220759
192.500000	26393.072186	-33813.193361	6.178363	-265.546393
193.000000	26396.161368	-33945.966558	6.048670	-264.877147
193.500000	26399.185702	-34078.405132	5.921493	-264.212968
194.000000	26402.146449	-34210.511616	5.796790	-263.553803
194.500000	26405.044844	-34342.288517	5.674517	-262.899600
195.000000	26407.882102	-34473.738317	5.554631	-262.250307
195.500000	26410.659418	-34604.863471	5.437091	-261.605872
196.000000	26413.377963	-34735.666407	5.321854	-260.966243
196.500000	26416.038890	-34866.149528	5.208880	-260.331371
197.000000	26418.643330	-34996.315214	5.098128	-259.701204
197.500000	26421.192394	-35126.165816	4.989560	-259.075693
198.000000	26423.687174	-35255.703662	4.883137	-258.454786
198.500000	26426.128743	-35384.931056	4.778818	-257.838436
199.000000	26428.518152	-35513.850274	4.676568	-257.226593
199.500000	26430.856436	-35642.463570	4.576349	-256.619209
200.000000	26433.144611	-35770.773175	4.478124	-256.016234
200.500000	26435.383673	-35898.781292	4.381857	-255.417623
201.000000	26437.574601	-36026.490103	4.287513	-254.823327
201.500000	26439.718358	-36153.901767	4.195057	-254.233299
202.000000	26441.815887	-36281.018416	4.104454	-253.647494
202.500000	26443.868114	-36407.842163	4.015671	-253.065865
203.000000	26445.875950	-36534.375096	3.928675	-252.488368
203.500000	26447.840287	-36660.619280	3.843431	-251.914956
204.000000	26449.762003	-36786.576758	3.759910	-251.345585
204.500000	26451.641957	-36912.249550	3.678078	-250.780212
205.000000	26453.480996	-37037.639656	3.597904	-250.218792
205.500000	26455.279948	-37162.749052	3.519359	-249.661282
206.000000	26457.039628	-37287.579693	3.442411	-249.107641
206.500000	26458.760833	-37412.133513	3.367031	-248.557825
207.000000	26460.444348	-37536.412426	3.293190	-248.011793
207.500000	26462.090943	-37660.418322	3.220859	-247.469503
208.000000	26463.701373	-37784.153074	3.150009	-246.930915
208.500000	26465.276377	-37907.618531	3.080614	-246.395988
209.000000	26466.816684	-38030.816526	3.012646	-245.864683
209.500000	26468.323007	-38153.748867	2.946077	-245.336960
210.000000	26469.796046	-38276.417347	2.880882	-244.812779
210.500000	26471.236487	-38398.823737	2.817034	-244.292103
211.000000	26472.645004	-38520.969788	2.754508	-243.774894
211.500000	26474.022258	-38642.857235	2.693279	-243.261113
212.000000	26475.368898	-38764.487792	2.633323	-242.750724
212.500000	26476.685559	-38885.863154	2.574614	-242.243690
213.000000	26477.972866	-39006.984999	2.517129	-241.739974
213.500000	26479.231430	-39127.854986	2.460845	-241.239542
214.000000	26480.461853	-39248.474757	2.405738	-240.742356
214.500000	26481.664721	-39368.845935	2.351786	-240.248384
215.000000	26482.840614	-39488.970127	2.298967	-239.757589
215.500000	26483.990098	-39608.848921	2.247258	-239.269938
216.000000	26485.113727	-39728.483890	2.196639	-238.785398
216.500000	26486.212046	-39847.876589	2.147087	-238.303935
217.000000	26487.285590	-39967.028557	2.098583	-237.825516
217.500000	26488.334881	-40085.941314	2.051107	-237.350109
218.000000	26489.360435	-40204.616369	2.004636	-236.877682
218.500000	26490.362753	-40323.055210	1.959154	-236.408203
219.000000	26491.342330	-40441.259311	1.914639	-235.941641
219.500000	26492.299649	-40559.230132	1.871072	-235.477967
220.000000	26493.235185	-40676.969115	1.828436	-235.017148
220.500000	26494.149403	-40794.477689	1.786712	-234.559155
221.000000	26495.042759	-40911.757267	1.745882	-234.103959
221.500000	26495.915700	-41028.809246	1.705928	-233.651531
222.000000	26496.768664	-41145.635012	1.666832	-233.201841
222.500000	26497.602080	-41262.235932	1.628578	-232.754861
223.000000	26498.416370	-41378.613363	1.591150	-232.310564
223.500000	26499.211944	-41494.768645	1.554529	-231.868921
224.000000	26499.989209	-41610.703105	1.518701	-231.429905
224.500000	26500.748559	-41726.418058	1.483649	-230.993490
225.000000	26501.490384	-41841.914803	1.449358	-230.559648
225.500000	26502.215063	-41957.194627	1.415813	-230.128353
226.000000	26502.922970	-42072.258803	1.382998	-229.699579
226.500000	26503.614469	-42187.108593	1.350899	-229.273302
227.000000	26504.289919	-42301.745244	1.319501	-228.849495
227.500000	26504.949669	-42416.169991	1.288791	-228.428134
228.000000	26505.594065	-42530.384058	1.258753	-228.009194
228.500000	26506.223441	-42644.388655	1.229375	-227.592651
229.000000	26506.838129	-42758.184981	1.200642	-227.178481
229.500000	26507.438450	-42871.774221	1.172543	-226.766660
230.000000	26508.024721	-42985.157551	1.145063	-226.357165
230.500000	26508.597253	-43098.336133	1.118191	-225.949973
231.000000	26509.156348	-43211.311120	1.091913	-225.545062
231.500000	26509.702305	-43324.083651	1.066217	-225.142409
232.000000	26510.235413	-43436.654855	1.041092	-224.741991
232.500000	26510.755960	-43549.025851	1.016526	-224.343788
233.000000	26511.264222	-43661.197745	0.992506	-223.947777
233.500000	26511.760476	-43773.171633	0.969023	-223.553938
234.000000	26512.244987	-43884.948603	0.946063	-223.162249
234.500000	26512.718019	-43996.529727	0.923618	-222.772690
235.000000	26513.179827	-44107.916072	0.901675	-222.385241
235.500000	26513.630665	-44219.108693	0.880225	-221.999880
236.000000	26514.070778	-44330.108633	0.859257	-221.616589
236.500000	26514.500406	-44440.916927	0.838761	-221.235348
237.000000	26514.919787	-44551.534601	0.818727	-220.856137
237.500000	26515.329151	-44661.962670	0.799146	-220.478937
238.000000	26515.728724	-44772.202138	0.780007	-220.103730
238.500000	26516.118727	-44882.254004	0.761302	-219.730497
239.000000	26516.499379	-44992.119252	0.743022	-219.359219
239.500000	26516.870889	-45101.798862	0.725156	-218.989879
240.000000	26517.233467	-45211.293801	0.707697	-218.622458
240.500000	26517.587316	-45320.605030	0.690636	-218.256939
241.000000	26517.932634	-45429.733500	0.673964	-217.893305
241.500000	26518.269616	-45538.680152	0.657674	-217.531537
242.000000	26518.598453	-45647.445921	0.641756	-217.171620
242.500000	26518.919331	-45756.031731	0.626203	-216.813537
243.000000	26519.232433	-45864.438499	0.611008	-216.457270
243.500000	26519.537937	-45972.667134	0.596162	-216.102804
244.000000	26519.836018	-46080.718536	0.581657	-215.750122
244.500000	26520.126846	-46188.593597	0.567487	-215.399209
245.000000	26520.410590	-46296.293201	0.553645	-215.050048
245.500000	26520.687412	-46403.818225	0.540123	-214.702625
246.000000	26520.957474	-46511.169538	0.526913	-214.356924
246.500000	26521.220930	-46618.348000	0.514011	-214.012930
247.000000	26521.477936	-46725.354465	0.501408	-213.670627
247.500000	26521.728640	-46832.189779	0.489098	-213.330002
248.000000	26521.973189	-46938.854779	0.477076	-212.991039
248.500000	26522.211727	-47045.350299	0.465333	-212.653724
249.000000	26522.444394	-47151.677161	0.453866	-212.318044
249.500000	26522.671326	-47257.836183	0.442666	-211.983983
250.000000	26522.892660	-47363.828175	0.431729	-211.651528
250.500000	26523.108524	-47469.653939	0.421049	-211.320666
251.000000	26523.319049	-47575.314272	0.410620	-210.991383
251.500000	26523.524359	-47680.809963	0.400436	-210.663665
252.000000	26523.724577	-47786.141796	0.390493	-210.337499
252.500000	26523.919824	-47891.310545	0.380784	-210.012873
253.000000	26524.110216	-47996.316981	0.371305	-209.689773
253.500000	26524.295868	-48101.161868	0.362050	-209.368186
254.000000	26524.476893	-48205.845961	0.353014	-209.048101
254.500000	26524.653400	-48310.370012	0.344193	-208.729505
255.000000	26524.825497	-48414.734764	0.335582	-208.412385
255.500000	26524.993288	-48518.940957	0.327176	-208.096730
256.000000	26525.156876	-48622.989322	0.318970	-207.782526
256.500000	26525.316361	-48726.880585	0.310960	-207.469764
257.000000	26525.471841	-48830.615467	0.303142	-207.158430
257.500000	26525.623412	-48934.194682	0.295511	-206.848514
258.000000	26525.771168	-49037.618938	0.288063	-206.540003
258.500000	26525.915199	-49140.888940	0.280793	-206.232887
259.000000	26526.055596	-49244.005384	0.273699	-205.927155
259.500000	26526.192445	-49346.968961	0.266775	-205.622795
260.000000	26526.325832	-49449.780359	0.260018	-205.319797
260.500000	26526.455841	-49552.440257	0.253424	-205.018149
261.000000	26526.582554	-49654.949332	0.246990	-204.717842
261.500000	26526.706049	-49757.308253	0.240711	-204.418865
262.000000	26526.826404	-49859.517685	0.234585	-204.121207
262.500000	26526.943697	-49961.578289	0.228607	-203.824858
263.000000	26527.058001	-50063.490717	0.222775	-203.529807
263.500000	26527.169388	-50165.255621	0.217085	-203.236046
264.000000	26527.277931	-50266.873644	0.211533	-202.943563
264.500000	26527.383697	-50368.345426	0.206117	-202.652350
265.000000	26527.486756	-50469.671601	0.200833	-202.362396
265.500000	26527.587172	-50570.852799	0.195679	-202.073692
266.000000	26527.685012	-50671.889645	0.190651	-201.786228
266.500000	26527.780337	-50772.782759	0.185746	-201.499996
267.000000	26527.873210	-50873.532757	0.180962	-201.214984
267.500000	26527.963691	-50974.140249	0.176295	-200.931186
268.000000	26528.051838	-51074.605842	0.171744	-200.648591
268.500000	26528.137710	-51174.930137	0.167304	-200.367190
269.000000	26528.221362	-51275.113732	0.162975	-200.086975
269.500000	26528.302850	-51375.157220	0.158752	-199.807937
270.000000	26528.382226	-51475.061188	0.154634	-199.530067
270.500000	26528.459543	-51574.826222	0.150619	-199.253356
271.000000	26528.534852	-51674.452900	0.146702	-198.977797
271.500000	26528.608203	-51773.941798	0.142884	-198.703380
272.000000	26528.679645	-51873.293488	0.139160	-198.430097
272.500000	26528.749225	-51972.508537	0.135529	-198.157941
273.000000	26528.816990	-52071.587507	0.131989	-197.886903
273.500000	26528.882985	-52170.530959	0.128538	-197.616975
274.000000	26528.947254	-52269.339446	0.125172	-197.348148
274.500000	26529.009840	-52368.013520	0.121891	-197.080416
275.000000	26529.070786	-52466.553728	0.118693	-196.813770
275.500000	26529.130132	-52564.960613	0.115575	-196.548203
276.000000	26529.187919	-52663.234715	0.112535	-196.283707
276.500000	26529.244187	-52761.376568	0.109572	-196.020274
277.000000	26529.298973	-52859.386705	0.106683	-195.757897
277.500000	26529.352314	-52957.265654	0.103868	-195.496569
278.000000	26529.404248	-53055.013938	0.101123	-195.236282
278.500000	26529.454810	-53152.632079	0.098449	-194.977029
279.000000	26529.504034	-53250.120593	0.095841	-194.718803
279.500000	26529.551955	-53347.479995	0.093301	-194.461596
280.000000	26529.598605	-53444.710793	0.090824	-194.205402
280.500000	26529.644017	-53541.813494	0.088411	-193.950214
281.000000	26529.688223	-53638.788601	0.086059	-193.696025
281.500000	26529.731252	-53735.636614	0.083767	-193.442828
282.000000	26529.773136	-53832.358028	0.081534	-193.190616
282.500000	26529.813903	-53928.953336	0.079358	-192.939383
283.000000	26529.853582	-54025.423027	0.077238	-192.689122
283.500000	26529.892201	-54121.767588	0.075172	-192.439826
284.000000	26529.929787	-54217.987501	0.073159	-192.191490
284.500000	26529.966366	-54314.083246	0.071197	-191.944105
285.000000	26530.001965	-54410.055299	0.069287	-191.697668
285.500000	26530.036608	-54505.904132	0.067425	-191.452170
286.000000	26530.070321	-54601.630217	0.065611	-191.207605
286.500000	26530.103126	-54697.234020	0.063845	-190.963969
287.000000	26530.135049	-54792.716004	0.062124	-190.721253
287.500000	26530.166110	-54888.076631	0.060447	-190.479453
288.000000	26530.196334	-54983.316357	0.058814	-190.238563
288.500000	26530.225741	-55078.435639	0.057224	-189.998575
289.000000	26530.254353	-55173.434926	0.055674	-189.759486
289.500000	26530.282190	-55268.314669	0.054165	-189.521288
290.000000	26530.309273	-55363.075313	0.052696	-189.283976
290.500000	26530.335620	-55457.717301	0.051264	-189.047544
291.000000	26530.361253	-55552.241074	0.049870	-188.811987
291.500000	26530.386188	-55646.647067	0.048513	-188.577299
292.000000	26530.410444	-55740.935717	0.047191	-188.343475
292.500000	26530.434039	-55835.107454	0.045903	-188.110508
293.000000	26530.456991	-55929.162708	0.044650	-187.878394
293.500000	26530.479316	-56023.101905	0.043429	-187.647127
294.000000	26530.501031	-56116.925469	0.042241	-187.416702
294.500000	26530.522151	-56210.633820	0.041083	-187.187113
295.000000	26530.542693	-56304.227376	0.039957	-186.958355
295.500000	26530.562671	-56397.706554	0.038860	-186.730423
296.000000	26530.582101	-56491.071765	0.037792	-186.503313
296.500000	26530.600997	-56584.323422	0.036752	-186.277018
297.000000	26530.619373	-56677.461930	0.035740	-186.051533
297.500000	26530.637242	-56770.487697	0.034754	-185.826854
298.000000	26530.654619	-56863.401124	0.033795	-185.602976
298.500000	26530.671517	-56956.202612	0.032861	-185.379894
299.000000	26530.687948	-57048.892559	0.031952	-185.157603
299.500000	26530.703924	-57141.471361	0.031068	-184.936097
300.000000	26530.719458	-57233.939410	0.030207	-184.715373
300.500000	26530.734561	-57326.297096	0.029369	-184.495426
301.000000	26530.749245	-57418.544809	0.028553	-184.276250
301.500000	26530.763522	-57510.682934	0.027759	-184.057842
302.000000	26530.777401	-57602.711855	0.026986	-183.840195
302.500000	26530.790894	-57694.631953	0.026235	-183.623307
303.000000	26530.804012	-57786.443607	0.025503	-183.407173
303.500000	26530.816763	-57878.147193	0.024791	-183.191787
304.000000	26530.829159	-57969.743086	0.024098	-182.977145
304.500000	26530.841208	-58061.231659	0.023424	-182.763244
305.000000	26530.852920	-58152.613280	0.022768	-182.550078
305.500000	26530.864304	-58243.888319	0.022130	-182.337643
306.000000	26530.875368	-58335.057141	0.021509	-182.125935
306.500000	26530.886123	-58426.120108	0.020905	-181.914950
307.000000	26530.896575	-58517.077583	0.020317	-181.704683
307.500000	26530.906733	-58607.929925	0.019745	-181.495131
308.000000	26530.916606	-58698.677491	0.019188	-181.286289
308.500000	26530.926200	-58789.320635	0.018647	-181.078152
309.000000	26530.935524	-58879.859711	0.018121	-180.870717
309.500000	26530.944584	-58970.295070	0.017609	-180.663980
310.000000	26530.953388	-59060.627060	0.017111	-180.457937
310.500000	26530.961944	-59150.856028	0.016626	-180.252584
311.000000	26530.970257	-59240.982320	0.016155	-180.047916
311.500000	26530.978334	-59331.006278	0.015696	-179.843930
312.000000	26530.986182	-59420.928243	0.015250	-179.640622
312.500000	26530.993807	-59510.748554	0.014817	-179.437988
313.000000	26531.001216	-59600.467548	0.014395	-179.236025
313.500000	26531.008413	-59690.085561	0.013985	-179.034727
314.000000	26531.015406	-59779.602924	0.013586	-178.834093
314.500000	26531.022199	-59869.019971	0.013198	-178.634117
315.000000	26531.028798	-59958.337030	0.012821	-178.434797
315.500000	26531.035209	-60047.554428	0.012455	-178.236128
316.000000	26531.041436	-60136.672492	0.012098	-178.038108
316.500000	26531.047485	-60225.691546	0.011751	-177.840731
317.000000	26531.053361	-60314.611912	0.011414	-177.643995
317.500000	26531.059068	-60403.433909	0.011086	-177.447896
318.000000	26531.064611	-60492.157857	0.010768	-177.252431
318.500000	26531.069995	-60580.784073	0.010458	-177.057596
319.000000	26531.075224	-60669.312871	0.010157	-176.863388
319.500000	26531.080302	-60757.744565	0.009864	-176.669803
320.000000	26531.085234	-60846.079467	0.009579	-176.476838
320.500000	26531.090024	-60934.317886	0.009303	-176.284489
321.000000	26531.094675	-61022.460130	0.009034	-176.092753
321.500000	26531.099192	-61110.506506	0.008772	-175.901626
322.000000	26531.103578	-61198.457320	0.008518	-175.711107
322.500000	26531.107837	-61286.312873	0.008271	-175.521190
323.000000	26531.111972	-61374.073468	0.008031	-175.331873
323.500000	26531.115988	-61461.739404	0.007798	-175.143152
324.000000	26531.119887	-61549.310980	0.007571	-174.955025
324.500000	26531.123672	-61636.788493	0.007351	-174.767488
325.000000	26531.127348	-61724.172237	0.007136	-174.580539
325.500000	26531.130916	-61811.462507	0.006928	-174.394173
326.000000	26531.134380	-61898.659593	0.006726	-174.208388
326.500000	26531.137743	-61985.763787	0.006530	-174.023180
327.000000	26531.141008	-62072.775377	0.006339	-173.838547
327.500000	26531.144177	-62159.694651	0.006153	-173.654486
328.000000	26531.147254	-62246.521894	0.005973	-173.470994
328.500000	26531.150240	-62333.257391	0.005798	-173.288067
329.000000	26531.153139	-62419.901424	0.005627	-173.105702
329.500000	26531.155952	-62506.454275	0.005462	-172.923897
330.000000	26531.158683	-62592.916224	0.005301	-172.742649
330.500000	26531.161334	-62679.287548	0.005145	-172.561955
331.000000	26531.163907	-62765.568526	0.004994	-172.381812
331.500000	26531.166403	-62851.759432	0.004846	-172.202217
332.000000	26531.168827	-62937.860540	0.004703	-172.023167
332.500000	26531.171178	-63023.872124	0.004564	-171.844659
333.000000	26531.173460	-63109.794453	0.004429	-171.666691
333.500000	26531.175675	-63195.627799	0.004298	-171.489260
334.000000	26531.177824	-63281.372429	0.004171	-171.312364
334.500000	26531.179909	-63367.028611	0.004047	-171.135998
335.000000	26531.181933	-63452.596610	0.003927	-170.960161
335.500000	26531.183896	-63538.076691	0.003810	-170.784850
336.000000	26531.185801	-63623.469116	0.003697	-170.610062
336.500000	26531.187650	-63708.774147	0.003587	-170.435795
337.000000	26531.189443	-63793.992045	0.003480	-170.262046
337.500000	26531.191183	-63879.123068	0.003376	-170.088813
338.000000	26531.192871	-63964.167474	0.003275	-169.916092
338.500000	26531.194509	-64049.125520	0.003177	-169.743881
339.000000	26531.196098	-64133.997460	0.003082	-169.572178
339.500000	26531.197639	-64218.783549	0.002990	-169.400980
340.000000	26531.199134	-64303.484039	0.002901	-169.230284
340.500000	26531.200584	-64388.099181	0.002814	-169.060089
341.000000	26531.201991	-64472.629225	0.002729	-168.890391
341.500000	26531.203356	-64557.074421	0.002647	-168.721188
342.000000	26531.204679	-64641.435015	0.002568	-168.552478
342.500000	26531.205963	-64725.711254	0.002490	-168.384258
343.000000	26531.207208	-64809.903383	0.002415	-168.216526
343.500000	26531.208416	-64894.011646	0.002342	-168.049279
344.000000	26531.209587	-64978.036285	0.002272	-167.882515
344.500000	26531.210723	-65061.977543	0.002203	-167.716232
345.000000	26531.211824	-65145.835659	0.002136	-167.550427
345.500000	26531.212892	-65229.610872	0.002072	-167.385098
346.000000	26531.213928	-65313.303421	0.002009	-167.220243
346.500000	26531.214933	-65396.913542	0.001948	-167.055859
347.000000	26531.215907	-65480.441472	0.001889	-166.891944
347.500000	26531.216852	-65563.887444	0.001832	-166.728496
348.000000	26531.217767	-65647.251692	0.001776	-166.565512
348.500000	26531.218655	-65730.534448	0.001722	-166.402991
349.000000	26531.219516	-65813.735943	0.001670	-166.240929
349.500000	26531.220351	-65896.856408	0.001619	-166.079326
350.000000	26531.221160	-65979.896071	0.001569	-165.918178
350.500000	26531.221945	-66062.855160	0.001521	-165.757484
351.000000	26531.222706	-66145.733901	0.001475	-165.597241
351.500000	26531.223443	-66228.532522	0.001430	-165.437447
352.000000	26531.224158	-66311.251245	0.001386	-165.278100
352.500000	26531.224851	-66393.890295	0.001344	-165.119198
353.000000	26531.225523	-66476.449894	0.001302	-164.960739
353.500000	26531.226174	-66558.930264	0.001262	-164.802721
354.000000	26531.226805	-66641.331624	0.001224	-164.645141
354.500000	26531.227417	-66723.654195	0.001186	-164.487998
355.000000	26531.228010	-66805.898194	0.001149	-164.331289
355.500000	26531.228585	-66888.063838	0.001114	-164.175013
356.000000	26531.229142	-66970.151345	0.001080	-164.019168
356.500000	26531.229682	-67052.160929	0.001046	-163.863750
357.000000	26531.230205	-67134.092804	0.001014	-163.708760
357.500000	26531.230712	-67215.947184	0.000983	-163.554194
358.000000	26531.231203	-67297.724281	0.000952	-163.400050
358.500000	26531.231679	-67379.424306	0.000923	-163.246327
359.000000	26531.232141	-67461.047469	0.000894	-163.093023
359.500000	26531.232588	-67542.593981	0.000867	-162.940135
360.000000	26531.233021	-67624.064048	0.000840	-162.787662
360.500000	26531.233441	-67705.457879	0.000814	-162.635602
361.000000	26531.233848	-67786.775680	0.000788	-162.483953
361.500000	26531.234242	-67868.017657	0.000764	-162.332713
362.000000	26531.234624	-67949.184014	0.000740	-162.181881
362.500000	26531.234994	-68030.274954	0.000717	-162.031454
363.000000	26531.235352	-68111.290681	0.000695	-161.881430
363.500000	26531.235700	-68192.231396	0.000673	-161.731808
364.000000	26531.236036	-68273.097300	0.000652	-161.582586
364.500000	26531.236362	-68353.888593	0.000631	-161.433762
365.000000	26531.236678	-68434.605474	0.000612	-161.285335
365.500000	26531.236983	-68515.248141	0.000592	-161.137302
366.000000	26531.237280	-68595.816792	0.000574	-160.989661
366.500000	26531.237567	-68676.311623	0.000556	-160.842412
367.000000	26531.237845	-68756.732829	0.000538	-160.695552
367.500000	26531.238114	-68837.080605	0.000522	-160.549079
368.000000	26531.238375	-68917.355144	0.000505	-160.402993
368.500000	26531.238627	-68997.556641	0.000489	-160.257290
369.000000	26531.238872	-69077.685286	0.000474	-160.111970
369.500000	26531.239109	-69157.741271	0.000459	-159.967030
370.000000	26531.239338	-69237.724786	0.000444	-159.822470
370.500000	26531.239560	-69317.636021	0.000430	-159.678286
371.000000	26531.239775	-69397.475164	0.000417	-159.534479
371.500000	26531.239984	-69477.242403	0.000404	-159.391045
372.000000	26531.240186	-69556.937925	0.000391	-159.247984
372.500000	26531.240381	-69636.561917	0.000378	-159.105293
373.000000	26531.240570	-69716.114564	0.000366	-158.962972
373.500000	26531.240753	-69795.596050	0.000355	-158.821018
374.000000	26531.240931	-69875.006558	0.000343	-158.679429
374.500000	26531.241102	-69954.346273	0.000333	-158.538206
375.000000	26531.241269	-70033.615376	0.000322	-158.397345
375.500000	26531.241430	-70112.814048	0.000312	-158.256845
376.000000	26531.241585	-70191.942470	0.000302	-158.116704
376.500000	26531.241736	-70271.000823	0.000292	-157.976922
377.000000	26531.241882	-70349.989284	0.000283	-157.837496
377.500000	26531.242024	-70428.908032	0.000274	-157.698426
378.000000	26531.242161	-70507.757245	0.000265	-157.559708
378.500000	26531.242293	-70586.537099	0.000257	-157.421343
379.000000	26531.242421	-70665.247770	0.000248	-157.283328
379.500000	26531.242546	-70743.889434	0.000240	-157.145662
380.000000	26531.242666	-70822.462265	0.000233	-157.008343
380.500000	26531.242782	-70900.966436	0.000225	-156.871370
381.000000	26531.242895	-70979.402121	0.000218	-156.734742
381.500000	26531.243004	-71057.769492	0.000211	-156.598457
382.000000	26531.243109	-71136.068721	0.000204	-156.462513
382.500000	26531.243211	-71214.299977	0.000198	-156.326910
383.000000	26531.243310	-71292.463432	0.000191	-156.191645
383.500000	26531.243406	-71370.559255	0.000185	-156.056718
384.000000	26531.243498	-71448.587614	0.000179	-155.922126
384.500000	26531.243588	-71526.548677	0.000173	-155.787869
385.000000	26531.243674	-71604.442611	0.000168	-155.653945
385.500000	26531.243758	-71682.269583	0.000162	-155.520352
386.000000	26531.243839	-71760.029760	0.000157	-155.387090
386.500000	26531.243918	-71837.723305	0.000152	-155.254157
387.000000	26531.243994	-71915.350383	0.000147	-155.121551
387.500000	26531.244067	-71992.911159	0.000142	-154.989272
388.000000	26531.244138	-72070.405795	0.000138	-154.857317
388.500000	26531.244207	-72147.834453	0.000133	-154.725686
389.000000	26531.244273	-72225.197296	0.000129	-154.594377
389.500000	26531.244338	-72302.494485	0.000125	-154.463389
390.000000	26531.244400	-72379.726179	0.000120	-154.332720
390.500000	26531.244460	-72456.892539	0.000117	-154.202370
391.000000	26531.244519	-72533.993724	0.000113	-154.072336
391.500000	26531.244575	-72611.029892	0.000109	-153.942618
392.000000	26531.244630	-72688.001201	0.000106	-153.813214
392.500000	26531.244682	-72764.907808	0.000102	-153.684124
393.000000	26531.244733	-72841.749870	0.000099	-153.555345
393.500000	26531.244783	-72918.527543	0.000095	-153.426876
394.000000	26531.244830	-72995.240981	0.000092	-153.298717
394.500000	26531.244877	-73071.890339	0.000089	-153.170866
395.000000	26531.244921	-73148.475772	0.000086	-153.043322
395.500000	26531.244964	-73224.997433	0.000084	-152.916083
396.000000	26531.245006	-73301.455474	0.000081	-152.789148
396.500000	26531.245047	-73377.850048	0.000078	-152.662516
397.000000	26531.245086	-73454.181307	0.000076	-152.536186
397.500000	26531.245123	-73530.449400	0.000073	-152.410157
398.000000	26531.245160	-73606.654478	0.000071	-152.284427
398.500000	26531.245195	-73682.796692	0.000068	-152.158996
399.000000	26531.245229	-73758.876190	0.000066	-152.033861
399.500000	26531.245262	-73834.893121	0.000064	-151.909023
400.000000	26531.245294	-73910.847632	0.000062	-151.784478
400.500000	26531.245325	-73986.739871	0.000060	-151.660228
401.000000	26531.245355	-74062.569985	0.000058	-151.536270
401.500000	26531.245384	-74138.338120	0.000056	-151.412603
402.000000	26531.245412	-74214.044421	0.000054	-151.289226
402.500000	26531.245439	-74289.689034	0.000052	-151.166138
403.000000	26531.245465	-74365.272103	0.000050	-151.043337
403.500000	26531.245490	-74440.793772	0.000049	-150.920824
404.000000	26531.245515	-74516.254184	0.000047	-150.798596
404.500000	26531.245538	-74591.653482	0.000046	-150.676652
405.000000	26531.245561	-74666.991807	0.000044	-150.554991
405.500000	26531.245583	-74742.269303	0.000043	-150.433613
406.000000	26531.245604	-74817.486110	0.000041	-150.312516
406.500000	26531.245625	-74892.642367	0.000040	-150.191698
407.000000	26531.245645	-74967.738217	0.000038	-150.071160
407.500000	26531.245664	-75042.773797	0.000037	-149.950899
408.000000	26531.245682	-75117.749246	0.000036	-149.830916
408.500000	26531.245700	-75192.664704	0.000035	-149.711207
409.000000	26531.245718	-75267.520308	0.000034	-149.591774
409.500000	26531.245735	-75342.316195	0.000032	-149.472614
410.000000	26531.245751	-75417.052502	0.000031	-149.353726
410.500000	26531.245766	-75491.729365	0.000030	-149.235110
411.000000	26531.245782	-75566.346920	0.000029	-149.116764
411.500000	26531.245796	-75640.905302	0.000028	-148.998688
412.000000	26531.245810	-75715.404646	0.000027	-148.880880
412.500000	26531.245824	-75789.845086	0.000026	-148.763340
413.000000	26531.245837	-75864.226756	0.000026	-148.646065
413.500000	26531.245850	-75938.549788	0.000025	-148.529056
414.000000	26531.245862	-76012.814317	0.000024	-148.412311
414.500000	26531.245874	-76087.020472	0.000023	-148.295830
415.000000	26531.245886	-76161.168387	0.000022	-148.179611
415.500000	26531.245897	-76235.258193	0.000021	-148.063653
416.000000	26531.245907	-76309.290019	0.000021	-147.947955
416.500000	26531.245918	-76383.263997	0.000020	-147.832517
417.000000	26531.245928	-76457.180255	0.000019	-147.717337
417.500000	26531.245938	-76531.038924	0.000019	-147.602415
418.000000	26531.245947	-76604.840131	0.000018	-147.487749
418.500000	26531.245956	-76678.584006	0.000017	-147.373338
419.000000	26531.245965	-76752.270675	0.000017	-147.259182
419.500000	26531.245973	-76825.900266	0.000016	-147.145279
420.000000	26531.245981	-76899.472905	0.000016	-147.031630
420.500000	26531.245989	-76972.988720	0.000015	-146.918231
421.000000	26531.245997	-77046.447836	0.000015	-146.805084
421.500000	26531.246004	-77119.850378	0.000014	-146.692186
422.000000	26531.246011	-77193.196471	0.000014	-146.579537
422.500000	26531.246018	-77266.486240	0.000013	-146.467137
423.000000	26531.246025	-77339.719808	0.000013	-146.354983
423.500000	26531.246031	-77412.897299	0.000012	-146.243075
424.000000	26531.246037	-77486.018837	0.000012	-146.131413
424.500000	26531.246043	-77559.084543	0.000011	-146.019995
425.000000	26531.246049	-77632.094540	0.000011	-145.908820
425.500000	26531.246054	-77705.048950	0.000011	-145.797888
426.000000	26531.246060	-77777.947894	0.000010	-145.687198
426.500000	26531.246065	-77850.791493	0.000010	-145.576748
427.000000	26531.246070	-77923.579867	0.000010	-145.466538
427.500000	26531.246075	-77996.313136	0.000009	-145.356568
428.000000	26531.246079	-78068.991420	0.000009	-145.246835
428.500000	26531.246084	-78141.614838	0.000009	-145.137340
429.000000	26531.246088	-78214.183508	0.000008	-145.028081
429.500000	26531.246092	-78286.697548	0.000008	-144.919058
430.000000	26531.246096	-78359.157077	0.000008	-144.810270
430.500000	26531.246100	-78431.562212	0.000008	-144.701715
431.000000	26531.246104	-78503.913070	0.000007	-144.593393
431.500000	26531.246108	-78576.209766	0.000007	-144.485304
432.000000	26531.246111	-78648.452419	0.000007	-144.377446
432.500000	26531.246115	-78720.641142	0.000007	-144.269819
433.000000	26531.246118	-78792.776051	0.000006	-144.162421
433.500000	26531.246121	-78864.857262	0.000006	-144.055252
434.000000	26531.246124	-78936.884888	0.000006	-143.948312
434.500000	26531.246127	-79008.859044	0.000006	-143.841598
435.000000	26531.246130	-79080.779843	0.000005	-143.735111
435.500000	26531.246133	-79152.647399	0.000005	-143.628850
436.000000	26531.246135	-79224.461824	0.000005	-143.522814
436.500000	26531.246138	-79296.223231	0.000005	-143.417001
437.000000	26531.246140	-79367.931731	0.000005	-143.311412
437.500000	26531.246143	-79439.587437	0.000005	-143.206046
438.000000	26531.246145	-79511.190460	0.000004	-143.100901
438.500000	26531.246147	-79582.740910	0.000004	-142.995977
439.000000	26531.246149	-79654.238899	0.000004	-142.891273
439.500000	26531.246151	-79725.684535	0.000004	-142.786788
440.000000	26531.246153	-79797.077929	0.000004	-142.682522
440.500000	26531.246155	-79868.419190	0.000004	-142.578474
441.000000	26531.246157	-79939.708427	0.000004	-142.474643
441.500000	26531.246159	-80010.945749	0.000003	-142.371028
442.000000	26531.246161	-80082.131263	0.000003	-142.267629
442.500000	26531.246162	-80153.265078	0.000003	-142.164445
443.000000	26531.246164	-80224.347300	0.000003	-142.061475
443.500000	26531.246166	-80295.378037	0.000003	-141.958718
444.000000	26531.246167	-80366.357396	0.000003	-141.856173
444.500000	26531.246168	-80437.285483	0.000003	-141.753841
445.000000	26531.246170	-80508.162403	0.000003	-141.651719
445.500000	26531.246171	-80578.988263	0.000003	-141.549808
446.000000	26531.246173	-80649.763167	0.000002	-141.448107
446.500000	26531.246174	-80720.487220	0.000002	-141.346614
447.000000	26531.246175	-80791.160528	0.000002	-141.245330
447.500000	26531.246176	-80861.783193	0.000002	-141.144253
448.000000	26531.246177	-80932.355319	0.000002	-141.043383
448.500000	26531.246178	-81002.877011	0.000002	-140.942720
449.000000	26531.246179	-81073.348371	0.000002	-140.842261
449.500000	26531.246180	-81143.769501	0.000002	-140.742007
450.000000	26531.246181	-81214.140505	0.000002	-140.641957
450.500000	26531.246182	-81284.461483	0.000002	-140.542111
451.000000	26531.246183	-81354.732539	0.000002	-140.442467
451.500000	26531.246184	-81424.953772	0.000002	-140.343025
452.000000	26531.246185	-81495.125285	0.000002	-140.243784
452.500000	26531.246186	-81565.247177	0.000002	-140.144744
453.000000	26531.246186	-81635.319549	0.000002	-140.045904
453.500000	26531.246187	-81705.342501	0.000001	-139.947262
454.000000	26531.246188	-81775.316132	0.000001	-139.848820
454.500000	26531.246189	-81845.240542	0.000001	-139.750575
455.000000	26531.246189	-81915.115829	0.000001	-139.652527
455.500000	26531.246190	-81984.942093	0.000001	-139.554676
456.000000	26531.246191	-82054.719431	0.000001	-139.457021
456.500000	26531.246191	-82124.447942	0.000001	-139.359561
457.000000	26531.246192	-82194.127722	0.000001	-139.262296
457.500000	26531.246192	-82263.758870	0.000001	-139.165224
458.000000	26531.246193	-82333.341482	0.000001	-139.068346
458.500000	26531.246193	-82402.875655	0.000001	-138.971660
459.000000	26531.246194	-82472.361485	0.000001	-138.875167
459.500000	26531.246194	-82541.799069	0.000001	-138.778865
460.000000	26531.246195	-82611.188501	0.000001	-138.682753
460.500000	26531.246195	-82680.529878	0.000001	-138.586832
461.000000	26531.246196	-82749.823293	0.000001	-138.491100
461.500000	26531.246196	-82819.068843	0.000001	-138.395557
462.000000	26531.246197	-82888.266622	0.000001	-138.300202
462.500000	26531.246197	-82957.416722	0.000001	-138.205034
463.000000	26531.246197	-83026.519239	0.000001	-138.110054
463.500000	26531.246198	-83095.574266	0.000001	-138.015260
464.000000	26531.246198	-83164.581896	0.000001	-137.920652
464.500000	26531.246198	-83233.542222	0.000001	-137.826229
465.000000	26531.246199	-83302.455336	0.000001	-137.731990
465.500000	26531.246199	-83371.321331	0.000001	-137.637935
466.000000	26531.246199	-83440.140299	0.000001	-137.544064
466.500000	26531.246200	-83508.912331	0.000001	-137.450375
467.000000	26531.246200	-83577.637519	0.000001	-137.356869
467.500000	26531.246200	-83646.315953	0.000001	-137.263544
468.000000	26531.246200	-83714.947725	0.000001	-137.170400
468.500000	26531.246201	-83783.532926	0.000000	-137.077437
469.000000	26531.246201	-83852.071644	0.000000	-136.984653
469.500000	26531.246201	-83920.563971	0.000000	-136.892049
470.000000	26531.246201	-83989.009995	0.000000	-136.799623
470.500000	26531.246202	-84057.409806	0.000000	-136.707375
471.000000	26531.246202	-84125.763494	0.000000	-136.615305
471.500000	26531.246202	-84194.071146	0.000000	-136.523411
472.000000	26531.246202	-84262.332852	0.000000	-136.431694
472.500000	26531.246202	-84330.548699	0.000000	-136.340153
473.000000	26531.246203	-84398.718775	0.000000	-136.248787
473.500000	26531.246203	-84466.843169	0.000000	-136.157596
474.000000	26531.246203	-84534.921967	0.000000	-136.066579
474.500000	26531.246203	-84602.955256	0.000000	-135.975735
475.000000	26531.246203	-84670.943123	0.000000	-135.885064
475.500000	26531.246203	-84738.885656	0.000000	-135.794566
476.000000	26531.246204	-84806.782939	0.000000	-135.704240
476.500000	26531.246204	-84874.635058	0.000000	-135.614085
477.000000	26531.246204	-84942.442101	0.000000	-135.524101
477.500000	26531.246204	-85010.204151	0.000000	-135.434287
478.000000	26531.246204	-85077.921294	0.000000	-135.344643
478.500000	26531.246204	-85145.593616	0.000000	-135.255168
479.000000	26531.246204	-85213.221200	0.000000	-135.165862
479.500000	26531.246204	-85280.804130	0.000000	-135.076723
480.000000	26531.246204	-85348.342492	0.000000	-134.987753
480.500000	26531.246205	-85415.836369	0.000000	-134.898950
481.000000	26531.246205	-85483.285843	0.000000	-134.810313
481.500000	26531.246205	-85550.691000	0.000000	-134.721842
482.000000	26531.246205	-85618.051921	0.000000	-134.633537
482.500000	26531.246205	-85685.368689	0.000000	-134.545397
483.000000	26531.246205	-85752.641387	0.000000	-134.457421
483.500000	26531.246205	-85819.870098	0.000000	-134.369609
484.000000	26531.246205	-85887.054902	0.000000	-134.281961
484.500000	26531.246205	-85954.195883	0.000000	-134.194475
485.000000	26531.246205	-86021.293120	0.000000	-134.107153
485.500000	26531.246205	-86088.346696	0.000000	-134.019992
486.000000	26531.246205	-86155.356692	0.000000	-133.932992
486.500000	26531.246206	-86222.323188	0.000000	-133.846154
487.000000	26531.246206	-86289.246265	0.000000	-133.759476
487.500000	26531.246206	-86356.126003	0.000000	-133.672958
488.000000	26531.246206	-86422.962482	0.000000	-133.586599
488.500000	26531.246206	-86489.755781	0.000000	-133.500399
489.000000	26531.246206	-86556.505981	0.000000	-133.414358
489.500000	26531.246206	-86623.213160	0.000000	-133.328475
490.000000	26531.246206	-86689.877398	0.000000	-133.242750
490.500000	26531.246206	-86756.498773	0.000000	-133.157181
491.000000	26531.246206	-86823.077363	0.000000	-133.071769
491.500000	26531.246206	-86889.613248	0.000000	-132.986513
492.000000	26531.246206	-86956.106504	0.000000	-132.901413
492.500000	26531.246206	-87022.557211	0.000000	-132.816468
493.000000	26531.246206	-87088.965445	0.000000	-132.731677
493.500000	26531.246206	-87155.331283	0.000000	-132.647041
494.000000	26531.246206	-87221.654804	0.000000	-132.562559
494.500000	26531.246206	-87287.936083	0.000000	-132.478229
495.000000	26531.246206	-87354.175198	0.000000	-132.394053
495.500000	26531.246206	-87420.372224	0.000000	-132.310029
496.000000	26531.246206	-87486.527239	0.000000	-132.226157
496.500000	26531.246206	-87552.640317	0.000000	-132.142436
497.000000	26531.246206	-87618.711535	0.000000	-132.058866
497.500000	26531.246207	-87684.740968	0.000000	-131.975447
498.000000	26531.246207	-87750.728691	0.000000	-131.892177
498.500000	26531.246207	-87816.674780	0.000000	-131.809058
499.000000	26531.246207	-87882.579309	0.000000	-131.726087
499.500000	26531.246207	-87948.442352	0.000000	-131.643265
500.000000	26531.246207	-88014.263985	0.000000	-131.560592
500.500000	26531.246207	-88080.044281	0.000000	-131.478066
501.000000	26531.246207	-88145.783314	0.000000	-131.395688
501.500000	26531.246207	-88211.481158	0.000000	-131.313457
502.000000	26531.246207	-88277.137886	0.000000	-131.231372
502.500000	26531.246207	-88342.753572	0.000000	-131.149433
503.000000	26531.246207	-88408.328289	0.000000	-131.067640
503.500000	26531.246207	-88473.862109	0.000000	-130.985992
504.000000	26531.246207	-88539.355105	0.000000	-130.904489
504.500000	26531.246207	-88604.807349	0.000000	-130.823130
505.000000	26531.246207	-88670.218914	0.000000	-130.741916
505.500000	26531.246207	-88735.589872	0.000000	-130.660844
506.000000	26531.246207	-88800.920294	0.000000	-130.579916
506.500000	26531.246207	-88866.210252	0.000000	-130.499131
507.000000	26531.246207	-88931.459818	0.000000	-130.418487
507.500000	26531.246207	-88996.669061	0.000000	-130.337986
508.000000	26531.246207	-89061.838054	0.000000	-130.257626
508.500000	26531.246207	-89126.966867	0.000000	-130.177407
509.000000	26531.246207	-89192.055571	0.000000	-130.097328
509.500000	26531.246207	-89257.104235	0.000000	-130.017390
510.000000	26531.246207	-89322.112930	0.000000	-129.937592
510.500000	26531.246207	-89387.081726	0.000000	-129.857933
511.000000	26531.246207	-89452.010692	0.000000	-129.778413
511.500000	26531.246207	-89516.899899	0.000000	-129.699031
512.000000	26531.246207	-89581.749414	0.000000	-129.619787
512.500000	26531.246207	-89646.559308	0.000000	-129.540682
513.000000	26531.246207	-89711.329649	0.000000	-129.461713
513.500000	26531.246207	-89776.060505	0.000000	-129.382882
514.000000	26531.246207	-89840.751946	0.000000	-129.304187
514.500000	26531.246207	-89905.404040	0.000000	-129.225629
515.000000	26531.246207	-89970.016854	0.000000	-129.147206
515.500000	26531.246207	-90034.590457	0.000000	-129.068918
516.000000	26531.246207	-90099.124916	0.000000	-128.990766
516.500000	26531.246207	-90163.620299	0.000000	-128.912748
517.000000	26531.246207	-90228.076673	0.000000	-128.834864
517.500000	26531.246207	-90292.494105	0.000000	-128.757114
518.000000	26531.246207	-90356.872663	0.000000	-128.679498
518.500000	26531.246207	-90421.212412	0.000000	-128.602015
519.000000	26531.246207	-90485.513419	0.000000	-128.524664
519.500000	26531.246207	-90549.775751	0.000000	-128.447446
520.000000	26531.246207	-90613.999474	0.000000	-128.370360
520.500000	26531.246207	-90678.184654	0.000000	-128.293405
521.000000	26531.246207	-90742.331356	0.000000	-128.216581
521.500000	26531.246207	-90806.439647	0.000000	-128.139888
522.000000	26531.246207	-90870.509591	0.000000	-128.063326
522.500000	26531.246207	-90934.541254	0.000000	-127.986894
523.000000	26531.246207	-90998.534701	0.000000	-127.910591
523.500000	26531.246207	-91062.489997	0.000000	-127.834418
524.000000	26531.246207	-91126.407206	0.000000	-127.758374
524.500000	26531.246207	-91190.286393	0.000000	-127.682458
525.000000	26531.246207	-91254.127622	0.000000	-127.606671
525.500000	26531.246207	-91317.930958	0.000000	-127.531012
526.000000	26531.246207	-91381.696463	0.000000	-127.455480
526.500000	26531.246207	-91445.424203	0.000000	-127.380075
527.000000	26531.246207	-91509.114241	0.000000	-127.304797
527.500000	26531.246207	-91572.766639	0.000000	-127.229646
528.000000	26531.246207	-91636.381462	0.000000	-127.154620
528.500000	26531.246207	-91699.958772	0.000000	-127.079721
529.000000	26531.246207	-91763.498633	0.000000	-127.004947
529.500000	26531.246207	-91827.001106	0.000000	-126.930297
530.000000	26531.246207	-91890.466255	0.000000	-126.855773
530.500000	26531.246207	-91953.894141	0.000000	-126.781373
531.000000	26531.246207	-92017.284828	0.000000	-126.707097
531.500000	26531.246207	-92080.638376	0.000000	-126.632945
532.000000	26531.246207	-92143.954848	0.000000	-126.558916
532.500000	26531.246207	-92207.234306	0.000000	-126.485010
533.000000	26531.246207	-92270.476811	0.000000	-126.411226
533.500000	26531.246207	-92333.682424	0.000000	-126.337565
534.000000	26531.246207	-92396.851207	0.000000	-126.264026
534.500000	26531.246207	-92459.983220	0.000000	-126.190609
535.000000	26531.246207	-92523.078524	0.000000	-126.117313
535.500000	26531.246207	-92586.137181	0.000000	-126.044138
536.000000	26531.246207	-92649.159249	0.000000	-125.971083
536.500000	26531.246207	-92712.144791	0.000000	-125.898149
537.000000	26531.246207	-92775.093865	0.000000	-125.825335
537.500000	26531.246207	-92838.006533	0.000000	-125.752640
538.000000	26531.246207	-92900.882853	0.000000	-125.680065
538.500000	26531.246207	-92963.722885	0.000000	-125.607609
539.000000	26531.246207	-93026.526689	0.000000	-125.535271
539.500000	26531.246207	-93089.294325	0.000000	-125.463052
540.000000	26531.246207	-93152.025851	0.000000	-125.390951
540.500000	26531.246207	-93214.721326	0.000000	-125.318967
541.000000	26531.246207	-93277.380810	0.000000	-125.247101
541.500000	26531.246207	-93340.004360	0.000000	-125.175352
542.000000	26531.246207	-93402.592036	0.000000	-125.103720
542.500000	26531.246207	-93465.143896	0.000000	-125.032204
543.000000	26531.246207	-93527.659998	0.000000	-124.960804
543.500000	26531.246207	-93590.140400	0.000000	-124.889520
544.000000	26531.246207	-93652.585161	0.000000	-124.818352
544.500000	26531.246207	-93714.994337	0.000000	-124.747299
545.000000	26531.246207	-93777.367986	0.000000	-124.676361
545.500000	26531.246207	-93839.706166	0.000000	-124.605537
546.000000	26531.246207	-93902.008935	0.000000	-124.534827
546.500000	26531.246207	-93964.276348	0.000000	-124.464232
547.000000	26531.246207	-94026.508464	0.000000	-124.393750
547.500000	26531.246207	-94088.705339	0.000000	-124.323381
548.000000	26531.246207	-94150.867030	0.000000	-124.253126
548.500000	26531.246207	-94212.993593	0.000000	-124.182983
549.000000	26531.246207	-94275.085084	0.000000	-124.112953
549.500000	26531.246207	-94337.141561	0.000000	-124.043035
550.000000	26531.246207	-94399.163078	0.000000	-123.973228
550.500000	26531.246207	-94461.149692	0.000000	-123.903533
551.000000	26531.246207	-94523.101459	0.000000	-123.833950
551.500000	26531.246207	-94585.018434	0.000000	-123.764477
552.000000	26531.246207	-94646.900672	0.000000	-123.695115
552.500000	26531.246207	-94708.748230	0.000000	-123.625864
553.000000	26531.246207	-94770.561162	0.000000	-123.556722
553.500000	26531.246207	-94832.339523	0.000000	-123.487691
554.000000	26531.246207	-94894.083368	0.000000	-123.418768
554.500000	26531.246207	-94955.792752	0.000000	-123.349955
555.000000	26531.246207	-95017.467730	0.000000	-123.281251
555.500000	26531.246207	-95079.108356	0.000000	-123.212656
556.000000	26531.246207	-95140.714684	0.000000	-123.144169
556.500000	26531.246207	-95202.286768	0.000000	-123.075790
557.000000	26531.246207	-95263.824663	0.000000	-123.007518
557.500000	26531.246207	-95325.328422	0.000000	-122.939354
558.000000	26531.246207	-95386.798099	0.000000	-122.871298
558.500000	26531.246207	-95448.233748	0.000000	-122.803348
559.000000	26531.246207	-95509.635422	0.000000	-122.735505
559.500000	26531.246207	-95571.003175	0.000000	-122.667769
560.000000	26531.246207	-95632.337059	0.000000	-122.600138
560.500000	26531.246207	-95693.637128	0.000000	-122.532613
561.000000	26531.246207	-95754.903435	0.000000	-122.465194
561.500000	26531.246207	-95816.136032	0.000000	-122.397880
562.000000	26531.246207	-95877.334972	0.000000	-122.330672
562.500000	26531.246207	-95938.500308	0.000000	-122.263567
563.000000	26531.246207	-95999.632091	0.000000	-122.196568
563.500000	26531.246207	-96060.730375	0.000000	-122.129672
564.000000	26531.246207	-96121.795211	0.000000	-122.062881
564.500000	26531.246207	-96182.826652	0.000000	-121.996193
565.000000	26531.246207	-96243.824748	0.000000	-121.929608
565.500000	26531.246207	-96304.789552	0.000000	-121.863127
566.000000	26531.246207	-96365.721115	0.000000	-121.796748
566.500000	26531.246207	-96426.619489	0.000000	-121.730472
567.000000	26531.246207	-96487.484725	0.000000	-121.664298
567.500000	26531.246207	-96548.316875	0.000000	-121.598227
568.000000	26531.246207	-96609.115988	0.000000	-121.532257
568.500000	26531.246207	-96669.882117	0.000000	-121.466389
569.000000	26531.246207	-96730.615311	0.000000	-121.400622
569.500000	26531.246207	-96791.315622	0.000000	-121.334956
570.000000	26531.246207	-96851.983100	0.000000	-121.269391
570.500000	26531.246207	-96912.617795	0.000000	-121.203926
571.000000	26531.246207	-96973.219758	0.000000	-121.138562
571.500000	26531.246207	-97033.789039	0.000000	-121.073297
572.000000	26531.246207	-97094.325688	0.000000	-121.008132
572.500000	26531.246207	-97154.829754	0.000000	-120.943067
573.000000	26531.246207	-97215.301287	0.000000	-120.878101
573.500000	26531.246207	-97275.740338	0.000000	-120.813234
574.000000	26531.246207	-97336.146955	0.000000	-120.748466
574.500000	26531.246207	-97396.521188	0.000000	-120.683796
575.000000	26531.246207	-97456.863086	0.000000	-120.619225
575.500000	26531.246207	-97517.172698	0.000000	-120.554751
576.000000	26531.246207	-97577.450074	0.000000	-120.490375
576.500000	26531.246207	-97637.695262	0.000000	-120.426097
577.000000	26531.246207	-97697.908310	0.000000	-120.361916
577.500000	26531.246207	-97758.089268	0.000000	-120.297832
578.000000	26531.246207	-97818.238184	0.000000	-120.233845
578.500000	26531.246207	-97878.355106	0.000000	-120.169954
579.000000	26531.246207	-97938.440083	0.000000	-120.106159
579.500000	26531.246207	-97998.493163	0.000000	-120.042461
580.000000	26531.246207	-98058.514393	0.000000	-119.978858
580.500000	26531.246207	-98118.503822	0.000000	-119.915351
581.000000	26531.246207	-98178.461498	0.000000	-119.851939
581.500000	26531.246207	-98238.387468	0.000000	-119.788623
582.000000	26531.246207	-98298.281779	0.000000	-119.725401
582.500000	26531.246207	-98358.144480	0.000000	-119.662274
583.000000	26531.246207	-98417.975616	0.000000	-119.599241
583.500000	26531.246207	-98477.775237	0.000000	-119.536302
584.000000	26531.246207	-98537.543388	0.000000	-119.473457
584.500000	26531.246207	-98597.280116	0.000000	-119.410706
585.000000	26531.246207	-98656.985469	0.000000	-119.348048
585.500000	26531.246207	-98716.659494	0.000000	-119.285484
586.000000	26531.246207	-98776.302236	0.000000	-119.223012
586.500000	26531.246207	-98835.913742	0.000000	-119.160634
587.000000	26531.246207	-98895.494059	0.000000	-119.098347
587.500000	26531.246207	-98955.043232	0.000000	-119.036154
588.000000	26531.246207	-99014.561309	0.000000	-118.974052
588.500000	26531.246207	-99074.048335	0.000000	-118.912042
589.000000	26531.246207	-99133.504356	0.000000	-118.850123
589.500000	26531.246207	-99192.929417	0.000000	-118.788296
590.000000	26531.246207	-99252.323566	0.000000	-118.726560
590.500000	26531.246207	-99311.686846	0.000000	-118.664916
591.000000	26531.246207	-99371.019304	0.000000	-118.603361
591.500000	26531.246207	-99430.320984	0.000000	-118.541898
592.000000	26531.246207	-99489.591933	0.000000	-118.480524
592.500000	26531.246207	-99548.832195	0.000000	-118.419241
593.000000	26531.246207	-99608.041816	0.000000	-118.358048
593.500000	26531.246207	-99667.220840	0.000000	-118.296944
594.000000	26531.246207	-99726.369311	0.000000	-118.235929
594.500000	26531.246207	-99785.487276	0.000000	-118.175004
595.000000	26531.246207	-99844.574778	0.000000	-118.114168
595.500000	26531.246207	-99903.631862	0.000000	-118.053420
596.000000	26531.246207	-99962.658572	0.000000	-117.992761
596.500000	26531.246207	-100021.654953	0.000000	-117.932191
597.000000	26531.246207	-100080.621048	0.000000	-117.871708
597.500000	26531.246207	-100139.556902	0.000000	-117.811313
598.000000	26531.246207	-100198.462559	0.000000	-117.751006
598.500000	26531.246207	-100257.338062	0.000000	-117.690787
599.000000	26531.246207	-100316.183455	0.000000	-117.630655
599.500000	26531.246207	-100374.998783	0.000000	-117.570610
600.000000	26531.246207	-100433.784087	0.000000	-117.510651
600.500000	26531.246207	-100492.539413	0.000000	-117.450780
601.000000	26531.246207	-100551.264803	0.000000	-117.390994
601.500000	26531.246207	-100609.960300	0.000000	-117.331295
602.000000	26531.246207	-100668.625948	0.000000	-117.271682
602.500000	26531.246207	-100727.261789	0.000000	-117.212155
603.000000	26531.246207	-100785.867866	0.000000	-117.152714
603.500000	26531.246207	-100844.444223	0.000000	-117.093357
604.000000	26531.246207	-100902.990902	0.000000	-117.034087
604.500000	26531.246207	-100961.507945	0.000000	-116.974901
605.000000	26531.246207	-101019.995395	0.000000	-116.915799
605.500000	26531.246207	-101078.453295	0.000000	-116.856783
606.000000	26531.246207	-101136.881687	0.000000	-116.797851
606.500000	26531.246207	-101195.280612	0.000000	-116.739003
607.000000	26531.246207	-101253.650113	0.000000	-116.680239
607.500000	26531.246207	-101311.990233	0.000000	-116.621558
608.000000	26531.246207	-101370.301012	0.000000	-116.562962
608.500000	26531.246207	-101428.582493	0.000000	-116.504449
609.000000	26531.246207	-101486.834717	0.000000	-116.446019
609.500000	26531.246207	-101545.057726	0.000000	-116.387672
610.000000	26531.246207	-101603.251562	0.000000	-116.329408
610.500000	26531.246207	-101661.416266	0.000000	-116.271226
611.000000	26531.246207	-101719.551879	0.000000	-116.213127
611.500000	26531.246207	-101777.658442	0.000000	-116.155110
612.000000	26531.246207	-101835.735997	0.000000	-116.097175
612.500000	26531.246207	-101893.784585	0.000000	-116.039322
613.000000	26531.246207	-101951.804246	0.000000	-115.981551
613.500000	26531.246207	-102009.795021	0.000000	-115.923861
614.000000	26531.246207	-102067.756952	0.000000	-115.866252
614.500000	26531.246207	-102125.690078	0.000000	-115.808724
615.000000	26531.246207	-102183.594440	0.000000	-115.751278
615.500000	26531.246207	-102241.470079	0.000000	-115.693912
616.000000	26531.246207	-102299.317035	0.000000	-115.636626
616.500000	26531.246207	-102357.135348	0.000000	-115.579421
617.000000	26531.246207	-102414.925058	0.000000	-115.522296
617.500000	26531.246207	-102472.686206	0.000000	-115.465251
618.000000	26531.246207	-102530.418832	0.000000	-115.408286
618.500000	26531.246207	-102588.122975	0.000000	-115.351400
619.000000	26531.246207	-102645.798675	0.000000	-115.294594
619.500000	26531.246207	-102703.445972	0.000000	-115.237867
620.000000	26531.246207	-102761.064905	0.000000	-115.181219
620.500000	26531.246207	-102818.655514	0.000000	-115.124649
621.000000	26531.246207	-102876.217839	0.000000	-115.068159
621.500000	26531.246207	-102933.751918	0.000000	-115.011747
622.000000	26531.246207	-102991.257792	0.000000	-114.955413
622.500000	26531.246207	-103048.735498	0.000000	-114.899157
623.000000	26531.246207	-103106.185077	0.000000	-114.842980
623.500000	26531.246207	-103163.606567	0.000000	-114.786880
624.000000	26531.246207	-103221.000007	0.000000	-114.730857
624.500000	26531.246207	-103278.365435	0.000000	-114.674912
625.000000	26531.246207	-103335.702892	0.000000	-114.619045
625.500000	26531.246207	-103393.012414	0.000000	-114.563254
626.000000	26531.246207	-103450.294041	0.000000	-114.507540
626.500000	26531.246207	-103507.547811	0.000000	-114.451903
627.000000	26531.246207	-103564.773763	0.000000	-114.396343
627.500000	26531.246207	-103621.971934	0.000000	-114.340859
628.000000	26531.246207	-103679.142363	0.000000	-114.285451
628.500000	26531.246207	-103736.285089	0.000000	-114.230119
629.000000	26531.246207	-103793.400148	0.000000	-114.174862
629.500000	26531.246207	-103850.487579	0.000000	-114.119682
630.000000	26531.246207	-103907.547420	0.000000	-114.064577
630.500000	26531.246207	-103964.579709	0.000000	-114.009547
631.000000	26531.246207	-104021.584482	0.000000	-113.954593
631.500000	26531.246207	-104078.561779	0.000000	-113.899713
632.000000	26531.246207	-104135.511635	0.000000	-113.844908
632.500000	26531.246207	-104192.434089	0.000000	-113.790178
633.000000	26531.246207	-104249.329178	0.000000	-113.735523
633.500000	26531.246207	-104306.196940	0.000000	-113.680941
634.000000	26531.246207	-104363.037410	0.000000	-113.626434
634.500000	26531.246207	-104419.850627	0.000000	-113.572001
635.000000	26531.246207	-104476.636628	0.000000	-113.517641
635.500000	26531.246207	-104533.395448	0.000000	-113.463355
636.000000	26531.246207	-104590.127126	0.000000	-113.409143
636.500000	26531.246207	-104646.831698	0.000000	-113.355004
637.000000	26531.246207	-104703.509200	0.000000	-113.300938
637.500000	26531.246207	-104760.159669	0.000000	-113.246945
638.000000	26531.246207	-104816.783141	0.000000	-113.193025
638.500000	26531.246207	-104873.379654	0.000000	-113.139178
639.000000	26531.246207	-104929.949243	0.000000	-113.085403
639.500000	26531.246207	-104986.491944	0.000000	-113.031700
640.000000	26531.246207	-105043.007794	0.000000	-112.978070
640.500000	26531.246207	-105099.496829	0.000000	-112.924511
641.000000	26531.246207	-105155.959085	0.000000	-112.871025
641.500000	26531.246207	-105212.394597	0.000000	-112.817610
642.000000	26531.246207	-105268.803402	0.000000	-112.764266
642.500000	26531.246207	-105325.185535	0.000000	-112.710994
643.000000	26531.246207	-105381.541032	0.000000	-112.657793
643.500000	26531.246207	-105437.869929	0.000000	-112.604664
644.000000	26531.246207	-105494.172261	0.000000	-112.551605
644.500000	26531.246207	-105550.448063	0.000000	-112.498617
645.000000	26531.246207	-105606.697372	0.000000	-112.445699
645.500000	26531.246207	-105662.920221	0.000000	-112.392852
646.000000	26531.246207	-105719.116647	0.000000	-112.340075
646.500000	26531.246207	-105775.286685	0.000000	-112.287368
647.000000	26531.246207	-105831.430369	0.000000	-112.234732
647.500000	26531.246207	-105887.547735	0.000000	-112.182165
648.000000	26531.246207	-105943.638817	0.000000	-112.129667
648.500000	26531.246207	-105999.703651	0.000000	-112.077239
649.000000	26531.246207	-106055.742270	0.000000	-112.024881
649.500000	26531.246207	-106111.754711	0.000000	-111.972592
