0.000000	0.000000	0.000000	350.000000	606.217783
0.500000	175.000000	303.108891	345.100000	592.825734
1.000000	347.550000	599.521758	340.365528	579.787680
1.500000	517.732764	889.415598	335.788896	567.086724
2.000000	685.627212	1172.958960	331.362890	554.707000
2.500000	851.308658	1450.312460	327.080732	542.633595
3.000000	1014.849023	1721.629258	322.936047	530.852479
3.500000	1176.317047	1987.055497	318.922837	519.350437
4.000000	1335.778465	2246.730716	315.035448	508.115012
4.500000	1493.296189	2500.788221	311.268550	497.134450
5.000000	1648.930464	2749.355446	307.617112	486.397652
5.500000	1802.739020	2992.554272	304.076382	475.894124
6.000000	1954.777211	3230.501334	300.641866	465.613941
6.500000	2105.098144	3463.308305	297.309311	455.547705
7.000000	2253.752800	3691.082157	294.074692	445.686509
7.500000	2400.790146	3913.925411	290.934193	436.021907
8.000000	2546.257242	4131.936365	287.884193	426.545885
8.500000	2690.199339	4345.209308	284.921258	417.250829
9.000000	2832.659968	4553.834722	282.042124	408.129503
9.500000	2973.681030	4757.899473	279.243690	399.175023
10.000000	3113.302875	4957.486985	276.523003	390.380840
10.500000	3251.564377	5152.677405	273.877257	381.740712
11.000000	3388.503005	5343.547761	271.303774	373.248691
11.500000	3524.154892	5530.172106	268.800004	364.899107
12.000000	3658.554894	5712.621660	266.363514	356.686544
12.500000	3791.736651	5890.964932	263.991982	348.605833
13.000000	3923.732642	6065.267849	261.683190	340.652034
13.500000	4054.574237	6235.593866	259.435017	332.820424
14.000000	4184.291745	6402.004078	257.245435	325.106483
14.500000	4312.914463	6564.557319	255.112503	317.505886
15.000000	4440.470714	6723.310262	253.034362	310.014490
15.500000	4566.987895	6878.317507	251.009231	302.628325
16.000000	4692.492510	7029.631669	249.035401	295.343585
16.500000	4817.010211	7177.303462	247.111232	288.156616
17.000000	4940.565827	7321.381770	245.235151	281.063916
17.500000	5063.183402	7461.913728	243.405642	274.062117
18.000000	5184.886224	7598.944787	241.621253	267.147987
18.500000	5305.696850	7732.518780	239.880581	260.318417
19.000000	5425.637140	7862.677989	238.182278	253.570419
19.500000	5544.728279	7989.463198	236.525044	246.901117
20.000000	5662.990801	8112.913757	234.907626	240.307745
20.500000	5780.444614	8233.067629	233.328813	233.787638
21.000000	5897.109021	8349.961448	231.787437	227.338230
21.500000	6013.002740	8463.630563	230.282366	220.957050
22.000000	6128.143923	8574.109088	228.812508	214.641714
22.500000	6242.550177	8681.429945	227.376803	208.389925
23.000000	6356.238579	8785.624907	225.974225	202.199468
23.500000	6469.225691	8886.724641	224.603778	196.068205
24.000000	6581.527580	8984.758744	223.264494	189.994076
24.500000	6693.159827	9079.755781	221.955435	183.975089
25.000000	6804.137545	9171.743326	220.675685	178.009326
25.500000	6914.475387	9260.747989	219.424354	172.094933
26.000000	7024.187564	9346.795455	218.200574	166.230120
26.500000	7133.287851	9429.910515	217.003498	160.413161
27.000000	7241.789600	9510.117096	215.832299	154.642388
27.500000	7349.705749	9587.438290	214.686168	148.916192
28.000000	7457.048833	9661.896386	213.564312	143.233022
28.500000	7563.830989	9733.512897	212.465957	137.591378
29.000000	7670.063968	9802.308586	211.390340	131.989817
29.500000	7775.759138	9868.303494	210.336715	126.426945
30.000000	7880.927495	9931.516967	209.304347	120.901420
30.500000	7985.579669	9991.967677	208.292513	115.411950
31.000000	8089.725926	10049.673652	207.300501	109.957290
31.500000	8193.376176	10104.652297	206.327609	104.536244
32.000000	8296.539981	10156.920419	205.373144	99.147663
32.500000	8399.226553	10206.494251	204.436423	93.790444
33.000000	8501.444764	10253.389473	203.516769	88.463529
33.500000	8603.203149	10297.621237	202.613514	83.165907
34.000000	8704.509906	10339.204191	201.725994	77.896610
34.500000	8805.372903	10378.152496	200.853555	72.654718
35.000000	8905.799681	10414.479855	199.995548	67.439351
35.500000	9005.797454	10448.199530	199.151327	62.249676
36.000000	9105.373118	10479.324368	198.320254	57.084904
36.500000	9204.533245	10507.866820	197.501697	51.944289
37.000000	9303.284094	10533.838964	196.695028	46.827129
37.500000	9401.631608	10557.252529	195.899624	41.732767
38.000000	9499.581420	10578.118912	195.114868	36.660590
38.500000	9597.138854	10596.449207	194.340148	31.610026
39.000000	9694.308928	10612.254220	193.574859	26.580549
39.500000	9791.096357	10625.544495	192.818403	21.571677
40.000000	9887.505559	10636.330333	192.070185	16.582970
40.500000	9983.540651	10644.621818	191.329621	11.614031
41.000000	10079.205462	10650.428834	190.596133	6.664507
41.500000	10174.503528	10653.761087	189.869151	1.734087
42.000000	10269.438104	10654.628130	189.148115	-3.177498
42.500000	10364.012161	10653.039381	188.432474	-8.070476
43.000000	10458.228398	10649.004143	187.721687	-12.945034
43.500000	10552.089242	10642.531626	187.015225	-17.801317
44.000000	10645.596854	10633.630968	186.312569	-22.639434
44.500000	10738.753139	10622.311251	185.613215	-27.459453
45.000000	10831.559746	10608.581524	184.916670	-32.261407
45.500000	10924.018081	10592.450821	184.222457	-37.045291
46.000000	11016.129310	10573.928175	183.530111	-41.811067
46.500000	11107.894365	10553.022642	182.839184	-46.558663
47.000000	11199.313957	10529.743310	182.149244	-51.287975
47.500000	11290.388579	10504.099323	181.459875	-55.998868
48.000000	11381.118517	10476.099888	180.770675	-60.691180
48.500000	11471.503854	10445.754298	180.081264	-65.364720
49.000000	11561.544486	10413.071938	179.391274	-70.019272
49.500000	11651.240123	10378.062302	178.700360	-74.654597
50.000000	11740.590303	10340.735003	178.008191	-79.270434
50.500000	11829.594399	10301.099786	177.314455	-83.866500
51.000000	11918.251626	10259.166536	176.618857	-88.442495
51.500000	12006.561055	10214.945289	175.921123	-92.998102
52.000000	12094.521616	10168.446238	175.220993	-97.532989
52.500000	12182.132113	10119.679743	174.518228	-102.046810
53.000000	12269.391227	10068.656338	173.812603	-106.539206
53.500000	12356.297528	10015.386735	173.103912	-111.009812
54.000000	12442.849484	9959.881829	172.391968	-115.458249
54.500000	12529.045468	9902.152705	171.676596	-119.884134
55.000000	12614.883766	9842.210638	170.957642	-124.287078
55.500000	12700.362587	9780.067099	170.234964	-128.666687
56.000000	12785.480069	9715.733755	169.508437	-133.022565
56.500000	12870.234287	9649.222472	168.777951	-137.354313
57.000000	12954.623262	9580.545316	168.043410	-141.661531
57.500000	13038.644967	9509.714550	167.304733	-145.943823
58.000000	13122.297334	9436.742639	166.561851	-150.200789
58.500000	13205.578260	9361.642244	165.814710	-154.432038
59.000000	13288.485614	9284.426225	165.063265	-158.637178
59.500000	13371.017247	9205.107636	164.307487	-162.815823
60.000000	13453.170990	9123.699725	163.547356	-166.967593
60.500000	13534.944668	9040.215928	162.782864	-171.092113
61.000000	13616.336100	8954.669872	162.014013	-175.189017
61.500000	13697.343107	8867.075363	161.240816	-179.257943
62.000000	13777.963515	8777.446392	160.463294	-183.298540
62.500000	13858.195163	8685.797122	159.681479	-187.310466
63.000000	13938.035902	8592.141889	158.895408	-191.293385
63.500000	14017.483606	8496.495196	158.105131	-195.246975
64.000000	14096.536172	8398.871709	157.310703	-199.170921
64.500000	14175.191523	8299.286248	156.512186	-203.064919
65.000000	14253.447616	8197.753789	155.709650	-206.928678
65.500000	14331.302441	8094.289450	154.903170	-210.761915
66.000000	14408.754026	7988.908492	154.092829	-214.564362
66.500000	14485.800441	7881.626312	153.278715	-218.335759
67.000000	14562.439798	7772.458432	152.460919	-222.075862
67.500000	14638.670258	7661.420501	151.639541	-225.784435
68.000000	14714.490029	7548.528283	150.814682	-229.461258
68.500000	14789.897370	7433.797654	149.986450	-233.106121
69.000000	14864.890595	7317.244594	149.154954	-236.718826
69.500000	14939.468072	7198.885181	148.320310	-240.299190
70.000000	15013.628227	7078.735586	147.482635	-243.847041
70.500000	15087.369544	6956.812065	146.642048	-247.362220
71.000000	15160.690568	6833.130955	145.798674	-250.844580
71.500000	15233.589906	6707.708665	144.952639	-254.293987
72.000000	15306.066225	6580.561672	144.104069	-257.710321
72.500000	15378.118259	6451.706512	143.253095	-261.093471
73.000000	15449.744807	6321.159776	142.399849	-264.443342
73.500000	15520.944732	6188.938105	141.544463	-267.759850
74.000000	15591.716963	6055.058180	140.687072	-271.042922
74.500000	15662.060499	5919.536719	139.827811	-274.292498
75.000000	15731.974405	5782.390470	138.966816	-277.508532
75.500000	15801.457813	5643.636204	138.104224	-280.690986
76.000000	15870.509924	5503.290711	137.240171	-283.839836
76.500000	15939.130010	5361.370793	136.374796	-286.955070
77.000000	16007.317408	5217.893258	135.508237	-290.036685
77.500000	16075.071527	5072.874915	134.640629	-293.084691
78.000000	16142.391841	4926.332569	133.772112	-296.099109
78.500000	16209.277897	4778.283015	132.902821	-299.079969
79.000000	16275.729307	4628.743030	132.032893	-302.027313
79.500000	16341.745754	4477.729374	131.162464	-304.941193
80.000000	16407.326986	4325.258777	130.291669	-307.821671
80.500000	16472.472820	4171.347942	129.420641	-310.668818
81.000000	16537.183141	4016.013533	128.549515	-313.482716
81.500000	16601.457899	3859.272175	127.678422	-316.263456
82.000000	16665.297110	3701.140447	126.807493	-319.011137
82.500000	16728.700856	3541.634878	125.936857	-321.725869
83.000000	16791.669285	3380.771944	125.066643	-324.407767
83.500000	16854.202607	3218.568060	124.196977	-327.056959
84.000000	16916.301095	3055.039581	123.327985	-329.673578
84.500000	16977.965088	2890.202792	122.459789	-332.257765
85.000000	17039.194983	2724.073909	121.592512	-334.809670
85.500000	17099.991239	2556.669074	120.726274	-337.329451
86.000000	17160.354376	2388.004349	119.861193	-339.817269
86.500000	17220.284973	2218.095714	118.997386	-342.273297
87.000000	17279.783666	2046.959066	118.134966	-344.697711
87.500000	17338.851149	1874.610210	117.274047	-347.090696
88.000000	17397.488172	1701.064862	116.414739	-349.452441
88.500000	17455.695542	1526.338641	115.557151	-351.783142
89.000000	17513.474117	1350.447070	114.701388	-354.083000
89.500000	17570.824811	1173.405571	113.847556	-356.352222
90.000000	17627.748590	995.229460	112.995757	-358.591020
90.500000	17684.246468	815.933950	112.146090	-360.799610
91.000000	17740.319513	635.534145	111.298654	-362.978215
91.500000	17795.968840	454.045037	110.453545	-365.127059
92.000000	17851.195613	271.481508	109.610855	-367.246374
92.500000	17906.001040	87.858320	108.770677	-369.336394
93.000000	17960.386378	-96.809876	107.933099	-371.397356
93.500000	18014.352928	-282.508554	107.098209	-373.429501
94.000000	18067.902032	-469.223305	106.266090	-375.433075
94.500000	18121.035077	-656.939842	105.436827	-377.408326
95.000000	18173.753491	-845.644005	104.610498	-379.355504
95.500000	18226.058739	-1035.321758	103.787182	-381.274864
96.000000	18277.952331	-1225.959189	102.966955	-383.166660
96.500000	18329.435808	-1417.542520	102.149891	-385.031152
97.000000	18380.510754	-1610.058096	101.336061	-386.868601
97.500000	18431.178784	-1803.492396	100.525533	-388.679268
98.000000	18481.441551	-1997.832030	99.718377	-390.463418
98.500000	18531.300739	-2193.063739	98.914655	-392.221318
99.000000	18580.758067	-2389.174398	98.114432	-393.953234
99.500000	18629.815283	-2586.151015	97.317768	-395.659434
100.000000	18678.474167	-2783.980732	96.524722	-397.340190
100.500000	18726.736528	-2982.650827	95.735350	-398.995770
101.000000	18774.604203	-3182.148712	94.949706	-400.626448
101.500000	18822.079056	-3382.461936	94.167844	-402.232494
102.000000	18869.162978	-3583.578183	93.389813	-403.814181
102.500000	18915.857885	-3785.485274	92.615663	-405.371783
103.000000	18962.165716	-3988.171165	91.845439	-406.905572
103.500000	19008.088436	-4191.623951	91.079187	-408.415821
104.000000	19053.628029	-4395.831862	90.316948	-409.902804
104.500000	19098.786504	-4600.783264	89.558765	-411.366793
105.000000	19143.565886	-4806.466660	88.804675	-412.808061
105.500000	19187.968223	-5012.870690	88.054716	-414.226880
106.000000	19231.995581	-5219.984131	87.308923	-415.623522
106.500000	19275.650043	-5427.795892	86.567330	-416.998258
107.000000	19318.933708	-5636.295021	85.829968	-418.351359
107.500000	19361.848692	-5845.470700	85.096869	-419.683093
108.000000	19404.397126	-6055.312247	84.368059	-420.993730
108.500000	19446.581156	-6265.809112	83.643566	-422.283536
109.000000	19488.402939	-6476.950880	82.923416	-423.552779
109.500000	19529.864647	-6688.727270	82.207631	-424.801724
110.000000	19570.968462	-6901.128131	81.496234	-426.030634
110.500000	19611.716579	-7114.143448	80.789246	-427.239772
111.000000	19652.111202	-7327.763335	80.086684	-428.429400
111.500000	19692.154544	-7541.978035	79.388568	-429.599777
112.000000	19731.848828	-7756.777923	78.694913	-430.751161
112.500000	19771.196285	-7972.153504	78.005733	-431.883809
113.000000	19810.199151	-8188.095408	77.321043	-432.997976
113.500000	19848.859673	-8404.594397	76.640853	-434.093915
114.000000	19887.180099	-8621.641354	75.965176	-435.171877
114.500000	19925.162687	-8839.227293	75.294020	-436.232112
115.000000	19962.809697	-9057.343348	74.627393	-437.274867
115.500000	20000.123394	-9275.980782	73.965303	-438.300388
116.000000	20037.106045	-9495.130976	73.307755	-439.308919
116.500000	20073.759923	-9714.785435	72.654754	-440.300701
117.000000	20110.087300	-9934.935785	72.006303	-441.275974
117.500000	20146.090451	-10155.573773	71.362405	-442.234976
118.000000	20181.771654	-10376.691260	70.723061	-443.177942
118.500000	20217.133184	-10598.280231	70.088271	-444.105105
119.000000	20252.177320	-10820.332784	69.458035	-445.016697
119.500000	20286.906337	-11042.841132	68.832351	-445.912945
120.000000	20321.322513	-11265.797605	68.211216	-446.794078
120.500000	20355.428121	-11489.194644	67.594626	-447.660320
121.000000	20389.225434	-11713.024804	66.982577	-448.511892
121.500000	20422.716722	-11937.280750	66.375064	-449.349014
122.000000	20455.904254	-12161.955257	65.772080	-450.171905
122.500000	20488.790294	-12387.041209	65.173618	-450.980778
123.000000	20521.377103	-12612.531598	64.579670	-451.775849
123.500000	20553.666938	-12838.419523	63.990228	-452.557326
124.000000	20585.662052	-13064.698186	63.405282	-453.325418
124.500000	20617.364693	-13291.360895	62.824822	-454.080332
125.000000	20648.777104	-13518.401061	62.248836	-454.822271
125.500000	20679.901522	-13745.812196	61.677314	-455.551435
126.000000	20710.740179	-13973.587914	61.110244	-456.268025
126.500000	20741.295301	-14201.721926	60.547611	-456.972236
127.000000	20771.569107	-14430.208044	59.989403	-457.664263
127.500000	20801.563809	-14659.040176	59.435606	-458.344297
128.000000	20831.281612	-14888.212325	58.886205	-459.012529
128.500000	20860.724714	-15117.718589	58.341185	-459.669144
129.000000	20889.895307	-15347.553161	57.800529	-460.314329
129.500000	20918.795571	-15577.710326	57.264222	-460.948265
130.000000	20947.427682	-15808.184458	56.732247	-461.571133
130.500000	20975.793806	-16038.970025	56.204587	-462.183110
131.000000	21003.896099	-16270.061579	55.681223	-462.784371
131.500000	21031.736710	-16501.453765	55.162138	-463.375091
132.000000	21059.317779	-16733.141311	54.647313	-463.955440
132.500000	21086.641436	-16965.119031	54.136729	-464.525587
133.000000	21113.709801	-17197.381825	53.630367	-465.085697
133.500000	21140.524984	-17429.924673	53.128207	-465.635936
134.000000	21167.089088	-17662.742641	52.630229	-466.176465
134.500000	21193.404203	-17895.830874	52.136412	-466.707443
135.000000	21219.472409	-18129.184595	51.646736	-467.229029
135.500000	21245.295777	-18362.799110	51.161180	-467.741377
136.000000	21270.876367	-18596.669798	50.679721	-468.244640
136.500000	21296.216228	-18830.792118	50.202339	-468.738969
137.000000	21321.317397	-19065.161603	49.729012	-469.224514
137.500000	21346.181903	-19299.773860	49.259717	-469.701420
138.000000	21370.811762	-19534.624570	48.794432	-470.169833
138.500000	21395.208978	-19769.709487	48.333134	-470.629895
139.000000	21419.375545	-20005.024434	47.875801	-471.081745
139.500000	21443.313445	-20240.565306	47.422409	-471.525523
140.000000	21467.024650	-20476.328068	46.972936	-471.961364
140.500000	21490.511118	-20712.308750	46.527357	-472.389403
141.000000	21513.774796	-20948.503451	46.085649	-472.809773
141.500000	21536.817621	-21184.908338	45.647789	-473.222602
142.000000	21559.641515	-21421.519639	45.213752	-473.628021
142.500000	21582.248391	-21658.333649	44.783515	-474.026154
143.000000	21604.640149	-21895.346726	44.357053	-474.417127
143.500000	21626.818675	-22132.555290	43.934343	-474.801062
144.000000	21648.785847	-22369.955821	43.515359	-475.178080
144.500000	21670.543527	-22607.544861	43.100078	-475.548300
145.000000	21692.093566	-22845.319011	42.688474	-475.911838
145.500000	21713.437803	-23083.274930	42.280524	-476.268810
146.000000	21734.578065	-23321.409335	41.876202	-476.619329
146.500000	21755.516166	-23559.718999	41.475484	-476.963507
147.000000	21776.253908	-23798.200753	41.078345	-477.301453
147.500000	21796.793081	-24036.851479	40.684761	-477.633276
148.000000	21817.135461	-24275.668117	40.294705	-477.959083
148.500000	21837.282814	-24514.647659	39.908155	-478.278977
149.000000	21857.236891	-24753.787148	39.525083	-478.593063
149.500000	21876.999433	-24993.083679	39.145467	-478.901441
150.000000	21896.572166	-25232.534399	38.769280	-479.204211
150.500000	21915.956806	-25472.136505	38.396498	-479.501471
151.000000	21935.155055	-25711.887240	38.027096	-479.793319
151.500000	21954.168603	-25951.783899	37.661048	-480.079848
152.000000	21972.999127	-26191.823823	37.298331	-480.361153
152.500000	21991.648293	-26432.004400	36.938919	-480.637326
153.000000	22010.117752	-26672.323063	36.582788	-480.908456
153.500000	22028.409146	-26912.777291	36.229912	-481.174633
154.000000	22046.524102	-27153.364607	35.880266	-481.435945
154.500000	22064.464235	-27394.082580	35.533827	-481.692478
155.000000	22082.231149	-27634.928819	35.190570	-481.944316
155.500000	22099.826434	-27875.900977	34.850469	-482.191542
156.000000	22117.251668	-28116.996748	34.513500	-482.434238
156.500000	22134.508418	-28358.213867	34.179639	-482.672486
157.000000	22151.598238	-28599.550110	33.848861	-482.906363
157.500000	22168.522668	-28841.003292	33.521143	-483.135949
158.000000	22185.283239	-29082.571266	33.196459	-483.361319
158.500000	22201.881469	-29324.251926	32.874785	-483.582549
159.000000	22218.318861	-29566.043200	32.556098	-483.799712
159.500000	22234.596910	-29807.943056	32.240373	-484.012882
160.000000	22250.717096	-30049.949497	31.927586	-484.222129
160.500000	22266.680889	-30292.060561	31.617714	-484.427525
161.000000	22282.489746	-30534.274324	31.310732	-484.629138
161.500000	22298.145112	-30776.588893	31.006617	-484.827037
162.000000	22313.648421	-31019.002412	30.705346	-485.021288
162.500000	22329.001094	-31261.513055	30.406895	-485.211956
163.000000	22344.204541	-31504.119033	30.111240	-485.399106
163.500000	22359.260161	-31746.818587	29.818359	-485.582802
164.000000	22374.169341	-31989.609988	29.528228	-485.763106
164.500000	22388.933455	-32232.491541	29.240824	-485.940079
165.000000	22403.553867	-32475.461580	28.956124	-486.113781
165.500000	22418.031929	-32718.518471	28.674106	-486.284272
166.000000	22432.368982	-32961.660607	28.394746	-486.451609
166.500000	22446.566355	-33204.886412	28.118022	-486.615850
167.000000	22460.625366	-33448.194337	27.843912	-486.777051
167.500000	22474.547322	-33691.582862	27.572394	-486.935266
168.000000	22488.333519	-33935.050495	27.303444	-487.090551
168.500000	22501.985241	-34178.595771	27.037042	-487.242958
169.000000	22515.503762	-34422.217250	26.773164	-487.392540
169.500000	22528.890344	-34665.913520	26.511790	-487.539347
170.000000	22542.146239	-34909.683193	26.252897	-487.683431
170.500000	22555.272687	-35153.524909	25.996464	-487.824842
171.000000	22568.270920	-35397.437330	25.742470	-487.963627
171.500000	22581.142155	-35641.419143	25.490893	-488.099835
172.000000	22593.887601	-35885.469060	25.241712	-488.233512
172.500000	22606.508457	-36129.585817	24.994906	-488.364706
173.000000	22619.005910	-36373.768169	24.750453	-488.493461
173.500000	22631.381137	-36618.014900	24.508335	-488.619821
174.000000	22643.635304	-36862.324810	24.268528	-488.743832
174.500000	22655.769568	-37106.696726	24.031014	-488.865535
175.000000	22667.785075	-37351.129494	23.795772	-488.984974
175.500000	22679.682961	-37595.621981	23.562781	-489.102189
176.000000	22691.464351	-37840.173075	23.332021	-489.217221
176.500000	22703.130362	-38084.781686	23.103473	-489.330110
177.000000	22714.682099	-38329.446741	22.877117	-489.440896
177.500000	22726.120657	-38574.167189	22.652933	-489.549618
178.000000	22737.447124	-38818.941998	22.430901	-489.656312
178.500000	22748.662574	-39063.770154	22.211002	-489.761018
179.000000	22759.768075	-39308.650663	21.993216	-489.863770
179.500000	22770.764683	-39553.582548	21.777526	-489.964605
180.000000	22781.653446	-39798.564850	21.563911	-490.063558
180.500000	22792.435401	-40043.596629	21.352352	-490.160665
181.000000	22803.111577	-40288.676962	21.142832	-490.255958
181.500000	22813.682993	-40533.804941	20.935332	-490.349472
182.000000	22824.150659	-40778.979677	20.729832	-490.441239
182.500000	22834.515575	-41024.200296	20.526315	-490.531291
183.000000	22844.778733	-41269.465942	20.324763	-490.619661
183.500000	22854.941114	-41514.775772	20.125157	-490.706379
184.000000	22865.003693	-41760.128962	19.927480	-490.791475
184.500000	22874.967433	-42005.524699	19.731714	-490.874980
185.000000	22884.833290	-42250.962190	19.537842	-490.956924
185.500000	22894.602211	-42496.440651	19.345845	-491.037334
186.000000	22904.275134	-42741.959318	19.155707	-491.116239
186.500000	22913.852987	-42987.517438	18.967411	-491.193668
187.000000	22923.336693	-43233.114272	18.780938	-491.269648
187.500000	22932.727162	-43478.749096	18.596273	-491.344204
188.000000	22942.025298	-43724.421198	18.413399	-491.417365
188.500000	22951.231998	-43970.129880	18.232299	-491.489155
189.000000	22960.348147	-44215.874458	18.052956	-491.559600
189.500000	22969.374625	-44461.654258	17.875354	-491.628725
190.000000	22978.312302	-44707.468620	17.699477	-491.696555
190.500000	22987.162041	-44953.316898	17.525309	-491.763113
191.000000	22995.924696	-45199.198455	17.352834	-491.828424
191.500000	23004.601113	-45445.112666	17.182035	-491.892509
192.000000	23013.192130	-45691.058921	17.012898	-491.955393
192.500000	23021.698579	-45937.036618	16.845406	-492.017098
193.000000	23030.121282	-46183.045166	16.679544	-492.077644
193.500000	23038.461054	-46429.083988	16.515297	-492.137055
194.000000	23046.718703	-46675.152516	16.352650	-492.195350
194.500000	23054.895028	-46921.250191	16.191587	-492.252552
195.000000	23062.990822	-47167.376467	16.032094	-492.308679
195.500000	23071.006869	-47413.530807	15.874156	-492.363753
196.000000	23078.943947	-47659.712683	15.717757	-492.417792
196.500000	23086.802826	-47905.921579	15.562884	-492.470817
197.000000	23094.584268	-48152.156988	15.409523	-492.522845
197.500000	23102.289029	-48398.418410	15.257657	-492.573896
198.000000	23109.917858	-48644.705359	15.107275	-492.623988
198.500000	23117.471495	-48891.017353	14.958361	-492.673138
199.000000	23124.950676	-49137.353922	14.810901	-492.721365
199.500000	23132.356126	-49383.714605	14.664882	-492.768685
200.000000	23139.688567	-49630.098947	14.520290	-492.815115
200.500000	23146.948713	-49876.506505	14.377112	-492.860673
201.000000	23154.137269	-50122.936841	14.235333	-492.905373
201.500000	23161.254935	-50369.389528	14.094941	-492.949233
202.000000	23168.302406	-50615.864144	13.955923	-492.992268
202.500000	23175.280367	-50862.360278	13.818264	-493.034493
203.000000	23182.189500	-51108.877525	13.681953	-493.075924
203.500000	23189.030476	-51355.415487	13.546977	-493.116575
204.000000	23195.803965	-51601.973774	13.413321	-493.156461
204.500000	23202.510625	-51848.552005	13.280975	-493.195596
205.000000	23209.151113	-52095.149803	13.149925	-493.233995
205.500000	23215.726076	-52341.766800	13.020159	-493.271670
206.000000	23222.236155	-52588.402635	12.891665	-493.308637
206.500000	23228.681988	-52835.056953	12.764430	-493.344907
207.000000	23235.064203	-53081.729407	12.638443	-493.380494
207.500000	23241.383424	-53328.419654	12.513691	-493.415410
208.000000	23247.640270	-53575.127359	12.390162	-493.449669
208.500000	23253.835351	-53821.852194	12.267845	-493.483283
209.000000	23259.969273	-54068.593835	12.146728	-493.516263
209.500000	23266.042638	-54315.351967	12.026800	-493.548622
210.000000	23272.056037	-54562.126278	11.908048	-493.580371
210.500000	23278.010061	-54808.916463	11.790462	-493.611521
211.000000	23283.905293	-55055.722224	11.674031	-493.642085
211.500000	23289.742308	-55302.543266	11.558743	-493.672072
212.000000	23295.521680	-55549.379302	11.444587	-493.701494
212.500000	23301.243973	-55796.230049	11.331553	-493.730361
213.000000	23306.909750	-56043.095230	11.219629	-493.758684
213.500000	23312.519564	-56289.974571	11.108804	-493.786472
214.000000	23318.073966	-56536.867808	10.999069	-493.813737
214.500000	23323.573500	-56783.774676	10.890412	-493.840487
215.000000	23329.018706	-57030.694919	10.782823	-493.866733
215.500000	23334.410118	-57277.628286	10.676292	-493.892483
216.000000	23339.748264	-57524.574527	10.570809	-493.917748
216.500000	23345.033669	-57771.533401	10.466363	-493.942536
217.000000	23350.266850	-58018.504669	10.362944	-493.966856
217.500000	23355.448322	-58265.488097	10.260542	-493.990717
218.000000	23360.578593	-58512.483455	10.159148	-494.014128
218.500000	23365.658168	-58759.490519	10.058752	-494.037096
219.000000	23370.687544	-59006.509067	9.959343	-494.059632
219.500000	23375.667215	-59253.538883	9.860913	-494.081741
220.000000	23380.597672	-59500.579754	9.763452	-494.103434
220.500000	23385.479398	-59747.631470	9.666950	-494.124717
221.000000	23390.312873	-59994.693829	9.571398	-494.145598
221.500000	23395.098572	-60241.766628	9.476787	-494.166084
222.000000	23399.836965	-60488.849670	9.383108	-494.186184
222.500000	23404.528519	-60735.942761	9.290351	-494.205904
223.000000	23409.173695	-60983.045713	9.198508	-494.225251
223.500000	23413.772948	-61230.158339	9.107569	-494.244233
224.000000	23418.326733	-61477.280455	9.017527	-494.262856
224.500000	23422.835496	-61724.411884	8.928371	-494.281128
225.000000	23427.299682	-61971.552447	8.840094	-494.299054
225.500000	23431.719729	-62218.701975	8.752687	-494.316642
226.000000	23436.096073	-62465.860295	8.666142	-494.333897
226.500000	23440.429144	-62713.027244	8.580449	-494.350826
227.000000	23444.719369	-62960.202657	8.495602	-494.367435
227.500000	23448.967169	-63207.386374	8.411590	-494.383730
228.000000	23453.172965	-63454.578239	8.328407	-494.399717
228.500000	23457.337168	-63701.778097	8.246044	-494.415402
229.000000	23461.460190	-63948.985798	8.164493	-494.430790
229.500000	23465.542437	-64196.201193	8.083747	-494.445887
230.000000	23469.584310	-64443.424137	8.003797	-494.460699
230.500000	23473.586209	-64690.654487	7.924635	-494.475231
231.000000	23477.548526	-64937.892102	7.846254	-494.489488
231.500000	23481.471653	-65185.136846	7.768647	-494.503475
232.000000	23485.355977	-65432.388584	7.691805	-494.517198
232.500000	23489.201879	-65679.647183	7.615721	-494.530661
233.000000	23493.009739	-65926.912514	7.540388	-494.543870
233.500000	23496.779933	-66174.184448	7.465798	-494.556829
234.000000	23500.512832	-66421.462863	7.391944	-494.569542
234.500000	23504.208805	-66668.747634	7.318820	-494.582015
235.000000	23507.868215	-66916.038641	7.246417	-494.594252
235.500000	23511.491423	-67163.335767	7.174728	-494.606257
236.000000	23515.078787	-67410.638896	7.103747	-494.618036
236.500000	23518.630661	-67657.947914	7.033467	-494.629591
237.000000	23522.147394	-67905.262709	6.963881	-494.640928
237.500000	23525.629335	-68152.583173	6.894982	-494.652050
238.000000	23529.076826	-68399.909198	6.826763	-494.662961
238.500000	23532.490207	-68647.240679	6.759218	-494.673667
239.000000	23535.869816	-68894.577512	6.692339	-494.684169
239.500000	23539.215986	-69141.919597	6.626121	-494.694473
240.000000	23542.529046	-69389.266833	6.560557	-494.704581
240.500000	23545.809325	-69636.619124	6.495641	-494.714498
241.000000	23549.057145	-69883.976373	6.431365	-494.724228
241.500000	23552.272828	-70131.338486	6.367725	-494.733773
242.000000	23555.456691	-70378.705373	6.304713	-494.743137
242.500000	23558.609047	-70626.076942	6.242324	-494.752324
243.000000	23561.730209	-70873.453104	6.180551	-494.761337
243.500000	23564.820485	-71120.833772	6.119388	-494.770180
244.000000	23567.880179	-71368.218862	6.058830	-494.778855
244.500000	23570.909594	-71615.608290	5.998870	-494.787365
245.000000	23573.909029	-71863.001972	5.939502	-494.795715
245.500000	23576.878780	-72110.399830	5.880721	-494.803906
246.000000	23579.819140	-72357.801783	5.822521	-494.811942
246.500000	23582.730400	-72605.207754	5.764896	-494.819826
247.000000	23585.612848	-72852.617667	5.707840	-494.827560
247.500000	23588.466768	-73100.031447	5.651348	-494.835148
248.000000	23591.292443	-73347.449021	5.595415	-494.842592
248.500000	23594.090150	-73594.870317	5.540035	-494.849896
249.000000	23596.860167	-73842.295265	5.485201	-494.857060
249.500000	23599.602768	-74089.723795	5.430910	-494.864089
250.000000	23602.318223	-74337.155840	5.377156	-494.870985
250.500000	23605.006801	-74584.591332	5.323933	-494.877750
251.000000	23607.668768	-74832.030207	5.271236	-494.884387
251.500000	23610.304385	-75079.472401	5.219060	-494.890898
252.000000	23612.913915	-75326.917850	5.167400	-494.897285
252.500000	23615.497615	-75574.366493	5.116250	-494.903552
253.000000	23618.055740	-75821.818268	5.065606	-494.909700
253.500000	23620.588543	-76069.273118	5.015463	-494.915731
254.000000	23623.096275	-76316.730984	4.965816	-494.921648
254.500000	23625.579183	-76564.191808	4.916660	-494.927452
255.000000	23628.037513	-76811.655534	4.867990	-494.933147
255.500000	23630.471508	-77059.122107	4.819801	-494.938734
256.000000	23632.881408	-77306.591474	4.772088	-494.944214
256.500000	23635.267453	-77554.063581	4.724848	-494.949591
257.000000	23637.629877	-77801.538377	4.678075	-494.954866
257.500000	23639.968914	-78049.015810	4.631764	-494.960041
258.000000	23642.284796	-78296.495830	4.585911	-494.965117
258.500000	23644.577751	-78543.978389	4.540512	-494.970098
259.000000	23646.848007	-78791.463438	4.495561	-494.974984
259.500000	23649.095788	-79038.950929	4.451056	-494.979777
260.000000	23651.321316	-79286.440818	4.406990	-494.984479
260.500000	23653.524811	-79533.933057	4.363361	-494.989092
261.000000	23655.706491	-79781.427603	4.320163	-494.993618
261.500000	23657.866573	-80028.924412	4.277392	-494.998057
262.000000	23660.005269	-80276.423441	4.235045	-495.002413
262.500000	23662.122791	-80523.924648	4.193116	-495.006686
263.000000	23664.219349	-80771.427990	4.151602	-495.010878
263.500000	23666.295150	-81018.933429	4.110499	-495.014990
264.000000	23668.350399	-81266.440924	4.069802	-495.019024
264.500000	23670.385301	-81513.950436	4.029508	-495.022982
265.000000	23672.400055	-81761.461927	3.989613	-495.026864
265.500000	23674.394861	-82008.975360	3.950112	-495.030673
266.000000	23676.369917	-82256.490696	3.911003	-495.034410
266.500000	23678.325419	-82504.007901	3.872280	-495.038076
267.000000	23680.261558	-82751.526939	3.833940	-495.041672
267.500000	23682.178528	-82999.047775	3.795980	-495.045200
268.000000	23684.076518	-83246.570375	3.758395	-495.048661
268.500000	23685.955716	-83494.094705	3.721182	-495.052056
269.000000	23687.816307	-83741.620733	3.684338	-495.055387
269.500000	23689.658476	-83989.148426	3.647857	-495.058654
270.000000	23691.482404	-84236.677753	3.611738	-495.061860
270.500000	23693.288274	-84484.208683	3.575977	-495.065004
271.000000	23695.076262	-84731.741185	3.540569	-495.068089
271.500000	23696.846546	-84979.275230	3.505512	-495.071116
272.000000	23698.599302	-85226.810788	3.470801	-495.074085
272.500000	23700.334703	-85474.347830	3.436434	-495.076997
273.000000	23702.052920	-85721.886328	3.402408	-495.079854
273.500000	23703.754124	-85969.426256	3.368717	-495.082657
274.000000	23705.438483	-86216.967584	3.335361	-495.085407
274.500000	23707.106163	-86464.510288	3.302334	-495.088105
275.000000	23708.757330	-86712.054340	3.269635	-495.090751
275.500000	23710.392148	-86959.599716	3.237259	-495.093347
276.000000	23712.010777	-87207.146389	3.205203	-495.095894
276.500000	23713.613378	-87454.694336	3.173465	-495.098392
277.000000	23715.200111	-87702.243532	3.142041	-495.100843
277.500000	23716.771131	-87949.793954	3.110927	-495.103247
278.000000	23718.326595	-88197.345577	3.080122	-495.105606
278.500000	23719.866656	-88444.898381	3.049622	-495.107920
279.000000	23721.391467	-88692.452341	3.019423	-495.110190
279.500000	23722.901178	-88940.007436	2.989524	-495.112417
280.000000	23724.395940	-89187.563644	2.959920	-495.114601
280.500000	23725.875901	-89435.120945	2.930610	-495.116744
281.000000	23727.341206	-89682.679317	2.901589	-495.118847
281.500000	23728.792000	-89930.238740	2.872856	-495.120909
282.000000	23730.228429	-90177.799195	2.844408	-495.122932
282.500000	23731.650632	-90425.360661	2.816241	-495.124917
283.000000	23733.058753	-90672.923120	2.788352	-495.126864
283.500000	23734.452929	-90920.486552	2.760740	-495.128774
284.000000	23735.833299	-91168.050939	2.733401	-495.130648
284.500000	23737.199999	-91415.616262	2.706333	-495.132486
285.000000	23738.553166	-91663.182505	2.679533	-495.134289
285.500000	23739.892932	-91910.749650	2.652998	-495.136058
286.000000	23741.219431	-92158.317679	2.626726	-495.137793
286.500000	23742.532794	-92405.886576	2.600713	-495.139496
287.000000	23743.833151	-92653.456323	2.574959	-495.141166
287.500000	23745.120630	-92901.026906	2.549459	-495.142804
288.000000	23746.395359	-93148.598308	2.524212	-495.144411
288.500000	23747.657465	-93396.170513	2.499214	-495.145987
289.000000	23748.907072	-93643.743507	2.474465	-495.147534
289.500000	23750.144305	-93891.317274	2.449960	-495.149051
290.000000	23751.369285	-94138.891800	2.425698	-495.150539
290.500000	23752.582133	-94386.467069	2.401676	-495.151999
291.000000	23753.782971	-94634.043069	2.377891	-495.153432
291.500000	23754.971917	-94881.619785	2.354343	-495.154837
292.000000	23756.149088	-95129.197203	2.331027	-495.156215
292.500000	23757.314602	-95376.775311	2.307942	-495.157567
293.000000	23758.468573	-95624.354095	2.285086	-495.158894
293.500000	23759.611116	-95871.933541	2.262456	-495.160195
294.000000	23760.742344	-96119.513639	2.240051	-495.161471
294.500000	23761.862369	-96367.094374	2.217867	-495.162723
295.000000	23762.971303	-96614.675736	2.195902	-495.163952
295.500000	23764.069254	-96862.257712	2.174155	-495.165157
296.000000	23765.156332	-97109.840290	2.152624	-495.166339
296.500000	23766.232644	-97357.423460	2.131306	-495.167498
297.000000	23767.298296	-97605.007209	2.110198	-495.168636
297.500000	23768.353396	-97852.591527	2.089300	-495.169752
298.000000	23769.398046	-98100.176403	2.068609	-495.170847
298.500000	23770.432350	-98347.761826	2.048122	-495.171920
299.000000	23771.456411	-98595.347786	2.027839	-495.172974
299.500000	23772.470330	-98842.934273	2.007756	-495.174007
300.000000	23773.474208	-99090.521277	1.987872	-495.175021
300.500000	23774.468144	-99338.108788	1.968185	-495.176015
301.000000	23775.452237	-99585.696795	1.948693	-495.176991
301.500000	23776.426583	-99833.285291	1.929394	-495.177948
302.000000	23777.391280	-100080.874265	1.910286	-495.178887
302.500000	23778.346423	-100328.463708	1.891367	-495.179808
303.000000	23779.292106	-100576.053612	1.872635	-495.180711
303.500000	23780.228424	-100823.643968	1.854089	-495.181597
304.000000	23781.155469	-101071.234766	1.835727	-495.182467
304.500000	23782.073332	-101318.826000	1.817546	-495.183319
305.000000	23782.982105	-101566.417659	1.799546	-495.184156
305.500000	23783.881878	-101814.009737	1.781724	-495.184977
306.000000	23784.772740	-102061.602226	1.764078	-495.185782
306.500000	23785.654779	-102309.195116	1.746607	-495.186571
307.000000	23786.528083	-102556.788402	1.729309	-495.187346
307.500000	23787.392737	-102804.382075	1.712182	-495.188106
308.000000	23788.248828	-103051.976128	1.695225	-495.188851
308.500000	23789.096441	-103299.570554	1.678436	-495.189583
309.000000	23789.935659	-103547.165345	1.661813	-495.190300
309.500000	23790.766565	-103794.760495	1.645354	-495.191004
310.000000	23791.589242	-104042.355997	1.629059	-495.191694
310.500000	23792.403772	-104289.951844	1.612925	-495.192371
311.000000	23793.210234	-104537.548030	1.596951	-495.193036
311.500000	23794.008710	-104785.144548	1.581135	-495.193687
312.000000	23794.799277	-105032.741391	1.565475	-495.194327
312.500000	23795.582015	-105280.338555	1.549971	-495.194954
313.000000	23796.357000	-105527.936031	1.534620	-495.195569
313.500000	23797.124310	-105775.533816	1.519421	-495.196172
314.000000	23797.884021	-106023.131902	1.504373	-495.196764
314.500000	23798.636207	-106270.730284	1.489474	-495.197345
315.000000	23799.380944	-106518.328956	1.474722	-495.197914
315.500000	23800.118305	-106765.927914	1.460116	-495.198473
316.000000	23800.848363	-107013.527150	1.445655	-495.199021
316.500000	23801.571191	-107261.126661	1.431338	-495.199559
317.000000	23802.286860	-107508.726440	1.417161	-495.200086
317.500000	23802.995441	-107756.326483	1.403126	-495.200604
318.000000	23803.697004	-108003.926785	1.389229	-495.201111
318.500000	23804.391618	-108251.527341	1.375470	-495.201609
319.000000	23805.079353	-108499.128146	1.361847	-495.202098
319.500000	23805.760277	-108746.729194	1.348360	-495.202577
320.000000	23806.434457	-108994.330483	1.335005	-495.203047
320.500000	23807.101959	-109241.932006	1.321783	-495.203508
321.000000	23807.762851	-109489.533760	1.308692	-495.203960
321.500000	23808.417197	-109737.135740	1.295731	-495.204404
322.000000	23809.065063	-109984.737942	1.282898	-495.204839
322.500000	23809.706512	-110232.340361	1.270192	-495.205266
323.000000	23810.341607	-110479.942994	1.257612	-495.205684
323.500000	23810.970413	-110727.545836	1.245156	-495.206095
324.000000	23811.592991	-110975.148884	1.232824	-495.206498
324.500000	23812.209403	-111222.752133	1.220614	-495.206894
325.000000	23812.819710	-111470.355580	1.208525	-495.207281
325.500000	23813.423972	-111717.959220	1.196555	-495.207662
326.000000	23814.022250	-111965.563051	1.184704	-495.208035
326.500000	23814.614602	-112213.167069	1.172971	-495.208401
327.000000	23815.201087	-112460.771269	1.161353	-495.208760
327.500000	23815.781764	-112708.375649	1.149851	-495.209112
328.000000	23816.356690	-112955.980205	1.138463	-495.209457
328.500000	23816.925921	-113203.584934	1.127187	-495.209796
329.000000	23817.489514	-113451.189832	1.116023	-495.210129
329.500000	23818.047526	-113698.794896	1.104970	-495.210455
330.000000	23818.600011	-113946.400124	1.094026	-495.210775
330.500000	23819.147024	-114194.005511	1.083191	-495.211089
331.000000	23819.688619	-114441.611055	1.072462	-495.211396
331.500000	23820.224850	-114689.216754	1.061840	-495.211698
332.000000	23820.755771	-114936.822603	1.051324	-495.211995
332.500000	23821.281432	-115184.428600	1.040911	-495.212285
333.000000	23821.801888	-115432.034743	1.030602	-495.212570
333.500000	23822.317189	-115679.641028	1.020394	-495.212850
334.000000	23822.827386	-115927.247453	1.010288	-495.213124
334.500000	23823.332530	-116174.854015	1.000282	-495.213393
335.000000	23823.832671	-116422.460711	0.990375	-495.213657
335.500000	23824.327858	-116670.067540	0.980566	-495.213916
336.000000	23824.818141	-116917.674498	0.970854	-495.214170
336.500000	23825.303568	-117165.281583	0.961238	-495.214419
337.000000	23825.784187	-117412.888792	0.951718	-495.214663
337.500000	23826.260046	-117660.496124	0.942292	-495.214903
338.000000	23826.731192	-117908.103575	0.932959	-495.215138
338.500000	23827.197671	-118155.711144	0.923719	-495.215369
339.000000	23827.659531	-118403.318828	0.914570	-495.215595
339.500000	23828.116816	-118650.926626	0.905512	-495.215817
340.000000	23828.569572	-118898.534534	0.896543	-495.216035
340.500000	23829.017843	-119146.142552	0.887664	-495.216248
341.000000	23829.461675	-119393.750676	0.878872	-495.216458
341.500000	23829.901111	-119641.358904	0.870167	-495.216663
342.000000	23830.336194	-119888.967236	0.861549	-495.216865
342.500000	23830.766969	-120136.575668	0.853016	-495.217062
343.000000	23831.193477	-120384.184199	0.844567	-495.217256
343.500000	23831.615760	-120631.792827	0.836202	-495.217446
344.000000	23832.033861	-120879.401551	0.827920	-495.217633
344.500000	23832.447821	-121127.010367	0.819720	-495.217816
345.000000	23832.857681	-121374.619275	0.811601	-495.217996
345.500000	23833.263482	-121622.228273	0.803563	-495.218172
346.000000	23833.665264	-121869.837359	0.795604	-495.218345
346.500000	23834.063066	-122117.446531	0.787724	-495.218514
347.000000	23834.456928	-122365.055789	0.779922	-495.218680
347.500000	23834.846889	-122612.665129	0.772198	-495.218844
348.000000	23835.232988	-122860.274551	0.764549	-495.219003
348.500000	23835.615262	-123107.884052	0.756977	-495.219160
349.000000	23835.993751	-123355.493632	0.749480	-495.219314
349.500000	23836.368491	-123603.103290	0.742056	-495.219465
350.000000	23836.739519	-123850.713022	0.734707	-495.219613
350.500000	23837.106872	-124098.322829	0.727430	-495.219759
351.000000	23837.470587	-124345.932708	0.720225	-495.219901
351.500000	23837.830700	-124593.542659	0.713092	-495.220041
352.000000	23838.187246	-124841.152680	0.706029	-495.220178
352.500000	23838.540260	-125088.762769	0.699036	-495.220313
353.000000	23838.889779	-125336.372925	0.692113	-495.220445
353.500000	23839.235835	-125583.983147	0.685258	-495.220574
354.000000	23839.578464	-125831.593435	0.678471	-495.220701
354.500000	23839.917699	-126079.203785	0.671751	-495.220826
355.000000	23840.253575	-126326.814198	0.665098	-495.220948
355.500000	23840.586123	-126574.424672	0.658510	-495.221068
356.000000	23840.915378	-126822.035206	0.651988	-495.221185
356.500000	23841.241372	-127069.645798	0.645530	-495.221300
357.000000	23841.564138	-127317.256448	0.639137	-495.221414
357.500000	23841.883706	-127564.867155	0.632806	-495.221525
358.000000	23842.200109	-127812.477917	0.626539	-495.221633
358.500000	23842.513379	-128060.088734	0.620333	-495.221740
359.000000	23842.823545	-128307.699604	0.614189	-495.221845
359.500000	23843.130640	-128555.310527	0.608106	-495.221948
360.000000	23843.434693	-128802.921500	0.602083	-495.222048
360.500000	23843.735735	-129050.532524	0.596120	-495.222147
361.000000	23844.033795	-129298.143598	0.590216	-495.222244
361.500000	23844.328902	-129545.754720	0.584370	-495.222339
362.000000	23844.621087	-129793.365890	0.578582	-495.222432
362.500000	23844.910378	-130040.977106	0.572851	-495.222524
363.000000	23845.196804	-130288.588368	0.567178	-495.222614
363.500000	23845.480393	-130536.199675	0.561560	-495.222702
364.000000	23845.761173	-130783.811026	0.555998	-495.222788
364.500000	23846.039172	-131031.422420	0.550491	-495.222873
365.000000	23846.314418	-131279.033856	0.545039	-495.222956
365.500000	23846.586937	-131526.645334	0.539641	-495.223037
366.000000	23846.856757	-131774.256853	0.534296	-495.223117
366.500000	23847.123905	-132021.868411	0.529004	-495.223196
367.000000	23847.388407	-132269.480009	0.523764	-495.223273
367.500000	23847.650289	-132517.091646	0.518577	-495.223348
368.000000	23847.909578	-132764.703320	0.513441	-495.223422
368.500000	23848.166298	-133012.315031	0.508355	-495.223495
369.000000	23848.420476	-133259.926778	0.503320	-495.223566
369.500000	23848.672136	-133507.538561	0.498335	-495.223636
370.000000	23848.921303	-133755.150379	0.493399	-495.223704
370.500000	23849.168003	-134002.762231	0.488512	-495.223772
371.000000	23849.412259	-134250.374117	0.483674	-495.223838
371.500000	23849.654096	-134497.986036	0.478883	-495.223902
372.000000	23849.893538	-134745.597987	0.474140	-495.223966
372.500000	23850.130608	-134993.209970	0.469444	-495.224028
373.000000	23850.365330	-135240.821984	0.464795	-495.224089
373.500000	23850.597727	-135488.434028	0.460191	-495.224149
374.000000	23850.827823	-135736.046103	0.455633	-495.224208
374.500000	23851.055639	-135983.658207	0.451120	-495.224265
375.000000	23851.281200	-136231.270339	0.446652	-495.224322
375.500000	23851.504526	-136478.882500	0.442228	-495.224377
376.000000	23851.725640	-136726.494688	0.437848	-495.224431
376.500000	23851.944564	-136974.106904	0.433512	-495.224485
377.000000	23852.161320	-137221.719147	0.429218	-495.224537
377.500000	23852.375929	-137469.331415	0.424967	-495.224588
378.000000	23852.588412	-137716.943709	0.420758	-495.224639
378.500000	23852.798791	-137964.556029	0.416590	-495.224688
379.000000	23853.007086	-138212.168373	0.412464	-495.224737
379.500000	23853.213318	-138459.780741	0.408379	-495.224784
380.000000	23853.417507	-138707.393133	0.404334	-495.224831
380.500000	23853.619674	-138955.005548	0.400329	-495.224876
381.000000	23853.819839	-139202.617987	0.396364	-495.224921
381.500000	23854.018021	-139450.230447	0.392439	-495.224965
382.000000	23854.214241	-139697.842930	0.388552	-495.225008
382.500000	23854.408516	-139945.455434	0.384703	-495.225051
383.000000	23854.600868	-140193.067959	0.380893	-495.225092
383.500000	23854.791314	-140440.680505	0.377120	-495.225133
384.000000	23854.979875	-140688.293072	0.373385	-495.225173
384.500000	23855.166567	-140935.905658	0.369687	-495.225212
385.000000	23855.351411	-141183.518264	0.366025	-495.225250
385.500000	23855.534423	-141431.130889	0.362400	-495.225288
386.000000	23855.715623	-141678.743533	0.358811	-495.225325
386.500000	23855.895029	-141926.356196	0.355257	-495.225361
387.000000	23856.072657	-142173.968877	0.351738	-495.225397
387.500000	23856.248526	-142421.581575	0.348254	-495.225432
388.000000	23856.422653	-142669.194291	0.344805	-495.225466
388.500000	23856.595056	-142916.807024	0.341390	-495.225500
389.000000	23856.765751	-143164.419774	0.338009	-495.225532
389.500000	23856.934755	-143412.032540	0.334661	-495.225565
390.000000	23857.102086	-143659.645322	0.331346	-495.225596
390.500000	23857.267759	-143907.258121	0.328064	-495.225628
391.000000	23857.431791	-144154.870934	0.324815	-495.225658
391.500000	23857.594199	-144402.483763	0.321598	-495.225688
392.000000	23857.754998	-144650.096607	0.318413	-495.225717
392.500000	23857.914204	-144897.709466	0.315259	-495.225746
393.000000	23858.071833	-145145.322339	0.312136	-495.225774
393.500000	23858.227902	-145392.935226	0.309045	-495.225802
394.000000	23858.382424	-145640.548127	0.305984	-495.225829
394.500000	23858.535416	-145888.161041	0.302953	-495.225856
395.000000	23858.686893	-146135.773969	0.299953	-495.225882
395.500000	23858.836869	-146383.386910	0.296982	-495.225907
396.000000	23858.985360	-146630.999864	0.294040	-495.225933
396.500000	23859.132380	-146878.612830	0.291128	-495.225957
397.000000	23859.277944	-147126.225809	0.288245	-495.225981
397.500000	23859.422066	-147373.838799	0.285390	-495.226005
398.000000	23859.564761	-147621.451802	0.282563	-495.226028
398.500000	23859.706043	-147869.064816	0.279764	-495.226051
399.000000	23859.845925	-148116.677842	0.276993	-495.226074
399.500000	23859.984422	-148364.290878	0.274250	-495.226095
400.000000	23860.121547	-148611.903926	0.271534	-495.226117
400.500000	23860.257313	-148859.516985	0.268844	-495.226138
401.000000	23860.391736	-149107.130054	0.266181	-495.226159
401.500000	23860.524826	-149354.743133	0.263545	-495.226179
402.000000	23860.656599	-149602.356223	0.260935	-495.226199
402.500000	23860.787066	-149849.969322	0.258350	-495.226219
403.000000	23860.916241	-150097.582432	0.255791	-495.226238
403.500000	23861.044137	-150345.195551	0.253258	-495.226257
404.000000	23861.170766	-150592.808679	0.250750	-495.226275
404.500000	23861.296141	-150840.421817	0.248266	-495.226293
405.000000	23861.420274	-151088.034963	0.245807	-495.226311
405.500000	23861.543177	-151335.648119	0.243372	-495.226328
406.000000	23861.664864	-151583.261283	0.240962	-495.226345
406.500000	23861.785344	-151830.874456	0.238575	-495.226362
407.000000	23861.904632	-152078.487637	0.236212	-495.226379
407.500000	23862.022738	-152326.100826	0.233873	-495.226395
408.000000	23862.139675	-152573.714023	0.231556	-495.226411
408.500000	23862.255453	-152821.327229	0.229263	-495.226426
409.000000	23862.370084	-153068.940442	0.226992	-495.226441
409.500000	23862.483581	-153316.553662	0.224744	-495.226456
410.000000	23862.595952	-153564.166891	0.222518	-495.226471
410.500000	23862.707211	-153811.780126	0.220314	-495.226485
411.000000	23862.817368	-154059.393369	0.218132	-495.226499
411.500000	23862.926434	-154307.006618	0.215971	-495.226513
412.000000	23863.034420	-154554.619875	0.213832	-495.226527
412.500000	23863.141336	-154802.233138	0.211714	-495.226540
413.000000	23863.247194	-155049.846408	0.209617	-495.226553
413.500000	23863.352002	-155297.459685	0.207541	-495.226566
414.000000	23863.455773	-155545.072968	0.205486	-495.226578
414.500000	23863.558516	-155792.686257	0.203450	-495.226591
415.000000	23863.660241	-156040.299552	0.201435	-495.226603
415.500000	23863.760959	-156287.912853	0.199440	-495.226615
416.000000	23863.860679	-156535.526161	0.197465	-495.226626
416.500000	23863.959411	-156783.139474	0.195509	-495.226638
417.000000	23864.057166	-157030.752792	0.193573	-495.226649
417.500000	23864.153952	-157278.366117	0.191655	-495.226660
418.000000	23864.249780	-157525.979447	0.189757	-495.226670
418.500000	23864.344659	-157773.592782	0.187878	-495.226681
419.000000	23864.438597	-158021.206122	0.186017	-495.226691
419.500000	23864.531606	-158268.819468	0.184174	-495.226701
420.000000	23864.623693	-158516.432819	0.182350	-495.226711
420.500000	23864.714868	-158764.046174	0.180544	-495.226721
421.000000	23864.805140	-159011.659535	0.178756	-495.226731
421.500000	23864.894518	-159259.272900	0.176986	-495.226740
422.000000	23864.983011	-159506.886270	0.175233	-495.226749
422.500000	23865.070627	-159754.499645	0.173497	-495.226758
423.000000	23865.157376	-160002.113024	0.171779	-495.226767
423.500000	23865.243265	-160249.726407	0.170077	-495.226776
424.000000	23865.328304	-160497.339795	0.168393	-495.226784
424.500000	23865.412500	-160744.953188	0.166725	-495.226793
425.000000	23865.495863	-160992.566584	0.165073	-495.226801
425.500000	23865.578399	-161240.179984	0.163438	-495.226809
426.000000	23865.660118	-161487.793389	0.161820	-495.226817
426.500000	23865.741028	-161735.406797	0.160217	-495.226825
427.000000	23865.821137	-161983.020209	0.158630	-495.226832
427.500000	23865.900452	-162230.633626	0.157059	-495.226840
428.000000	23865.978981	-162478.247045	0.155503	-495.226847
428.500000	23866.056733	-162725.860469	0.153963	-495.226854
429.000000	23866.133715	-162973.473896	0.152438	-495.226861
429.500000	23866.209934	-163221.087326	0.150928	-495.226868
430.000000	23866.285398	-163468.700760	0.149433	-495.226875
430.500000	23866.360115	-163716.314198	0.147953	-495.226881
431.000000	23866.434091	-163963.927638	0.146488	-495.226888
431.500000	23866.507335	-164211.541082	0.145037	-495.226894
432.000000	23866.579854	-164459.154529	0.143601	-495.226900
432.500000	23866.651654	-164706.767980	0.142178	-495.226907
433.000000	23866.722743	-164954.381433	0.140770	-495.226913
433.500000	23866.793128	-165201.994889	0.139376	-495.226919
434.000000	23866.862816	-165449.608349	0.137995	-495.226924
434.500000	23866.931814	-165697.221811	0.136629	-495.226930
435.000000	23867.000128	-165944.835276	0.135275	-495.226936
435.500000	23867.067766	-166192.448744	0.133936	-495.226941
436.000000	23867.134734	-166440.062214	0.132609	-495.226946
436.500000	23867.201038	-166687.675687	0.131296	-495.226952
437.000000	23867.266686	-166935.289163	0.129995	-495.226957
437.500000	23867.331683	-167182.902641	0.128708	-495.226962
438.000000	23867.396037	-167430.516122	0.127433	-495.226967
438.500000	23867.459754	-167678.129606	0.126171	-495.226972
439.000000	23867.522839	-167925.743092	0.124921	-495.226976
439.500000	23867.585299	-168173.356580	0.123684	-495.226981
440.000000	23867.647141	-168420.970070	0.122459	-495.226986
440.500000	23867.708370	-168668.583563	0.121246	-495.226990
441.000000	23867.768993	-168916.197058	0.120045	-495.226995
441.500000	23867.829016	-169163.810556	0.118856	-495.226999
442.000000	23867.888444	-169411.424055	0.117679	-495.227003
442.500000	23867.947283	-169659.037557	0.116513	-495.227007
443.000000	23868.005539	-169906.651061	0.115359	-495.227011
443.500000	23868.063219	-170154.264566	0.114216	-495.227015
444.000000	23868.120327	-170401.878074	0.113085	-495.227019
444.500000	23868.176870	-170649.491584	0.111965	-495.227023
445.000000	23868.232852	-170897.105095	0.110856	-495.227027
445.500000	23868.288281	-171144.718609	0.109758	-495.227031
446.000000	23868.343160	-171392.332124	0.108671	-495.227034
446.500000	23868.397495	-171639.945642	0.107595	-495.227038
447.000000	23868.451293	-171887.559161	0.106529	-495.227041
447.500000	23868.504557	-172135.172681	0.105474	-495.227045
448.000000	23868.557294	-172382.786204	0.104429	-495.227048
448.500000	23868.609509	-172630.399728	0.103395	-495.227052
449.000000	23868.661206	-172878.013254	0.102371	-495.227055
449.500000	23868.712392	-173125.626781	0.101357	-495.227058
450.000000	23868.763070	-173373.240310	0.100353	-495.227061
450.500000	23868.813247	-173620.853841	0.099359	-495.227064
451.000000	23868.862926	-173868.467373	0.098375	-495.227067
451.500000	23868.912114	-174116.080906	0.097401	-495.227070
452.000000	23868.960814	-174363.694441	0.096436	-495.227073
452.500000	23869.009032	-174611.307978	0.095481	-495.227076
453.000000	23869.056773	-174858.921516	0.094535	-495.227079
453.500000	23869.104040	-175106.535055	0.093599	-495.227081
454.000000	23869.150840	-175354.148596	0.092672	-495.227084
454.500000	23869.197175	-175601.762138	0.091754	-495.227087
455.000000	23869.243052	-175849.375681	0.090845	-495.227089
455.500000	23869.288475	-176096.989226	0.089945	-495.227092
456.000000	23869.333447	-176344.602772	0.089054	-495.227094
456.500000	23869.377975	-176592.216319	0.088172	-495.227097
457.000000	23869.422061	-176839.829867	0.087299	-495.227099
457.500000	23869.465710	-177087.443416	0.086434	-495.227101
458.000000	23869.508928	-177335.056967	0.085578	-495.227104
458.500000	23869.551717	-177582.670519	0.084731	-495.227106
459.000000	23869.594082	-177830.284072	0.083891	-495.227108
459.500000	23869.636028	-178077.897626	0.083061	-495.227110
460.000000	23869.677558	-178325.511181	0.082238	-495.227112
460.500000	23869.718677	-178573.124737	0.081423	-495.227114
461.000000	23869.759389	-178820.738294	0.080617	-495.227116
461.500000	23869.799697	-179068.351853	0.079818	-495.227118
462.000000	23869.839607	-179315.965412	0.079028	-495.227120
462.500000	23869.879120	-179563.578972	0.078245	-495.227122
463.000000	23869.918243	-179811.192533	0.077470	-495.227124
463.500000	23869.956978	-180058.806095	0.076703	-495.227126
464.000000	23869.995330	-180306.419658	0.075943	-495.227128
464.500000	23870.033301	-180554.033222	0.075191	-495.227130
465.000000	23870.070897	-180801.646787	0.074446	-495.227131
465.500000	23870.108120	-181049.260353	0.073709	-495.227133
466.000000	23870.144974	-181296.873919	0.072979	-495.227135
466.500000	23870.181464	-181544.487487	0.072256	-495.227136
467.000000	23870.217592	-181792.101055	0.071540	-495.227138
467.500000	23870.253362	-182039.714624	0.070832	-495.227140
468.000000	23870.288778	-182287.328194	0.070130	-495.227141
468.500000	23870.323843	-182534.941764	0.069436	-495.227143
469.000000	23870.358561	-182782.555336	0.068748	-495.227144
469.500000	23870.392935	-183030.168908	0.068067	-495.227146
470.000000	23870.426968	-183277.782481	0.067393	-495.227147
470.500000	23870.460664	-183525.396054	0.066725	-495.227149
471.000000	23870.494027	-183773.009628	0.066064	-495.227150
471.500000	23870.527059	-184020.623203	0.065410	-495.227151
472.000000	23870.559764	-184268.236779	0.064762	-495.227153
472.500000	23870.592145	-184515.850355	0.064121	-495.227154
473.000000	23870.624206	-184763.463932	0.063486	-495.227155
473.500000	23870.655949	-185011.077510	0.062857	-495.227156
474.000000	23870.687377	-185258.691088	0.062234	-495.227158
474.500000	23870.718494	-185506.304667	0.061618	-495.227159
475.000000	23870.749303	-185753.918246	0.061008	-495.227160
475.500000	23870.779807	-186001.531826	0.060403	-495.227161
476.000000	23870.810009	-186249.145407	0.059805	-495.227162
476.500000	23870.839911	-186496.758988	0.059213	-495.227163
477.000000	23870.869518	-186744.372570	0.058626	-495.227165
477.500000	23870.898831	-186991.986152	0.058046	-495.227166
478.000000	23870.927854	-187239.599735	0.057471	-495.227167
478.500000	23870.956589	-187487.213318	0.056901	-495.227168
479.000000	23870.985040	-187734.826902	0.056338	-495.227169
479.500000	23871.013209	-187982.440486	0.055780	-495.227170
480.000000	23871.041099	-188230.054071	0.055227	-495.227171
480.500000	23871.068712	-188477.667657	0.054680	-495.227172
481.000000	23871.096052	-188725.281243	0.054139	-495.227173
481.500000	23871.123122	-188972.894829	0.053603	-495.227174
482.000000	23871.149923	-189220.508416	0.053072	-495.227174
482.500000	23871.176459	-189468.122003	0.052546	-495.227175
483.000000	23871.202732	-189715.735590	0.052026	-495.227176
483.500000	23871.228745	-189963.349179	0.051510	-495.227177
484.000000	23871.254500	-190210.962767	0.051000	-495.227178
484.500000	23871.280000	-190458.576356	0.050495	-495.227179
485.000000	23871.305248	-190706.189945	0.049995	-495.227179
485.500000	23871.330245	-190953.803535	0.049500	-495.227180
486.000000	23871.354995	-191201.417125	0.049009	-495.227181
486.500000	23871.379500	-191449.030716	0.048524	-495.227182
487.000000	23871.403762	-191696.644307	0.048043	-495.227183
487.500000	23871.427783	-191944.257898	0.047568	-495.227183
488.000000	23871.451567	-192191.871490	0.047096	-495.227184
488.500000	23871.475115	-192439.485082	0.046630	-495.227185
489.000000	23871.498430	-192687.098674	0.046168	-495.227185
489.500000	23871.521514	-192934.712267	0.045711	-495.227186
490.000000	23871.544370	-193182.325860	0.045258	-495.227187
490.500000	23871.566999	-193429.939453	0.044810	-495.227187
491.000000	23871.589404	-193677.553047	0.044366	-495.227188
491.500000	23871.611587	-193925.166641	0.043927	-495.227189
492.000000	23871.633550	-194172.780235	0.043492	-495.227189
492.500000	23871.655296	-194420.393830	0.043061	-495.227190
493.000000	23871.676826	-194668.007425	0.042634	-495.227190
493.500000	23871.698143	-194915.621020	0.042212	-495.227191
494.000000	23871.719249	-195163.234615	0.041794	-495.227192
494.500000	23871.740146	-195410.848211	0.041380	-495.227192
495.000000	23871.760836	-195658.461807	0.040970	-495.227193
495.500000	23871.781321	-195906.075404	0.040564	-495.227193
496.000000	23871.801603	-196153.689000	0.040163	-495.227194
496.500000	23871.821685	-196401.302597	0.039765	-495.227194
497.000000	23871.841567	-196648.916194	0.039371	-495.227195
497.500000	23871.861252	-196896.529792	0.038981	-495.227195
498.000000	23871.880743	-197144.143389	0.038595	-495.227196
498.500000	23871.900040	-197391.756987	0.038213	-495.227196
499.000000	23871.919147	-197639.370585	0.037834	-495.227197
499.500000	23871.938064	-197886.984184	0.037459	-495.227197
500.000000	23871.956793	-198134.597782	0.037088	-495.227198
500.500000	23871.975337	-198382.211381	0.036721	-495.227198
501.000000	23871.993698	-198629.824980	0.036357	-495.227198
501.500000	23872.011877	-198877.438579	0.035997	-495.227199
502.000000	23872.029875	-199125.052179	0.035641	-495.227199
502.500000	23872.047695	-199372.665779	0.035288	-495.227200
503.000000	23872.065339	-199620.279378	0.034938	-495.227200
503.500000	23872.082808	-199867.892978	0.034592	-495.227201
504.000000	23872.100104	-200115.506579	0.034249	-495.227201
504.500000	23872.117229	-200363.120179	0.033910	-495.227201
505.000000	23872.134184	-200610.733780	0.033574	-495.227202
505.500000	23872.150972	-200858.347381	0.033242	-495.227202
506.000000	23872.167592	-201105.960982	0.032913	-495.227202
506.500000	23872.184049	-201353.574583	0.032587	-495.227203
507.000000	23872.200342	-201601.188184	0.032264	-495.227203
507.500000	23872.216474	-201848.801786	0.031944	-495.227203
508.000000	23872.232446	-202096.415387	0.031628	-495.227204
508.500000	23872.248260	-202344.028989	0.031315	-495.227204
509.000000	23872.263917	-202591.642591	0.031004	-495.227204
509.500000	23872.279420	-202839.256194	0.030697	-495.227205
510.000000	23872.294768	-203086.869796	0.030393	-495.227205
510.500000	23872.309965	-203334.483398	0.030092	-495.227205
511.000000	23872.325011	-203582.097001	0.029794	-495.227206
511.500000	23872.339908	-203829.710604	0.029499	-495.227206
512.000000	23872.354658	-204077.324207	0.029207	-495.227206
512.500000	23872.369261	-204324.937810	0.028918	-495.227206
513.000000	23872.383720	-204572.551413	0.028631	-495.227207
513.500000	23872.398036	-204820.165016	0.028348	-495.227207
514.000000	23872.412210	-205067.778620	0.028067	-495.227207
514.500000	23872.426243	-205315.392224	0.027789	-495.227207
515.000000	23872.440138	-205563.005827	0.027514	-495.227208
515.500000	23872.453895	-205810.619431	0.027241	-495.227208
516.000000	23872.467515	-206058.233035	0.026971	-495.227208
516.500000	23872.481001	-206305.846639	0.026704	-495.227208
517.000000	23872.494353	-206553.460244	0.026440	-495.227209
517.500000	23872.507573	-206801.073848	0.026178	-495.227209
518.000000	23872.520662	-207048.687452	0.025919	-495.227209
518.500000	23872.533621	-207296.301057	0.025662	-495.227209
519.000000	23872.546452	-207543.914662	0.025408	-495.227210
519.500000	23872.559156	-207791.528266	0.025156	-495.227210
520.000000	23872.571734	-208039.141871	0.024907	-495.227210
520.500000	23872.584188	-208286.755476	0.024660	-495.227210
521.000000	23872.596518	-208534.369081	0.024416	-495.227210
521.500000	23872.608726	-208781.982687	0.024174	-495.227211
522.000000	23872.620813	-209029.596292	0.023935	-495.227211
522.500000	23872.632780	-209277.209897	0.023698	-495.227211
523.000000	23872.644629	-209524.823503	0.023463	-495.227211
523.500000	23872.656360	-209772.437108	0.023231	-495.227211
524.000000	23872.667976	-210020.050714	0.023000	-495.227212
524.500000	23872.679476	-210267.664320	0.022773	-495.227212
525.000000	23872.690862	-210515.277926	0.022547	-495.227212
525.500000	23872.702136	-210762.891532	0.022324	-495.227212
526.000000	23872.713298	-211010.505138	0.022103	-495.227212
526.500000	23872.724349	-211258.118744	0.021884	-495.227212
527.000000	23872.735291	-211505.732350	0.021667	-495.227213
527.500000	23872.746125	-211753.345956	0.021452	-495.227213
528.000000	23872.756851	-212000.959563	0.021240	-495.227213
528.500000	23872.767471	-212248.573169	0.021030	-495.227213
529.000000	23872.777985	-212496.186775	0.020821	-495.227213
529.500000	23872.788396	-212743.800382	0.020615	-495.227213
530.000000	23872.798704	-212991.413989	0.020411	-495.227213
530.500000	23872.808909	-213239.027595	0.020209	-495.227214
531.000000	23872.819013	-213486.641202	0.020009	-495.227214
531.500000	23872.829018	-213734.254809	0.019810	-495.227214
532.000000	23872.838923	-213981.868416	0.019614	-495.227214
532.500000	23872.848730	-214229.482023	0.019420	-495.227214
533.000000	23872.858440	-214477.095630	0.019228	-495.227214
533.500000	23872.868054	-214724.709237	0.019037	-495.227214
534.000000	23872.877572	-214972.322844	0.018849	-495.227214
534.500000	23872.886997	-215219.936451	0.018662	-495.227215
535.000000	23872.896327	-215467.550059	0.018477	-495.227215
535.500000	23872.905566	-215715.163666	0.018294	-495.227215
536.000000	23872.914713	-215962.777273	0.018113	-495.227215
536.500000	23872.923769	-216210.390881	0.017933	-495.227215
537.000000	23872.932736	-216458.004488	0.017756	-495.227215
537.500000	23872.941614	-216705.618096	0.017580	-495.227215
538.000000	23872.950404	-216953.231704	0.017406	-495.227215
538.500000	23872.959107	-217200.845311	0.017233	-495.227215
539.000000	23872.967724	-217448.458919	0.017063	-495.227216
539.500000	23872.976255	-217696.072527	0.016894	-495.227216
540.000000	23872.984702	-217943.686134	0.016726	-495.227216
540.500000	23872.993065	-218191.299742	0.016561	-495.227216
541.000000	23873.001345	-218438.913350	0.016397	-495.227216
541.500000	23873.009544	-218686.526958	0.016234	-495.227216
542.000000	23873.017661	-218934.140566	0.016074	-495.227216
542.500000	23873.025698	-219181.754174	0.015914	-495.227216
543.000000	23873.033655	-219429.367782	0.015757	-495.227216
543.500000	23873.041533	-219676.981390	0.015601	-495.227216
544.000000	23873.049334	-219924.594999	0.015446	-495.227216
544.500000	23873.057057	-220172.208607	0.015293	-495.227216
545.000000	23873.064703	-220419.822215	0.015142	-495.227217
545.500000	23873.072274	-220667.435823	0.014992	-495.227217
546.000000	23873.079770	-220915.049432	0.014843	-495.227217
546.500000	23873.087191	-221162.663040	0.014696	-495.227217
547.000000	23873.094540	-221410.276648	0.014551	-495.227217
547.500000	23873.101815	-221657.890257	0.014407	-495.227217
548.000000	23873.109018	-221905.503865	0.014264	-495.227217
548.500000	23873.116150	-222153.117474	0.014123	-495.227217
549.000000	23873.123211	-222400.731082	0.013983	-495.227217
549.500000	23873.130203	-222648.344691	0.013844	-495.227217
550.000000	23873.137125	-222895.958300	0.013707	-495.227217
550.500000	23873.143978	-223143.571908	0.013571	-495.227217
551.000000	23873.150764	-223391.185517	0.013437	-495.227217
551.500000	23873.157482	-223638.799126	0.013304	-495.227217
552.000000	23873.164134	-223886.412734	0.013172	-495.227218
552.500000	23873.170720	-224134.026343	0.013042	-495.227218
553.000000	23873.177241	-224381.639952	0.012912	-495.227218
553.500000	23873.183697	-224629.253561	0.012784	-495.227218
554.000000	23873.190089	-224876.867170	0.012658	-495.227218
554.500000	23873.196418	-225124.480778	0.012533	-495.227218
555.000000	23873.202685	-225372.094387	0.012408	-495.227218
555.500000	23873.208889	-225619.707996	0.012285	-495.227218
556.000000	23873.215032	-225867.321605	0.012164	-495.227218
556.500000	23873.221113	-226114.935214	0.012043	-495.227218
557.000000	23873.227135	-226362.548823	0.011924	-495.227218
557.500000	23873.233097	-226610.162432	0.011806	-495.227218
558.000000	23873.239000	-226857.776041	0.011689	-495.227218
558.500000	23873.244845	-227105.389650	0.011573	-495.227218
559.000000	23873.250631	-227353.003260	0.011459	-495.227218
559.500000	23873.256361	-227600.616869	0.011345	-495.227218
560.000000	23873.262033	-227848.230478	0.011233	-495.227218
560.500000	23873.267649	-228095.844087	0.011121	-495.227218
561.000000	23873.273210	-228343.457696	0.011011	-495.227218
561.500000	23873.278716	-228591.071305	0.010902	-495.227218
562.000000	23873.284167	-228838.684915	0.010794	-495.227219
562.500000	23873.289564	-229086.298524	0.010687	-495.227219
563.000000	23873.294908	-229333.912133	0.010582	-495.227219
563.500000	23873.300199	-229581.525742	0.010477	-495.227219
564.000000	23873.305437	-229829.139352	0.010373	-495.227219
564.500000	23873.310623	-230076.752961	0.010270	-495.227219
565.000000	23873.315759	-230324.366570	0.010168	-495.227219
565.500000	23873.320843	-230571.980180	0.010068	-495.227219
566.000000	23873.325877	-230819.593789	0.009968	-495.227219
566.500000	23873.330861	-231067.207399	0.009869	-495.227219
567.000000	23873.335795	-231314.821008	0.009772	-495.227219
567.500000	23873.340681	-231562.434617	0.009675	-495.227219
568.000000	23873.345518	-231810.048227	0.009579	-495.227219
568.500000	23873.350308	-232057.661836	0.009484	-495.227219
569.000000	23873.355050	-232305.275446	0.009390	-495.227219
569.500000	23873.359745	-232552.889055	0.009297	-495.227219
570.000000	23873.364394	-232800.502665	0.009205	-495.227219
570.500000	23873.368996	-233048.116274	0.009114	-495.227219
571.000000	23873.373553	-233295.729884	0.009024	-495.227219
571.500000	23873.378065	-233543.343493	0.008934	-495.227219
572.000000	23873.382532	-233790.957103	0.008846	-495.227219
572.500000	23873.386955	-234038.570713	0.008758	-495.227219
573.000000	23873.391334	-234286.184322	0.008671	-495.227219
573.500000	23873.395670	-234533.797932	0.008586	-495.227219
574.000000	23873.399963	-234781.411542	0.008500	-495.227219
574.500000	23873.404213	-235029.025151	0.008416	-495.227219
575.000000	23873.408421	-235276.638761	0.008333	-495.227219
575.500000	23873.412587	-235524.252370	0.008250	-495.227219
576.000000	23873.416713	-235771.865980	0.008169	-495.227219
576.500000	23873.420797	-236019.479590	0.008088	-495.227219
577.000000	23873.424841	-236267.093200	0.008008	-495.227219
577.500000	23873.428845	-236514.706809	0.007928	-495.227219
578.000000	23873.432809	-236762.320419	0.007850	-495.227219
578.500000	23873.436734	-237009.934029	0.007772	-495.227219
579.000000	23873.440620	-237257.547638	0.007695	-495.227220
579.500000	23873.444467	-237505.161248	0.007619	-495.227220
580.000000	23873.448277	-237752.774858	0.007543	-495.227220
580.500000	23873.452048	-238000.388468	0.007469	-495.227220
581.000000	23873.455783	-238248.002078	0.007395	-495.227220
581.500000	23873.459480	-238495.615687	0.007321	-495.227220
582.000000	23873.463141	-238743.229297	0.007249	-495.227220
582.500000	23873.466765	-238990.842907	0.007177	-495.227220
583.000000	23873.470354	-239238.456517	0.007106	-495.227220
583.500000	23873.473907	-239486.070127	0.007036	-495.227220
584.000000	23873.477425	-239733.683736	0.006966	-495.227220
584.500000	23873.480908	-239981.297346	0.006897	-495.227220
585.000000	23873.484356	-240228.910956	0.006829	-495.227220
585.500000	23873.487771	-240476.524566	0.006761	-495.227220
586.000000	23873.491151	-240724.138176	0.006694	-495.227220
586.500000	23873.494498	-240971.751786	0.006628	-495.227220
587.000000	23873.497812	-241219.365396	0.006562	-495.227220
587.500000	23873.501093	-241466.979006	0.006497	-495.227220
588.000000	23873.504342	-241714.592615	0.006433	-495.227220
588.500000	23873.507558	-241962.206225	0.006369	-495.227220
589.000000	23873.510743	-242209.819835	0.006306	-495.227220
589.500000	23873.513896	-242457.433445	0.006244	-495.227220
590.000000	23873.517018	-242705.047055	0.006182	-495.227220
590.500000	23873.520109	-242952.660665	0.006120	-495.227220
591.000000	23873.523169	-243200.274275	0.006060	-495.227220
591.500000	23873.526199	-243447.887885	0.006000	-495.227220
592.000000	23873.529199	-243695.501495	0.005940	-495.227220
592.500000	23873.532169	-243943.115105	0.005882	-495.227220
593.000000	23873.535110	-244190.728715	0.005823	-495.227220
593.500000	23873.538021	-244438.342325	0.005766	-495.227220
594.000000	23873.540904	-244685.955935	0.005709	-495.227220
594.500000	23873.543758	-244933.569545	0.005652	-495.227220
595.000000	23873.546584	-245181.183155	0.005596	-495.227220
595.500000	23873.549382	-245428.796765	0.005541	-495.227220
596.000000	23873.552153	-245676.410375	0.005486	-495.227220
596.500000	23873.554896	-245924.023985	0.005431	-495.227220
597.000000	23873.557611	-246171.637595	0.005378	-495.227220
597.500000	23873.560300	-246419.251205	0.005324	-495.227220
598.000000	23873.562962	-246666.864815	0.005272	-495.227220
598.500000	23873.565598	-246914.478425	0.005219	-495.227220
599.000000	23873.568208	-247162.092035	0.005168	-495.227220
599.500000	23873.570792	-247409.705645	0.005117	-495.227220
600.000000	23873.573350	-247657.319255	0.005066	-495.227220
600.500000	23873.575883	-247904.932865	0.005016	-495.227220
601.000000	23873.578391	-248152.546475	0.004966	-495.227220
601.500000	23873.580874	-248400.160085	0.004917	-495.227220
602.000000	23873.583332	-248647.773695	0.004868	-495.227220
602.500000	23873.585766	-248895.387305	0.004820	-495.227220
603.000000	23873.588176	-249143.000915	0.004772	-495.227220
603.500000	23873.590562	-249390.614526	0.004725	-495.227220
604.000000	23873.592925	-249638.228136	0.004678	-495.227220
604.500000	23873.595264	-249885.841746	0.004632	-495.227220
605.000000	23873.597579	-250133.455356	0.004586	-495.227220
605.500000	23873.599872	-250381.068966	0.004540	-495.227220
606.000000	23873.602143	-250628.682576	0.004495	-495.227220
606.500000	23873.604390	-250876.296186	0.004451	-495.227220
607.000000	23873.606616	-251123.909796	0.004407	-495.227220
607.500000	23873.608819	-251371.523406	0.004363	-495.227220
608.000000	23873.611001	-251619.137016	0.004320	-495.227220
608.500000	23873.613161	-251866.750627	0.004277	-495.227220
609.000000	23873.615299	-252114.364237	0.004235	-495.227220
609.500000	23873.617417	-252361.977847	0.004193	-495.227220
610.000000	23873.619513	-252609.591457	0.004151	-495.227220
610.500000	23873.621589	-252857.205067	0.004110	-495.227220
611.000000	23873.623644	-253104.818677	0.004070	-495.227220
611.500000	23873.625679	-253352.432287	0.004029	-495.227220
612.000000	23873.627694	-253600.045897	0.003989	-495.227220
612.500000	23873.629688	-253847.659508	0.003950	-495.227220
613.000000	23873.631663	-254095.273118	0.003911	-495.227220
613.500000	23873.633618	-254342.886728	0.003872	-495.227220
614.000000	23873.635554	-254590.500338	0.003834	-495.227220
614.500000	23873.637471	-254838.113948	0.003796	-495.227220
615.000000	23873.639369	-255085.727558	0.003758	-495.227220
615.500000	23873.641248	-255333.341168	0.003721	-495.227220
616.000000	23873.643109	-255580.954779	0.003684	-495.227220
616.500000	23873.644951	-255828.568389	0.003647	-495.227220
617.000000	23873.646774	-256076.181999	0.003611	-495.227220
617.500000	23873.648580	-256323.795609	0.003576	-495.227220
618.000000	23873.650368	-256571.409219	0.003540	-495.227220
618.500000	23873.652138	-256819.022829	0.003505	-495.227220
619.000000	23873.653890	-257066.636440	0.003470	-495.227220
619.500000	23873.655626	-257314.250050	0.003436	-495.227220
620.000000	23873.657344	-257561.863660	0.003402	-495.227220
620.500000	23873.659045	-257809.477270	0.003368	-495.227220
621.000000	23873.660729	-258057.090880	0.003335	-495.227220
621.500000	23873.662396	-258304.704491	0.003302	-495.227220
622.000000	23873.664047	-258552.318101	0.003269	-495.227220
622.500000	23873.665682	-258799.931711	0.003237	-495.227220
623.000000	23873.667300	-259047.545321	0.003205	-495.227220
623.500000	23873.668903	-259295.158931	0.003173	-495.227220
624.000000	23873.670489	-259542.772541	0.003142	-495.227220
624.500000	23873.672060	-259790.386152	0.003110	-495.227220
625.000000	23873.673615	-260037.999762	0.003080	-495.227220
625.500000	23873.675155	-260285.613372	0.003049	-495.227220
626.000000	23873.676680	-260533.226982	0.003019	-495.227220
626.500000	23873.678189	-260780.840592	0.002989	-495.227220
627.000000	23873.679684	-261028.454203	0.002959	-495.227220
627.500000	23873.681163	-261276.067813	0.002930	-495.227220
628.000000	23873.682628	-261523.681423	0.002901	-495.227220
628.500000	23873.684079	-261771.295033	0.002872	-495.227220
629.000000	23873.685515	-262018.908644	0.002844	-495.227220
629.500000	23873.686937	-262266.522254	0.002816	-495.227220
630.000000	23873.688345	-262514.135864	0.002788	-495.227220
630.500000	23873.689739	-262761.749474	0.002760	-495.227220
631.000000	23873.691119	-263009.363084	0.002733	-495.227220
631.500000	23873.692486	-263256.976695	0.002706	-495.227220
632.000000	23873.693838	-263504.590305	0.002679	-495.227220
632.500000	23873.695178	-263752.203915	0.002653	-495.227220
633.000000	23873.696504	-263999.817525	0.002626	-495.227220
633.500000	23873.697817	-264247.431135	0.002600	-495.227220
634.000000	23873.699118	-264495.044746	0.002574	-495.227220
634.500000	23873.700405	-264742.658356	0.002549	-495.227220
635.000000	23873.701679	-264990.271966	0.002524	-495.227220
635.500000	23873.702941	-265237.885576	0.002499	-495.227220
636.000000	23873.704190	-265485.499187	0.002474	-495.227220
636.500000	23873.705427	-265733.112797	0.002449	-495.227220
637.000000	23873.706652	-265980.726407	0.002425	-495.227220
637.500000	23873.707865	-266228.340017	0.002401	-495.227220
638.000000	23873.709065	-266475.953628	0.002377	-495.227220
638.500000	23873.710254	-266723.567238	0.002354	-495.227220
639.000000	23873.711431	-266971.180848	0.002331	-495.227220
639.500000	23873.712596	-267218.794458	0.002307	-495.227220
640.000000	23873.713750	-267466.408068	0.002285	-495.227220
640.500000	23873.714892	-267714.021679	0.002262	-495.227220
641.000000	23873.716023	-267961.635289	0.002240	-495.227220
641.500000	23873.717143	-268209.248899	0.002217	-495.227220
642.000000	23873.718252	-268456.862509	0.002195	-495.227220
642.500000	23873.719350	-268704.476120	0.002174	-495.227220
643.000000	23873.720437	-268952.089730	0.002152	-495.227220
643.500000	23873.721513	-269199.703340	0.002131	-495.227220
644.000000	23873.722578	-269447.316950	0.002110	-495.227220
644.500000	23873.723633	-269694.930561	0.002089	-495.227220
645.000000	23873.724677	-269942.544171	0.002068	-495.227220
645.500000	23873.725711	-270190.157781	0.002048	-495.227220
646.000000	23873.726735	-270437.771391	0.002027	-495.227220
646.500000	23873.727749	-270685.385002	0.002007	-495.227220
647.000000	23873.728753	-270932.998612	0.001987	-495.227221
647.500000	23873.729746	-271180.612222	0.001968	-495.227221
648.000000	23873.730730	-271428.225832	0.001948	-495.227221
648.500000	23873.731704	-271675.839443	0.001929	-495.227221
649.000000	23873.732669	-271923.453053	0.001910	-495.227221
649.500000	23873.733624	-272171.066663	0.001891	-495.227221
