0.000000	0.000000	0.000000	239.414100	657.784834
0.500000	119.707050	328.892417	236.062303	643.670847
1.000000	237.738202	650.727841	232.882807	630.096319
1.500000	354.179605	965.776000	229.863120	617.021141
2.000000	469.111165	1274.286571	226.991945	604.409051
2.500000	582.607138	1576.491096	224.259039	592.227173
3.000000	694.736657	1872.604683	221.655095	580.445631
3.500000	805.564205	2162.827498	219.171629	569.037208
4.000000	915.150019	2447.346102	216.800897	557.977056
4.500000	1023.550468	2726.334630	214.535811	547.242441
5.000000	1130.818374	2999.955850	212.369872	536.812516
5.500000	1237.003309	3268.362108	210.297106	526.668135
6.000000	1342.151862	3531.696176	208.312016	516.791675
6.500000	1446.307870	3790.092013	206.409532	507.166890
7.000000	1549.512636	4043.675458	204.584969	497.778775
7.500000	1651.805121	4292.564846	202.833995	488.613453
8.000000	1753.222118	4536.871572	201.152592	479.658066
8.500000	1853.798414	4776.700605	199.537031	470.900684
9.000000	1953.566930	5012.150947	197.983848	462.330222
9.500000	2052.558854	5243.316058	196.489815	453.936370
10.000000	2150.803761	5470.284243	195.051926	445.709518
10.500000	2248.329724	5693.139002	193.667375	437.640706
11.000000	2345.163411	5911.959355	192.333538	429.721562
11.500000	2441.330180	6126.820136	191.047962	421.944262
12.000000	2536.854161	6337.792267	189.808348	414.301479
12.500000	2631.758336	6544.943007	188.612542	406.786348
13.000000	2726.064606	6748.336181	187.458518	399.392431
13.500000	2819.793865	6948.032396	186.344376	392.113679
14.000000	2912.966053	7144.089236	185.268326	384.944410
14.500000	3005.600216	7336.561441	184.228684	377.879277
15.000000	3097.714558	7525.501079	183.223862	370.913244
15.500000	3189.326489	7710.957701	182.252362	364.041565
16.000000	3280.452670	7892.978484	181.312768	357.259766
16.500000	3371.109054	8071.608367	180.403745	350.563621
17.000000	3461.310927	8246.890177	179.524026	343.949136
17.500000	3551.072940	8418.864745	178.672415	337.412538
18.000000	3640.409147	8587.571015	177.847776	330.950256
18.500000	3729.333035	8753.046143	177.049034	324.558906
19.000000	3817.857552	8915.325596	176.275167	318.235286
19.500000	3905.995135	9074.443239	175.525205	311.976356
20.000000	3993.757738	9230.431417	174.798228	305.779235
20.500000	4081.156852	9383.321034	174.093357	299.641185
21.000000	4168.203530	9533.141627	173.409757	293.559607
21.500000	4254.908409	9679.921431	172.746635	287.532029
22.000000	4341.281726	9823.687445	172.103232	281.556102
22.500000	4427.333342	9964.465496	171.478824	275.629588
23.000000	4513.072754	10102.280290	170.872722	269.750359
23.500000	4598.509115	10237.155470	170.284266	263.916386
24.000000	4683.651248	10369.113663	169.712825	258.125734
24.500000	4768.507661	10498.176530	169.157797	252.376561
25.000000	4853.086559	10624.364810	168.618605	246.667107
25.500000	4937.395862	10747.698364	168.094694	240.995694
26.000000	5021.443209	10868.196211	167.585534	235.360717
26.500000	5105.235976	10985.876569	167.090617	229.760645
27.000000	5188.781284	11100.756892	166.609455	224.194014
27.500000	5272.086012	11212.853899	166.141576	218.659425
28.000000	5355.156800	11322.183611	165.686530	213.155537
28.500000	5438.000064	11428.761380	165.243881	207.681070
29.000000	5520.622005	11532.601915	164.813212	202.234798
29.500000	5603.028611	11633.719314	164.394117	196.815546
30.000000	5685.225669	11732.127087	163.986207	191.422189
30.500000	5767.218773	11827.838181	163.589105	186.053649
31.000000	5849.013325	11920.865006	163.202447	180.708894
31.500000	5930.614549	12011.219453	162.825880	175.386934
32.000000	6012.027489	12098.912920	162.459062	170.086818
32.500000	6093.257020	12183.956329	162.101662	164.807637
33.000000	6174.307851	12266.360147	161.753357	159.548517
33.500000	6255.184530	12346.134406	161.413833	154.308621
34.000000	6335.891446	12423.288717	161.082785	149.087146
34.500000	6416.432838	12497.832290	160.759915	143.883320
35.000000	6496.812796	12569.773950	160.444932	138.696404
35.500000	6577.035262	12639.122151	160.137552	133.525690
36.000000	6657.104038	12705.884996	159.837496	128.370497
36.500000	6737.022786	12770.070245	159.544489	123.230174
37.000000	6816.795031	12831.685332	159.258264	118.104097
37.500000	6896.424162	12890.737380	158.978555	112.991668
38.000000	6975.913440	12947.233214	158.705101	107.892315
38.500000	7055.265990	13001.179372	158.437645	102.805491
39.000000	7134.484813	13052.582117	158.175932	97.730673
39.500000	7213.572779	13101.447454	157.919710	92.667363
40.000000	7292.532634	13147.781136	157.668727	87.615086
40.500000	7371.366998	13191.588679	157.422735	82.573391
41.000000	7450.078365	13232.875374	157.181486	77.541848
41.500000	7528.669108	13271.646298	156.944733	72.520051
42.000000	7607.141474	13307.906324	156.712230	67.507618
42.500000	7685.497589	13341.660133	156.483732	62.504187
43.000000	7763.739455	13372.912226	156.258992	57.509419
43.500000	7841.868951	13401.666936	156.037765	52.522999
44.000000	7919.887834	13427.928435	155.819805	47.544632
44.500000	7997.797736	13451.700751	155.604866	42.574049
45.000000	8075.600169	13472.987776	155.392701	37.611000
45.500000	8153.296520	13491.793276	155.183065	32.655260
46.000000	8230.888052	13508.120906	154.975709	27.706626
46.500000	8308.375907	13521.974219	154.770387	22.764918
47.000000	8385.761100	13533.356678	154.566852	17.829981
47.500000	8463.044526	13542.271668	154.364857	12.901680
48.000000	8540.226955	13548.722508	154.164157	7.979905
48.500000	8617.309033	13552.712461	153.964505	3.064571
49.000000	8694.291286	13554.244746	153.765658	-1.844387
49.500000	8771.174115	13553.322553	153.567373	-6.747009
50.000000	8847.957802	13549.949048	153.369408	-11.643311
50.500000	8924.642506	13544.127393	153.171524	-16.533288
51.000000	9001.228268	13535.860749	152.973486	-21.416912
51.500000	9077.715011	13525.152293	152.775059	-26.294132
52.000000	9154.102540	13512.005227	152.576013	-31.164874
52.500000	9230.390547	13496.422790	152.376121	-36.029044
53.000000	9306.578608	13478.408268	152.175160	-40.886527
53.500000	9382.666188	13457.965004	151.972911	-45.737187
54.000000	9458.652644	13435.096411	151.769159	-50.580866
54.500000	9534.537223	13409.805978	151.563692	-55.417390
55.000000	9610.319069	13382.097283	151.356307	-60.246562
55.500000	9685.997222	13351.974002	151.146801	-65.068169
56.000000	9761.570623	13319.439918	150.934977	-69.881980
56.500000	9837.038111	13284.498928	150.720645	-74.687745
57.000000	9912.398434	13247.155055	150.503617	-79.485200
57.500000	9987.650243	13207.412456	150.283712	-84.274061
58.000000	10062.792098	13165.275425	150.060751	-89.054032
58.500000	10137.822474	13120.748409	149.834562	-93.824800
59.000000	10212.739755	13073.836009	149.604976	-98.586036
59.500000	10287.542243	13024.542991	149.371830	-103.337398
60.000000	10362.228158	12972.874292	149.134963	-108.078530
60.500000	10436.795639	12918.835027	148.894219	-112.809063
61.000000	10511.242749	12862.430496	148.649447	-117.528612
61.500000	10585.567473	12803.666190	148.400499	-122.236783
62.000000	10659.767722	12742.547798	148.147229	-126.933166
62.500000	10733.841336	12679.081215	147.889496	-131.617339
63.000000	10807.786084	12613.272546	147.627163	-136.288870
63.500000	10881.599666	12545.128111	147.360094	-140.947313
64.000000	10955.279713	12474.654454	147.088157	-145.592210
64.500000	11028.823791	12401.858349	146.811223	-150.223092
65.000000	11102.229402	12326.746803	146.529165	-154.839480
65.500000	11175.493985	12249.327063	146.241859	-159.440879
66.000000	11248.614914	12169.606623	145.949184	-164.026789
66.500000	11321.589506	12087.593229	145.651019	-168.596693
67.000000	11394.415015	12003.294883	145.347248	-173.150066
67.500000	11467.088639	11916.719850	145.037755	-177.686372
68.000000	11539.607517	11827.876664	144.722427	-182.205062
68.500000	11611.968731	11736.774133	144.401153	-186.705580
69.000000	11684.169307	11643.421343	144.073824	-191.187354
69.500000	11756.206219	11547.827666	143.740332	-195.649807
70.000000	11828.076385	11450.002763	143.400571	-200.092347
70.500000	11899.776671	11349.956589	143.054437	-204.514373
71.000000	11971.303889	11247.699403	142.701829	-208.915275
71.500000	12042.654804	11143.241765	142.342645	-213.294431
72.000000	12113.826126	11036.594550	141.976788	-217.651209
72.500000	12184.814520	10927.768945	141.604160	-221.984968
73.000000	12255.616600	10816.776461	141.224666	-226.295057
73.500000	12326.228933	10703.628933	140.838213	-230.580814
74.000000	12396.648040	10588.338526	140.444710	-234.841570
74.500000	12466.870395	10470.917741	140.044068	-239.076643
75.000000	12536.892429	10351.379420	139.636197	-243.285347
75.500000	12606.710528	10229.736746	139.221014	-247.466982
76.000000	12676.321035	10106.003255	138.798435	-251.620843
76.500000	12745.720253	9980.192834	138.368379	-255.746215
77.000000	12814.904442	9852.319727	137.930767	-259.842376
77.500000	12883.869826	9722.398539	137.485521	-263.908595
78.000000	12952.612586	9590.444241	137.032569	-267.944136
78.500000	13021.128870	9456.472173	136.571838	-271.948254
79.000000	13089.414789	9320.498046	136.103259	-275.920198
79.500000	13157.466419	9182.537947	135.626767	-279.859212
80.000000	13225.279802	9042.608341	135.142297	-283.764533
80.500000	13292.850951	8900.726075	134.649790	-287.635393
81.000000	13360.175846	8756.908378	134.149189	-291.471021
81.500000	13427.250440	8611.172868	133.640439	-295.270641
82.000000	13494.070659	8463.537547	133.123490	-299.033472
82.500000	13560.632404	8314.020811	132.598294	-302.758733
83.000000	13626.931551	8162.641444	132.064809	-306.445639
83.500000	13692.963956	8009.418625	131.522995	-310.093404
84.000000	13758.725454	7854.371923	130.972817	-313.701241
84.500000	13824.211862	7697.521302	130.414241	-317.268362
85.000000	13889.418983	7538.887121	129.847243	-320.793982
85.500000	13954.342604	7378.490130	129.271797	-324.277315
86.000000	14018.978503	7216.351473	128.687886	-327.717579
86.500000	14083.322446	7052.492683	128.095496	-331.113995
87.000000	14147.370194	6886.935686	127.494618	-334.465785
87.500000	14211.117503	6719.702793	126.885248	-337.772181
88.000000	14274.560127	6550.816703	126.267387	-341.032416
88.500000	14337.693820	6380.300495	125.641040	-344.245732
89.000000	14400.514340	6208.177628	125.006220	-347.411380
89.500000	14463.017450	6034.471938	124.362943	-350.528615
90.000000	14525.198922	5859.207631	123.711232	-353.596707
90.500000	14587.054538	5682.409277	123.051116	-356.614934
91.000000	14648.580096	5504.101810	122.382627	-359.582585
91.500000	14709.771410	5324.310518	121.705807	-362.498963
92.000000	14770.624313	5143.061037	121.020701	-365.363385
92.500000	14831.134664	4960.379344	120.327361	-368.175181
93.000000	14891.298345	4776.291754	119.625847	-370.933700
93.500000	14951.111268	4590.824904	118.916221	-373.638306
94.000000	15010.569378	4404.005751	118.198556	-376.288380
94.500000	15069.668656	4215.861561	117.472928	-378.883324
95.000000	15128.405120	4026.419899	116.739422	-381.422561
95.500000	15186.774831	3835.708618	115.998128	-383.905531
96.000000	15244.773895	3643.755853	115.249142	-386.331701
96.500000	15302.398466	3450.590002	114.492569	-388.700560
97.000000	15359.644751	3256.239722	113.728519	-391.011619
97.500000	15416.509010	3060.733913	112.957107	-393.264417
98.000000	15472.987564	2864.101704	112.178457	-395.458518
98.500000	15529.076792	2666.372445	111.392699	-397.593514
99.000000	15584.773142	2467.575688	110.599968	-399.669024
99.500000	15640.073126	2267.741176	109.800408	-401.684698
100.000000	15694.973330	2066.898827	108.994167	-403.640214
100.500000	15749.470414	1865.078720	108.181401	-405.535281
101.000000	15803.561114	1662.311080	107.362271	-407.369639
101.500000	15857.242249	1458.626260	106.536944	-409.143063
102.000000	15910.510721	1254.054729	105.705594	-410.855357
102.500000	15963.363518	1048.627050	104.868400	-412.506360
103.000000	16015.797718	842.373870	104.025547	-414.095947
103.500000	16067.810491	635.325897	103.177226	-415.624024
104.000000	16119.399104	427.513885	102.323633	-417.090534
104.500000	16170.560921	218.968618	101.464969	-418.495456
105.000000	16221.293405	9.720890	100.601439	-419.838803
105.500000	16271.594125	-200.198512	99.733256	-421.120625
106.000000	16321.460753	-410.758824	98.860635	-422.341008
106.500000	16370.891070	-621.929328	97.983795	-423.500075
107.000000	16419.882968	-833.679366	97.102961	-424.597983
107.500000	16468.434449	-1045.978357	96.218361	-425.634930
108.000000	16516.543630	-1258.795822	95.330226	-426.611145
108.500000	16564.208743	-1472.101395	94.438792	-427.526897
109.000000	16611.428139	-1685.864843	93.544296	-428.382489
109.500000	16658.200286	-1900.056088	92.646979	-429.178262
110.000000	16704.523776	-2114.645219	91.747085	-429.914590
110.500000	16750.397318	-2329.602514	90.844860	-430.591883
111.000000	16795.819748	-2544.898455	89.940551	-431.210587
111.500000	16840.790024	-2760.503748	89.034408	-431.771178
112.000000	16885.307228	-2976.389338	88.126682	-432.274171
112.500000	16929.370569	-3192.526423	87.217624	-432.720109
113.000000	16972.979380	-3408.886478	86.307486	-433.109570
113.500000	17016.133124	-3625.441262	85.396523	-433.443161
114.000000	17058.831385	-3842.162843	84.484988	-433.721521
114.500000	17101.073879	-4059.023604	83.573132	-433.945319
115.000000	17142.860445	-4275.996263	82.661210	-434.115251
115.500000	17184.191050	-4493.053889	81.749472	-434.232042
116.000000	17225.065787	-4710.169910	80.838170	-434.296442
116.500000	17265.484872	-4927.318131	79.927554	-434.309228
117.000000	17305.448649	-5144.472745	79.017870	-434.271202
117.500000	17344.957584	-5361.608346	78.109365	-434.183186
118.000000	17384.012266	-5578.699939	77.202283	-434.046027
118.500000	17422.613408	-5795.722953	76.296865	-433.860593
119.000000	17460.761840	-6012.653249	75.393350	-433.627771
119.500000	17498.458515	-6229.467135	74.491972	-433.348464
120.000000	17535.704501	-6446.141367	73.592966	-433.023596
120.500000	17572.500984	-6662.653165	72.696558	-432.654105
121.000000	17608.849263	-6878.980217	71.802976	-432.240943
121.500000	17644.750751	-7095.100689	70.912440	-431.785076
122.000000	17680.206971	-7310.993227	70.025167	-431.287482
122.500000	17715.219555	-7526.636968	69.141371	-430.749150
123.000000	17749.790240	-7742.011543	68.261260	-430.171077
123.500000	17783.920870	-7957.097082	67.385037	-429.554268
124.000000	17817.613388	-8171.874216	66.512902	-428.899738
124.500000	17850.869840	-8386.324085	65.645050	-428.208503
125.000000	17883.692364	-8600.428336	64.781668	-427.481585
125.500000	17916.083198	-8814.169129	63.922940	-426.720011
126.000000	17948.044668	-9027.529135	63.069046	-425.924808
126.500000	17979.579191	-9240.491538	62.220158	-425.097002
127.000000	18010.689270	-9453.040039	61.376443	-424.237621
127.500000	18041.377492	-9665.158850	60.538063	-423.347691
128.000000	18071.646523	-9876.832696	59.705175	-422.428235
128.500000	18101.499111	-10088.046813	58.877928	-421.480270
129.000000	18130.938075	-10298.786948	58.056468	-420.504811
129.500000	18159.966309	-10509.039353	57.240933	-419.502866
130.000000	18188.586776	-10718.790787	56.431457	-418.475436
130.500000	18216.802504	-10928.028505	55.628165	-417.423515
131.000000	18244.616586	-11136.740262	54.831180	-416.348087
131.500000	18272.032176	-11344.914306	54.040617	-415.250128
132.000000	18299.052485	-11552.539370	53.256586	-414.130601
132.500000	18325.680778	-11759.604671	52.479190	-412.990462
133.000000	18351.920373	-11966.099902	51.708527	-411.830652
133.500000	18377.774637	-12172.015228	50.944690	-410.652101
134.000000	18403.246982	-12377.341279	50.187766	-409.455725
134.500000	18428.340865	-12582.069141	49.437834	-408.242428
135.000000	18453.059782	-12786.190355	48.694972	-407.013096
135.500000	18477.407268	-12989.696903	47.959248	-405.768606
136.000000	18501.386892	-13192.581206	47.230727	-404.509814
136.500000	18525.002255	-13394.836113	46.509469	-403.237563
137.000000	18548.256990	-13596.454895	45.795527	-401.952682
137.500000	18571.154753	-13797.431235	45.088951	-400.655979
138.000000	18593.699229	-13997.759225	44.389784	-399.348250
138.500000	18615.894121	-14197.433350	43.698065	-398.030269
139.000000	18637.743153	-14396.448485	43.013828	-396.702798
139.500000	18659.250067	-14594.799884	42.337103	-395.366579
140.000000	18680.418619	-14792.483173	41.667914	-394.022335
140.500000	18701.252576	-14989.494340	41.006282	-392.670773
141.000000	18721.755717	-15185.829727	40.352222	-391.312583
141.500000	18741.931828	-15381.486019	39.705747	-389.948436
142.000000	18761.784701	-15576.460237	39.066863	-388.578984
142.500000	18781.318133	-15770.749729	38.435574	-387.204864
143.000000	18800.535920	-15964.352161	37.811880	-385.826692
143.500000	18819.441860	-16157.265507	37.195777	-384.445067
144.000000	18838.039748	-16349.488040	36.587256	-383.060571
144.500000	18856.333377	-16541.018326	35.986308	-381.673768
145.000000	18874.326530	-16731.855210	35.392916	-380.285204
145.500000	18892.022988	-16921.997812	34.807063	-378.895408
146.000000	18909.426520	-17111.445515	34.228728	-377.504890
146.500000	18926.540883	-17300.197960	33.657887	-376.114145
147.000000	18943.369827	-17488.255033	33.094512	-374.723650
147.500000	18959.917083	-17675.616858	32.538575	-373.333865
148.000000	18976.186370	-17862.283791	31.990042	-371.945234
148.500000	18992.181391	-18048.256408	31.448879	-370.558184
149.000000	19007.905831	-18233.535500	30.915049	-369.173126
149.500000	19023.363356	-18418.122063	30.388511	-367.790456
150.000000	19038.557611	-18602.017291	29.869224	-366.410552
150.500000	19053.492223	-18785.222567	29.357144	-365.033780
151.000000	19068.170795	-18967.739457	28.852224	-363.660489
151.500000	19082.596907	-19149.569702	28.354417	-362.291013
152.000000	19096.774116	-19330.715208	27.863674	-360.925672
152.500000	19110.705953	-19511.178044	27.379943	-359.564772
153.000000	19124.395924	-19690.960431	26.903171	-358.208606
153.500000	19137.847510	-19870.064733	26.433304	-356.857450
154.000000	19151.064162	-20048.493458	25.970286	-355.511571
154.500000	19164.049305	-20226.249244	25.514060	-354.171222
155.000000	19176.806335	-20403.334855	25.064569	-352.836640
155.500000	19189.338619	-20579.753175	24.621751	-351.508054
156.000000	19201.649495	-20755.507202	24.185548	-350.185680
156.500000	19213.742269	-20930.600042	23.755898	-348.869719
157.000000	19225.620218	-21105.034902	23.332739	-347.560366
157.500000	19237.286588	-21278.815085	22.916007	-346.257801
158.000000	19248.744591	-21451.943985	22.505639	-344.962195
158.500000	19259.997410	-21624.425083	22.101570	-343.673707
159.000000	19271.048196	-21796.261936	21.703736	-342.392488
159.500000	19281.900064	-21967.458180	21.312071	-341.118677
160.000000	19292.556099	-22138.017519	20.926508	-339.852407
160.500000	19303.019353	-22307.943722	20.546982	-338.593797
161.000000	19313.292844	-22477.240621	20.173426	-337.342961
161.500000	19323.379557	-22645.912101	19.805772	-336.100003
162.000000	19333.282443	-22813.962103	19.443954	-334.865018
162.500000	19343.004420	-22981.394612	19.087903	-333.638094
163.000000	19352.548372	-23148.213659	18.737553	-332.419311
163.500000	19361.917148	-23314.423314	18.392835	-331.208741
164.000000	19371.113566	-23480.027685	18.053683	-330.006449
164.500000	19380.140407	-23645.030909	17.720027	-328.812495
165.000000	19389.000420	-23809.437157	17.391800	-327.626928
165.500000	19397.696320	-23973.250621	17.068935	-326.449795
166.000000	19406.230788	-24136.475518	16.751364	-325.281134
166.500000	19414.606470	-24299.116085	16.439020	-324.120978
167.000000	19422.825980	-24461.176574	16.131836	-322.969355
167.500000	19430.891898	-24622.661251	15.829744	-321.826286
168.000000	19438.806770	-24783.574394	15.532678	-320.691788
168.500000	19446.573109	-24943.920289	15.240571	-319.565873
169.000000	19454.193394	-25103.703225	14.953357	-318.448547
169.500000	19461.670073	-25262.927499	14.670971	-317.339812
170.000000	19469.005558	-25421.597405	14.393346	-316.239667
170.500000	19476.202231	-25579.717238	14.120418	-315.148103
171.000000	19483.262440	-25737.291290	13.852122	-314.065112
171.500000	19490.188502	-25894.323846	13.588394	-312.990679
172.000000	19496.982699	-26050.819185	13.329170	-311.924785
172.500000	19503.647283	-26206.781578	13.074385	-310.867409
173.000000	19510.184476	-26362.215282	12.823979	-309.818527
173.500000	19516.596465	-26517.124546	12.577886	-308.778111
174.000000	19522.885409	-26671.513601	12.336047	-307.746130
174.500000	19529.053432	-26825.386666	12.098399	-306.722550
175.000000	19535.102632	-26978.747941	11.864882	-305.707335
175.500000	19541.035073	-27131.601609	11.635434	-304.700446
176.000000	19546.852790	-27283.951832	11.409996	-303.701842
176.500000	19552.557788	-27435.802753	11.188509	-302.711480
177.000000	19558.152042	-27587.158493	10.970914	-301.729314
177.500000	19563.637499	-27738.023150	10.757152	-300.755296
178.000000	19569.016075	-27888.400798	10.547166	-299.789377
178.500000	19574.289658	-28038.295486	10.340899	-298.831506
179.000000	19579.460107	-28187.711239	10.138294	-297.881631
179.500000	19584.529254	-28336.652055	9.939296	-296.939697
180.000000	19589.498902	-28485.121903	9.743849	-296.005647
180.500000	19594.370826	-28633.124727	9.551898	-295.079427
181.000000	19599.146775	-28780.664440	9.363389	-294.160976
181.500000	19603.828470	-28927.744928	9.178269	-293.250237
182.000000	19608.417604	-29074.370047	8.996485	-292.347147
182.500000	19612.915847	-29220.543620	8.817985	-291.451648
183.000000	19617.324839	-29366.269444	8.642716	-290.563675
183.500000	19621.646197	-29511.551281	8.470628	-289.683166
184.000000	19625.881511	-29656.392865	8.301670	-288.810058
184.500000	19630.032347	-29800.797894	8.135793	-287.944287
185.000000	19634.100243	-29944.770037	7.972947	-287.085787
185.500000	19638.086717	-30088.312930	7.813083	-286.234493
186.000000	19641.993258	-30231.430177	7.656154	-285.390340
186.500000	19645.821335	-30374.125347	7.502111	-284.553261
187.000000	19649.572391	-30516.401977	7.350909	-283.723190
187.500000	19653.247845	-30658.263572	7.202500	-282.900061
188.000000	19656.849095	-30799.713603	7.056840	-282.083806
188.500000	19660.377515	-30940.755506	6.913882	-281.274360
189.000000	19663.834456	-31081.392686	6.773584	-280.471653
189.500000	19667.221248	-31221.628512	6.635900	-279.675620
190.000000	19670.539198	-31361.466322	6.500788	-278.886194
190.500000	19673.789592	-31500.909419	6.368204	-278.103306
191.000000	19676.973694	-31639.961072	6.238107	-277.326891
191.500000	19680.092747	-31778.624518	6.110455	-276.556881
192.000000	19683.147975	-31916.902958	5.985207	-275.793210
192.500000	19686.140578	-32054.799563	5.862323	-275.035810
193.000000	19689.071740	-32192.317469	5.741762	-274.284617
193.500000	19691.942621	-32329.459777	5.623487	-273.539562
194.000000	19694.754364	-32466.229558	5.507456	-272.800581
194.500000	19697.508092	-32602.629849	5.393634	-272.067609
195.000000	19700.204909	-32738.663653	5.281981	-271.340579
195.500000	19702.845900	-32874.333942	5.172461	-270.619427
196.000000	19705.432130	-33009.643656	5.065037	-269.904089
196.500000	19707.964648	-33144.595701	4.959673	-269.194500
197.000000	19710.444485	-33279.192951	4.856334	-268.490597
197.500000	19712.872652	-33413.438249	4.754985	-267.792316
198.000000	19715.250144	-33547.334407	4.655590	-267.099595
198.500000	19717.577940	-33680.884204	4.558117	-266.412371
199.000000	19719.856998	-33814.090390	4.462531	-265.730582
199.500000	19722.088263	-33946.955681	4.368800	-265.054168
200.000000	19724.272663	-34079.482764	4.276891	-264.383066
200.500000	19726.411109	-34211.674297	4.186772	-263.717217
201.000000	19728.504494	-34343.532906	4.098412	-263.056561
201.500000	19730.553700	-34475.061187	4.011779	-262.401039
202.000000	19732.559590	-34606.261706	3.926843	-261.750592
202.500000	19734.523011	-34737.137002	3.843574	-261.105161
203.000000	19736.444798	-34867.689583	3.761943	-260.464689
203.500000	19738.325770	-34997.921928	3.681919	-259.829120
204.000000	19740.166729	-35127.836487	3.603475	-259.198395
204.500000	19741.968467	-35257.435685	3.526582	-258.572460
205.000000	19743.731757	-35386.721915	3.451212	-257.951260
205.500000	19745.457363	-35515.697545	3.377338	-257.334738
206.000000	19747.146032	-35644.364914	3.304932	-256.722842
206.500000	19748.798498	-35772.726335	3.233969	-256.115518
207.000000	19750.415483	-35900.784094	3.164422	-255.512712
207.500000	19751.997694	-36028.540450	3.096265	-254.914372
208.000000	19753.545826	-36155.997636	3.029474	-254.320447
208.500000	19755.060563	-36283.157859	2.964022	-253.730885
209.000000	19756.542574	-36410.023302	2.899887	-253.145636
209.500000	19757.992518	-36536.596120	2.837042	-252.564650
210.000000	19759.411039	-36662.878445	2.775466	-251.987877
210.500000	19760.798772	-36788.872383	2.715134	-251.415268
211.000000	19762.156339	-36914.580017	2.656024	-250.846775
211.500000	19763.484351	-37040.003405	2.598112	-250.282351
212.000000	19764.783407	-37165.144581	2.541377	-249.721949
212.500000	19766.054096	-37290.005555	2.485797	-249.165521
213.000000	19767.296994	-37414.588316	2.431351	-248.613023
213.500000	19768.512669	-37538.894827	2.378016	-248.064408
214.000000	19769.701678	-37662.927031	2.325773	-247.519633
214.500000	19770.864564	-37786.686848	2.274601	-246.978653
215.000000	19772.001864	-37910.176174	2.224480	-246.441424
215.500000	19773.114104	-38033.396886	2.175389	-245.907903
216.000000	19774.201799	-38156.350838	2.127311	-245.378049
216.500000	19775.265454	-38279.039862	2.080224	-244.851818
217.000000	19776.305566	-38401.465771	2.034112	-244.329170
217.500000	19777.322622	-38523.630356	1.988955	-243.810064
218.000000	19778.317100	-38645.535388	1.944734	-243.294459
218.500000	19779.289467	-38767.182617	1.901433	-242.782317
219.000000	19780.240183	-38888.573776	1.859034	-242.273597
219.500000	19781.169700	-39009.710574	1.817519	-241.768261
220.000000	19782.078460	-39130.594704	1.776871	-241.266271
220.500000	19782.966896	-39251.227840	1.737074	-240.767589
221.000000	19783.835433	-39371.611634	1.698112	-240.272178
221.500000	19784.684489	-39491.747723	1.659968	-239.780002
222.000000	19785.514472	-39611.637724	1.622626	-239.291024
222.500000	19786.325785	-39731.283236	1.586071	-238.805210
223.000000	19787.118821	-39850.685841	1.550287	-238.322523
223.500000	19787.893964	-39969.847103	1.515261	-237.842929
224.000000	19788.651595	-40088.768567	1.480976	-237.366394
224.500000	19789.392083	-40207.451764	1.447418	-236.892884
225.000000	19790.115792	-40325.898206	1.414574	-236.422367
225.500000	19790.823078	-40444.109389	1.382428	-235.954808
226.000000	19791.514293	-40562.086793	1.350968	-235.490177
226.500000	19792.189777	-40679.831882	1.320180	-235.028441
227.000000	19792.849867	-40797.346102	1.290051	-234.569568
227.500000	19793.494892	-40914.630886	1.260567	-234.113529
228.000000	19794.125176	-41031.687651	1.231716	-233.660292
228.500000	19794.741034	-41148.517797	1.203485	-233.209827
229.000000	19795.342776	-41265.122710	1.175862	-232.762104
229.500000	19795.930707	-41381.503762	1.148835	-232.317095
230.000000	19796.505125	-41497.662310	1.122392	-231.874770
230.500000	19797.066321	-41613.599694	1.096521	-231.435101
231.000000	19797.614582	-41729.317245	1.071211	-230.998060
231.500000	19798.150187	-41844.816275	1.046450	-230.563619
232.000000	19798.673412	-41960.098084	1.022228	-230.131751
232.500000	19799.184526	-42075.163959	0.998533	-229.702429
233.000000	19799.683793	-42190.015174	0.975356	-229.275626
233.500000	19800.171471	-42304.652987	0.952684	-228.851317
234.000000	19800.647813	-42419.078646	0.930509	-228.429476
234.500000	19801.113068	-42533.293384	0.908820	-228.010077
235.000000	19801.567478	-42647.298422	0.887608	-227.593095
235.500000	19802.011282	-42761.094969	0.866861	-227.178505
236.000000	19802.444712	-42874.684222	0.846572	-226.766284
236.500000	19802.867998	-42988.067364	0.826730	-226.356406
237.000000	19803.281364	-43101.245567	0.807327	-225.948849
237.500000	19803.685027	-43214.219992	0.788353	-225.543589
238.000000	19804.079204	-43326.991786	0.769800	-225.140603
238.500000	19804.464104	-43439.562088	0.751659	-224.739868
239.000000	19804.839933	-43551.932022	0.733921	-224.341362
239.500000	19805.206893	-43664.102703	0.716578	-223.945063
240.000000	19805.565182	-43776.075235	0.699622	-223.550949
240.500000	19805.914993	-43887.850709	0.683044	-223.158998
241.000000	19806.256515	-43999.430208	0.666838	-222.769189
241.500000	19806.589934	-44110.814802	0.650995	-222.381502
242.000000	19806.915432	-44222.005553	0.635507	-221.995915
242.500000	19807.233185	-44333.003511	0.620368	-221.612409
243.000000	19807.543369	-44443.809715	0.605569	-221.230964
243.500000	19807.846154	-44554.425197	0.591105	-220.851559
244.000000	19808.141706	-44664.850976	0.576966	-220.474175
244.500000	19808.430190	-44775.088064	0.563148	-220.098792
245.000000	19808.711764	-44885.137460	0.549643	-219.725393
245.500000	19808.986585	-44995.000156	0.536444	-219.353958
246.000000	19809.254807	-45104.677135	0.523544	-218.984468
246.500000	19809.516579	-45214.169369	0.510939	-218.616906
247.000000	19809.772048	-45323.477822	0.498621	-218.251253
247.500000	19810.021359	-45432.603449	0.486584	-217.887492
248.000000	19810.264650	-45541.547195	0.474822	-217.525605
248.500000	19810.502061	-45650.309998	0.463329	-217.165575
249.000000	19810.733726	-45758.892785	0.452100	-216.807385
249.500000	19810.959776	-45867.296478	0.441128	-216.451018
250.000000	19811.180340	-45975.521987	0.430409	-216.096457
250.500000	19811.395545	-46083.570216	0.419937	-215.743687
251.000000	19811.605513	-46191.442059	0.409707	-215.392690
251.500000	19811.810367	-46299.138404	0.399712	-215.043451
252.000000	19812.010223	-46406.660129	0.389949	-214.695954
252.500000	19812.205197	-46514.008107	0.380412	-214.350184
253.000000	19812.395404	-46621.183199	0.371097	-214.006126
253.500000	19812.580952	-46728.186262	0.361998	-213.663763
254.000000	19812.761951	-46835.018144	0.353110	-213.323082
254.500000	19812.938506	-46941.679685	0.344430	-212.984067
255.000000	19813.110721	-47048.171718	0.335952	-212.646705
255.500000	19813.278697	-47154.495071	0.327672	-212.310979
256.000000	19813.442533	-47260.650560	0.319587	-211.976877
256.500000	19813.602326	-47366.638999	0.311690	-211.644385
257.000000	19813.758172	-47472.461191	0.303979	-211.313488
257.500000	19813.910161	-47578.117935	0.296450	-210.984173
258.000000	19814.058386	-47683.610021	0.289097	-210.656426
258.500000	19814.202935	-47788.938234	0.281918	-210.330234
259.000000	19814.343894	-47894.103351	0.274909	-210.005584
259.500000	19814.481348	-47999.106143	0.268065	-209.682463
260.000000	19814.615381	-48103.947374	0.261383	-209.360858
260.500000	19814.746072	-48208.627803	0.254859	-209.040756
261.000000	19814.873502	-48313.148181	0.248491	-208.722145
261.500000	19814.997747	-48417.509254	0.242274	-208.405013
262.000000	19815.118884	-48521.711761	0.236205	-208.089347
262.500000	19815.236986	-48625.756434	0.230280	-207.775136
263.000000	19815.352126	-48729.644002	0.224497	-207.462366
263.500000	19815.464375	-48833.375186	0.218853	-207.151028
264.000000	19815.573801	-48936.950699	0.213343	-206.841108
264.500000	19815.680473	-49040.371253	0.207966	-206.532595
265.000000	19815.784456	-49143.637551	0.202717	-206.225479
265.500000	19815.885815	-49246.750291	0.197595	-205.919748
266.000000	19815.984612	-49349.710164	0.192597	-205.615390
266.500000	19816.080911	-49452.517859	0.187718	-205.312395
267.000000	19816.174770	-49555.174057	0.182958	-205.010753
267.500000	19816.266249	-49657.679434	0.178313	-204.710451
268.000000	19816.355405	-49760.034659	0.173780	-204.411481
268.500000	19816.442295	-49862.240400	0.169357	-204.113830
269.000000	19816.526973	-49964.297315	0.165041	-203.817490
269.500000	19816.609493	-50066.206060	0.160830	-203.522450
270.000000	19816.689909	-50167.967285	0.156722	-203.228699
270.500000	19816.768270	-50269.581634	0.152714	-202.936228
271.000000	19816.844627	-50371.049748	0.148804	-202.645027
271.500000	19816.919028	-50472.372261	0.144989	-202.355086
272.000000	19816.991523	-50573.549804	0.141268	-202.066395
272.500000	19817.062157	-50674.583002	0.137638	-201.778946
273.000000	19817.130976	-50775.472474	0.134097	-201.492728
273.500000	19817.198024	-50876.218838	0.130642	-201.207732
274.000000	19817.263345	-50976.822704	0.127273	-200.923949
274.500000	19817.326982	-51077.284679	0.123987	-200.641371
275.000000	19817.388975	-51177.605364	0.120782	-200.359987
275.500000	19817.449367	-51277.785357	0.117657	-200.079789
276.000000	19817.508195	-51377.825252	0.114608	-199.800769
276.500000	19817.565499	-51477.725636	0.111635	-199.522917
277.000000	19817.621317	-51577.487095	0.108736	-199.246225
277.500000	19817.675685	-51677.110207	0.105909	-198.970684
278.000000	19817.728639	-51776.595549	0.103152	-198.696287
278.500000	19817.780215	-51875.943693	0.100464	-198.423024
279.000000	19817.830447	-51975.155205	0.097842	-198.150887
279.500000	19817.879368	-52074.230648	0.095287	-197.879869
280.000000	19817.927012	-52173.170583	0.092795	-197.609961
280.500000	19817.973409	-52271.975564	0.090365	-197.341155
281.000000	19818.018592	-52370.646141	0.087997	-197.073444
281.500000	19818.062590	-52469.182863	0.085687	-196.806819
282.000000	19818.105434	-52567.586273	0.083436	-196.541273
282.500000	19818.147152	-52665.856909	0.081242	-196.276798
283.000000	19818.187772	-52763.995308	0.079102	-196.013387
283.500000	19818.227324	-52862.002002	0.077017	-195.751031
284.000000	19818.265832	-52959.877517	0.074984	-195.489725
284.500000	19818.303324	-53057.622379	0.073003	-195.229459
285.000000	19818.339826	-53155.237109	0.071072	-194.970228
285.500000	19818.375362	-53252.722223	0.069190	-194.712024
286.000000	19818.409957	-53350.078235	0.067356	-194.454839
286.500000	19818.443634	-53447.305654	0.065568	-194.198667
287.000000	19818.476418	-53544.404988	0.063826	-193.943501
287.500000	19818.508331	-53641.376739	0.062128	-193.689334
288.000000	19818.539395	-53738.221406	0.060473	-193.436160
288.500000	19818.569632	-53834.939486	0.058861	-193.183970
289.000000	19818.599062	-53931.531471	0.057290	-192.932759
289.500000	19818.627707	-54027.997850	0.055759	-192.682520
290.000000	19818.655586	-54124.339110	0.054267	-192.433247
290.500000	19818.682720	-54220.555733	0.052814	-192.184932
291.000000	19818.709127	-54316.648200	0.051398	-191.937570
291.500000	19818.734826	-54412.616985	0.050019	-191.691154
292.000000	19818.759836	-54508.462562	0.048675	-191.445679
292.500000	19818.784173	-54604.185401	0.047366	-191.201136
293.000000	19818.807856	-54699.785969	0.046090	-190.957522
293.500000	19818.830901	-54795.264730	0.044848	-190.714829
294.000000	19818.853325	-54890.622144	0.043637	-190.473051
294.500000	19818.875144	-54985.858670	0.042458	-190.232182
295.000000	19818.896373	-55080.974761	0.041310	-189.992217
295.500000	19818.917028	-55175.970869	0.040192	-189.753149
296.000000	19818.937124	-55270.847444	0.039102	-189.514973
296.500000	19818.956675	-55365.604930	0.038041	-189.277683
297.000000	19818.975696	-55460.243771	0.037008	-189.041273
297.500000	19818.994200	-55554.764408	0.036002	-188.805737
298.000000	19819.012201	-55649.167277	0.035022	-188.571071
298.500000	19819.029711	-55743.452812	0.034067	-188.337268
299.000000	19819.046745	-55837.621446	0.033138	-188.104323
299.500000	19819.063314	-55931.673607	0.032233	-187.872230
300.000000	19819.079430	-56025.609722	0.031352	-187.640984
300.500000	19819.095106	-56119.430214	0.030494	-187.410580
301.000000	19819.110353	-56213.135504	0.029658	-187.181012
301.500000	19819.125182	-56306.726010	0.028845	-186.952276
302.000000	19819.139604	-56400.202148	0.028053	-186.724365
302.500000	19819.153631	-56493.564331	0.027282	-186.497275
303.000000	19819.167272	-56586.812968	0.026531	-186.271001
303.500000	19819.180537	-56679.948468	0.025800	-186.045537
304.000000	19819.193437	-56772.971237	0.025089	-185.820879
304.500000	19819.205982	-56865.881676	0.024397	-185.597021
305.000000	19819.218180	-56958.680187	0.023722	-185.373959
305.500000	19819.230041	-57051.367167	0.023066	-185.151688
306.000000	19819.241575	-57143.943011	0.022428	-184.930203
306.500000	19819.252788	-57236.408113	0.021806	-184.709499
307.000000	19819.263691	-57328.762862	0.021201	-184.489572
307.500000	19819.274292	-57421.007648	0.020612	-184.270416
308.000000	19819.284598	-57513.142857	0.020039	-184.052027
308.500000	19819.294617	-57605.168870	0.019481	-183.834401
309.000000	19819.304358	-57697.086071	0.018939	-183.617533
309.500000	19819.313827	-57788.894837	0.018410	-183.401417
310.000000	19819.323033	-57880.595546	0.017896	-183.186051
310.500000	19819.331981	-57972.188571	0.017396	-182.971429
311.000000	19819.340679	-58063.674286	0.016909	-182.757547
311.500000	19819.349134	-58155.053059	0.016436	-182.544400
312.000000	19819.357352	-58246.325259	0.015975	-182.331984
312.500000	19819.365339	-58337.491251	0.015527	-182.120296
313.000000	19819.373103	-58428.551399	0.015091	-181.909329
313.500000	19819.380648	-58519.506064	0.014666	-181.699082
314.000000	19819.387981	-58610.355605	0.014254	-181.489548
314.500000	19819.395108	-58701.100379	0.013852	-181.280724
315.000000	19819.402034	-58791.740741	0.013461	-181.072606
315.500000	19819.408764	-58882.277044	0.013081	-180.865190
316.000000	19819.415305	-58972.709639	0.012711	-180.658471
316.500000	19819.421661	-59063.038874	0.012352	-180.452446
317.000000	19819.427837	-59153.265098	0.012002	-180.247111
317.500000	19819.433838	-59243.388653	0.011662	-180.042461
318.000000	19819.439669	-59333.409884	0.011331	-179.838493
318.500000	19819.445334	-59423.329130	0.011009	-179.635203
319.000000	19819.450838	-59513.146732	0.010696	-179.432587
319.500000	19819.456186	-59602.863025	0.010392	-179.230641
320.000000	19819.461382	-59692.478346	0.010096	-179.029362
320.500000	19819.466430	-59781.993027	0.009808	-178.828745
321.000000	19819.471334	-59871.407399	0.009528	-178.628787
321.500000	19819.476098	-59960.721792	0.009255	-178.429484
322.000000	19819.480725	-60049.936534	0.008991	-178.230832
322.500000	19819.485221	-60139.051950	0.008733	-178.032828
323.000000	19819.489587	-60228.068364	0.008483	-177.835469
323.500000	19819.493829	-60316.986099	0.008240	-177.638750
324.000000	19819.497949	-60405.805474	0.008003	-177.442668
324.500000	19819.501950	-60494.526808	0.007773	-177.247220
325.000000	19819.505836	-60583.150418	0.007549	-177.052402
325.500000	19819.509611	-60671.676618	0.007332	-176.858210
326.000000	19819.513277	-60760.105723	0.007120	-176.664641
326.500000	19819.516837	-60848.438044	0.006915	-176.471692
327.000000	19819.520295	-60936.673890	0.006715	-176.279360
327.500000	19819.523652	-61024.813570	0.006521	-176.087640
328.000000	19819.526913	-61112.857390	0.006332	-175.896530
328.500000	19819.530079	-61200.805655	0.006149	-175.706026
329.000000	19819.533154	-61288.658668	0.005971	-175.516125
329.500000	19819.536139	-61376.416731	0.005797	-175.326824
330.000000	19819.539038	-61464.080143	0.005629	-175.138120
330.500000	19819.541852	-61551.649203	0.005465	-174.950008
331.000000	19819.544585	-61639.124207	0.005306	-174.762487
331.500000	19819.547238	-61726.505450	0.005152	-174.575553
332.000000	19819.549814	-61813.793227	0.005001	-174.389203
332.500000	19819.552314	-61900.987828	0.004855	-174.203433
333.000000	19819.554742	-61988.089545	0.004713	-174.018241
333.500000	19819.557099	-62075.098665	0.004576	-173.833623
334.000000	19819.559386	-62162.015477	0.004442	-173.649577
334.500000	19819.561607	-62248.840266	0.004311	-173.466100
335.000000	19819.563763	-62335.573315	0.004185	-173.283188
335.500000	19819.565856	-62422.214909	0.004062	-173.100838
336.000000	19819.567887	-62508.765329	0.003943	-172.919049
336.500000	19819.569858	-62595.224853	0.003827	-172.737815
337.000000	19819.571771	-62681.593760	0.003714	-172.557136
337.500000	19819.573628	-62767.872328	0.003605	-172.377007
338.000000	19819.575431	-62854.060832	0.003498	-172.197427
338.500000	19819.577180	-62940.159545	0.003395	-172.018391
339.000000	19819.578878	-63026.168741	0.003295	-171.839898
339.500000	19819.580525	-63112.088690	0.003197	-171.661945
340.000000	19819.582124	-63197.919662	0.003103	-171.484528
340.500000	19819.583675	-63283.661926	0.003011	-171.307645
341.000000	19819.585180	-63369.315749	0.002921	-171.131294
341.500000	19819.586641	-63454.881396	0.002835	-170.955471
342.000000	19819.588058	-63540.359131	0.002750	-170.780174
342.500000	19819.589433	-63625.749218	0.002669	-170.605400
343.000000	19819.590768	-63711.051919	0.002589	-170.431147
343.500000	19819.592062	-63796.267492	0.002512	-170.257412
344.000000	19819.593318	-63881.396198	0.002437	-170.084192
344.500000	19819.594537	-63966.438294	0.002364	-169.911485
345.000000	19819.595719	-64051.394036	0.002294	-169.739287
345.500000	19819.596866	-64136.263680	0.002225	-169.567598
346.000000	19819.597978	-64221.047479	0.002158	-169.396413
346.500000	19819.599058	-64305.745685	0.002094	-169.225731
347.000000	19819.600104	-64390.358551	0.002031	-169.055549
347.500000	19819.601120	-64474.886325	0.001970	-168.885864
348.000000	19819.602105	-64559.329257	0.001911	-168.716675
348.500000	19819.603060	-64643.687594	0.001853	-168.547978
349.000000	19819.603987	-64727.961583	0.001798	-168.379771
349.500000	19819.604886	-64812.151468	0.001743	-168.212051
350.000000	19819.605758	-64896.257494	0.001691	-168.044818
350.500000	19819.606603	-64980.279903	0.001640	-167.878067
351.000000	19819.607423	-65064.218936	0.001590	-167.711796
351.500000	19819.608218	-65148.074834	0.001542	-167.546004
352.000000	19819.608989	-65231.847836	0.001496	-167.380688
352.500000	19819.609737	-65315.538180	0.001450	-167.215845
353.000000	19819.610462	-65399.146103	0.001406	-167.051474
353.500000	19819.611165	-65482.671840	0.001364	-166.887571
354.000000	19819.611847	-65566.115625	0.001322	-166.724136
354.500000	19819.612508	-65649.477693	0.001282	-166.561164
355.000000	19819.613149	-65732.758275	0.001243	-166.398655
355.500000	19819.613771	-65815.957603	0.001205	-166.236606
356.000000	19819.614373	-65899.075906	0.001168	-166.075015
356.500000	19819.614957	-65982.113413	0.001133	-165.913879
357.000000	19819.615524	-66065.070353	0.001098	-165.753197
357.500000	19819.616073	-66147.946951	0.001065	-165.592966
358.000000	19819.616605	-66230.743434	0.001032	-165.433184
358.500000	19819.617121	-66313.460026	0.001000	-165.273849
359.000000	19819.617621	-66396.096951	0.000970	-165.114959
359.500000	19819.618106	-66478.654430	0.000940	-164.956512
360.000000	19819.618576	-66561.132686	0.000911	-164.798505
360.500000	19819.619032	-66643.531939	0.000883	-164.640937
361.000000	19819.619474	-66725.852407	0.000856	-164.483806
361.500000	19819.619902	-66808.094310	0.000830	-164.327109
362.000000	19819.620316	-66890.257865	0.000804	-164.170844
362.500000	19819.620719	-66972.343287	0.000779	-164.015010
363.000000	19819.621108	-67054.350792	0.000755	-163.859604
363.500000	19819.621486	-67136.280594	0.000732	-163.704625
364.000000	19819.621852	-67218.132906	0.000709	-163.550070
364.500000	19819.622207	-67299.907942	0.000687	-163.395938
365.000000	19819.622550	-67381.605910	0.000666	-163.242226
365.500000	19819.622883	-67463.227024	0.000646	-163.088933
366.000000	19819.623206	-67544.771490	0.000625	-162.936056
366.500000	19819.623519	-67626.239518	0.000606	-162.783594
367.000000	19819.623822	-67707.631315	0.000587	-162.631545
367.500000	19819.624116	-67788.947088	0.000569	-162.479907
368.000000	19819.624400	-67870.187042	0.000551	-162.328679
368.500000	19819.624676	-67951.351381	0.000534	-162.177857
369.000000	19819.624943	-68032.440309	0.000517	-162.027440
369.500000	19819.625202	-68113.454030	0.000501	-161.877428
370.000000	19819.625452	-68194.392743	0.000486	-161.727816
370.500000	19819.625695	-68275.256652	0.000470	-161.578605
371.000000	19819.625930	-68356.045954	0.000456	-161.429792
371.500000	19819.626158	-68436.760850	0.000442	-161.281375
372.000000	19819.626379	-68517.401537	0.000428	-161.133352
372.500000	19819.626593	-68597.968213	0.000414	-160.985722
373.000000	19819.626800	-68678.461075	0.000401	-160.838484
373.500000	19819.627000	-68758.880316	0.000389	-160.691634
374.000000	19819.627195	-68839.226133	0.000376	-160.545172
374.500000	19819.627383	-68919.498719	0.000365	-160.399095
375.000000	19819.627565	-68999.698267	0.000353	-160.253403
375.500000	19819.627742	-69079.824968	0.000342	-160.108093
376.000000	19819.627913	-69159.879015	0.000331	-159.963163
376.500000	19819.628078	-69239.860596	0.000321	-159.818613
377.000000	19819.628239	-69319.769903	0.000311	-159.674439
377.500000	19819.628394	-69399.607122	0.000301	-159.530642
378.000000	19819.628545	-69479.372443	0.000291	-159.387218
378.500000	19819.628690	-69559.066052	0.000282	-159.244167
379.000000	19819.628831	-69638.688136	0.000273	-159.101486
379.500000	19819.628968	-69718.238879	0.000264	-158.959174
380.000000	19819.629100	-69797.718466	0.000256	-158.817230
380.500000	19819.629228	-69877.127081	0.000248	-158.675652
381.000000	19819.629352	-69956.464907	0.000240	-158.534438
381.500000	19819.629472	-70035.732126	0.000232	-158.393586
382.000000	19819.629588	-70114.928919	0.000225	-158.253096
382.500000	19819.629701	-70194.055467	0.000218	-158.112965
383.000000	19819.629810	-70273.111950	0.000211	-157.973193
383.500000	19819.629915	-70352.098546	0.000204	-157.833776
384.000000	19819.630017	-70431.015434	0.000198	-157.694715
384.500000	19819.630116	-70509.862792	0.000191	-157.556007
385.000000	19819.630212	-70588.640795	0.000185	-157.417651
385.500000	19819.630304	-70667.349621	0.000179	-157.279645
386.000000	19819.630394	-70745.989443	0.000173	-157.141989
386.500000	19819.630480	-70824.560438	0.000168	-157.004679
387.000000	19819.630564	-70903.062777	0.000163	-156.867716
387.500000	19819.630646	-70981.496635	0.000157	-156.731097
388.000000	19819.630724	-71059.862183	0.000152	-156.594821
388.500000	19819.630800	-71138.159594	0.000147	-156.458886
389.000000	19819.630874	-71216.389037	0.000143	-156.323292
389.500000	19819.630945	-71294.550683	0.000138	-156.188036
390.000000	19819.631014	-71372.644701	0.000134	-156.053118
390.500000	19819.631081	-71450.671259	0.000129	-155.918535
391.000000	19819.631146	-71528.630527	0.000125	-155.784287
391.500000	19819.631208	-71606.522670	0.000121	-155.650371
392.000000	19819.631269	-71684.347856	0.000117	-155.516788
392.500000	19819.631327	-71762.106250	0.000113	-155.383535
393.000000	19819.631384	-71839.798017	0.000110	-155.250610
393.500000	19819.631439	-71917.423322	0.000106	-155.118013
394.000000	19819.631492	-71994.982329	0.000103	-154.985742
394.500000	19819.631543	-72072.475200	0.000099	-154.853796
395.000000	19819.631593	-72149.902098	0.000096	-154.722174
395.500000	19819.631641	-72227.263185	0.000093	-154.590873
396.000000	19819.631687	-72304.558622	0.000090	-154.459894
396.500000	19819.631732	-72381.788569	0.000087	-154.329234
397.000000	19819.631776	-72458.953185	0.000084	-154.198892
397.500000	19819.631818	-72536.052631	0.000081	-154.068866
398.000000	19819.631859	-72613.087064	0.000079	-153.939157
398.500000	19819.631898	-72690.056643	0.000076	-153.809762
399.000000	19819.631936	-72766.961524	0.000074	-153.680679
399.500000	19819.631973	-72843.801863	0.000071	-153.551909
400.000000	19819.632008	-72920.577818	0.000069	-153.423449
400.500000	19819.632043	-72997.289542	0.000067	-153.295298
401.000000	19819.632076	-73073.937191	0.000064	-153.167455
401.500000	19819.632108	-73150.520918	0.000062	-153.039918
402.000000	19819.632140	-73227.040877	0.000060	-152.912688
402.500000	19819.632170	-73303.497221	0.000058	-152.785761
403.000000	19819.632199	-73379.890101	0.000056	-152.659137
403.500000	19819.632227	-73456.219670	0.000055	-152.532816
404.000000	19819.632254	-73532.486078	0.000053	-152.406794
404.500000	19819.632281	-73608.689475	0.000051	-152.281073
405.000000	19819.632306	-73684.830011	0.000049	-152.155649
405.500000	19819.632331	-73760.907836	0.000048	-152.030522
406.000000	19819.632355	-73836.923097	0.000046	-151.905691
406.500000	19819.632378	-73912.875943	0.000045	-151.781155
407.000000	19819.632400	-73988.766520	0.000043	-151.656913
407.500000	19819.632422	-74064.594976	0.000042	-151.532962
408.000000	19819.632443	-74140.361458	0.000040	-151.409303
408.500000	19819.632463	-74216.066109	0.000039	-151.285934
409.000000	19819.632482	-74291.709076	0.000038	-151.162853
409.500000	19819.632501	-74367.290503	0.000036	-151.040061
410.000000	19819.632519	-74442.810533	0.000035	-150.917555
410.500000	19819.632537	-74518.269310	0.000034	-150.795334
411.000000	19819.632554	-74593.666977	0.000033	-150.673398
411.500000	19819.632570	-74669.003676	0.000032	-150.551745
412.000000	19819.632586	-74744.279549	0.000031	-150.430374
412.500000	19819.632601	-74819.494736	0.000030	-150.309284
413.000000	19819.632616	-74894.649378	0.000029	-150.188475
413.500000	19819.632631	-74969.743615	0.000028	-150.067944
414.000000	19819.632645	-75044.777587	0.000027	-149.947690
414.500000	19819.632658	-75119.751432	0.000026	-149.827714
415.000000	19819.632671	-75194.665289	0.000025	-149.708013
415.500000	19819.632683	-75269.519296	0.000024	-149.588587
416.000000	19819.632696	-75344.313589	0.000023	-149.469434
416.500000	19819.632707	-75419.048306	0.000023	-149.350554
417.000000	19819.632719	-75493.723583	0.000022	-149.231945
417.500000	19819.632729	-75568.339556	0.000021	-149.113606
418.000000	19819.632740	-75642.896359	0.000020	-148.995537
418.500000	19819.632750	-75717.394127	0.000020	-148.877737
419.000000	19819.632760	-75791.832996	0.000019	-148.760203
419.500000	19819.632770	-75866.213097	0.000018	-148.642936
420.000000	19819.632779	-75940.534565	0.000018	-148.525934
420.500000	19819.632788	-76014.797532	0.000017	-148.409196
421.000000	19819.632796	-76089.002130	0.000017	-148.292722
421.500000	19819.632805	-76163.148491	0.000016	-148.176510
422.000000	19819.632813	-76237.236746	0.000015	-148.060559
422.500000	19819.632820	-76311.267025	0.000015	-147.944868
423.000000	19819.632828	-76385.239459	0.000014	-147.829437
423.500000	19819.632835	-76459.154177	0.000014	-147.714264
424.000000	19819.632842	-76533.011309	0.000013	-147.599348
424.500000	19819.632849	-76606.810983	0.000013	-147.484689
425.000000	19819.632855	-76680.553328	0.000013	-147.370285
425.500000	19819.632862	-76754.238470	0.000012	-147.256136
426.000000	19819.632868	-76827.866538	0.000012	-147.142240
426.500000	19819.632874	-76901.437658	0.000011	-147.028597
427.000000	19819.632879	-76974.951956	0.000011	-146.915205
427.500000	19819.632885	-77048.409559	0.000011	-146.802064
428.000000	19819.632890	-77121.810591	0.000010	-146.689173
428.500000	19819.632895	-77195.155178	0.000010	-146.576531
429.000000	19819.632900	-77268.443444	0.000010	-146.464137
429.500000	19819.632905	-77341.675512	0.000009	-146.351990
430.000000	19819.632909	-77414.851507	0.000009	-146.240089
430.500000	19819.632914	-77487.971552	0.000009	-146.128433
431.000000	19819.632918	-77561.035768	0.000008	-146.017021
431.500000	19819.632922	-77634.044279	0.000008	-145.905853
432.000000	19819.632926	-77706.997205	0.000008	-145.794928
432.500000	19819.632930	-77779.894669	0.000007	-145.684244
433.000000	19819.632934	-77852.736791	0.000007	-145.573801
433.500000	19819.632938	-77925.523691	0.000007	-145.463597
434.000000	19819.632941	-77998.255490	0.000007	-145.353633
434.500000	19819.632944	-78070.932307	0.000006	-145.243907
435.000000	19819.632948	-78143.554260	0.000006	-145.134418
435.500000	19819.632951	-78216.121469	0.000006	-145.025166
436.000000	19819.632954	-78288.634052	0.000006	-144.916149
436.500000	19819.632957	-78361.092126	0.000006	-144.807366
437.000000	19819.632960	-78433.495809	0.000005	-144.698818
437.500000	19819.632962	-78505.845218	0.000005	-144.590503
438.000000	19819.632965	-78578.140470	0.000005	-144.482420
438.500000	19819.632967	-78650.381680	0.000005	-144.374568
439.000000	19819.632970	-78722.568964	0.000005	-144.266947
439.500000	19819.632972	-78794.702437	0.000005	-144.159555
440.000000	19819.632975	-78866.782215	0.000004	-144.052393
440.500000	19819.632977	-78938.808411	0.000004	-143.945458
441.000000	19819.632979	-79010.781140	0.000004	-143.838751
441.500000	19819.632981	-79082.700515	0.000004	-143.732270
442.000000	19819.632983	-79154.566650	0.000004	-143.626014
442.500000	19819.632985	-79226.379657	0.000004	-143.519984
443.000000	19819.632987	-79298.139649	0.000004	-143.414178
443.500000	19819.632988	-79369.846738	0.000003	-143.308594
444.000000	19819.632990	-79441.501035	0.000003	-143.203234
444.500000	19819.632992	-79513.102652	0.000003	-143.098095
445.000000	19819.632993	-79584.651699	0.000003	-142.993177
445.500000	19819.632995	-79656.148287	0.000003	-142.888478
446.000000	19819.632996	-79727.592527	0.000003	-142.784000
446.500000	19819.632998	-79798.984526	0.000003	-142.679740
447.000000	19819.632999	-79870.324396	0.000003	-142.575697
447.500000	19819.633001	-79941.612245	0.000003	-142.471872
448.000000	19819.633002	-80012.848181	0.000002	-142.368263
448.500000	19819.633003	-80084.032313	0.000002	-142.264870
449.000000	19819.633004	-80155.164748	0.000002	-142.161691
449.500000	19819.633005	-80226.245593	0.000002	-142.058727
450.000000	19819.633007	-80297.274957	0.000002	-141.955975
450.500000	19819.633008	-80368.252944	0.000002	-141.853437
451.000000	19819.633009	-80439.179663	0.000002	-141.751110
451.500000	19819.633010	-80510.055217	0.000002	-141.648994
452.000000	19819.633011	-80580.879714	0.000002	-141.547088
452.500000	19819.633012	-80651.653259	0.000002	-141.445393
453.000000	19819.633013	-80722.375955	0.000002	-141.343906
453.500000	19819.633013	-80793.047908	0.000002	-141.242627
454.000000	19819.633014	-80863.669221	0.000002	-141.141556
454.500000	19819.633015	-80934.239999	0.000002	-141.040691
455.000000	19819.633016	-81004.760345	0.000002	-140.940033
455.500000	19819.633017	-81075.230361	0.000001	-140.839580
456.000000	19819.633017	-81145.650151	0.000001	-140.739332
456.500000	19819.633018	-81216.019817	0.000001	-140.639287
457.000000	19819.633019	-81286.339461	0.000001	-140.539446
457.500000	19819.633019	-81356.609184	0.000001	-140.439808
458.000000	19819.633020	-81426.829088	0.000001	-140.340371
458.500000	19819.633021	-81496.999273	0.000001	-140.241136
459.000000	19819.633021	-81567.119841	0.000001	-140.142101
459.500000	19819.633022	-81637.190892	0.000001	-140.043266
460.000000	19819.633022	-81707.212524	0.000001	-139.944630
460.500000	19819.633023	-81777.184839	0.000001	-139.846193
461.000000	19819.633023	-81847.107936	0.000001	-139.747953
461.500000	19819.633024	-81916.981912	0.000001	-139.649911
462.000000	19819.633024	-81986.806868	0.000001	-139.552065
462.500000	19819.633025	-82056.582900	0.000001	-139.454415
463.000000	19819.633025	-82126.310107	0.000001	-139.356960
463.500000	19819.633026	-82195.988587	0.000001	-139.259700
464.000000	19819.633026	-82265.618437	0.000001	-139.162634
464.500000	19819.633026	-82335.199754	0.000001	-139.065761
465.000000	19819.633027	-82404.732634	0.000001	-138.969080
465.500000	19819.633027	-82474.217174	0.000001	-138.872592
466.000000	19819.633027	-82543.653470	0.000001	-138.776294
466.500000	19819.633028	-82613.041618	0.000001	-138.680188
467.000000	19819.633028	-82682.381712	0.000001	-138.584272
467.500000	19819.633028	-82751.673847	0.000001	-138.488545
468.000000	19819.633029	-82820.918120	0.000001	-138.393007
468.500000	19819.633029	-82890.114623	0.000001	-138.297657
469.000000	19819.633029	-82959.263451	0.000001	-138.202494
469.500000	19819.633030	-83028.364699	0.000001	-138.107519
470.000000	19819.633030	-83097.418458	0.000001	-138.012730
470.500000	19819.633030	-83166.424823	0.000000	-137.918127
471.000000	19819.633030	-83235.383886	0.000000	-137.823708
471.500000	19819.633031	-83304.295741	0.000000	-137.729475
472.000000	19819.633031	-83373.160478	0.000000	-137.635425
472.500000	19819.633031	-83441.978191	0.000000	-137.541559
473.000000	19819.633031	-83510.748970	0.000000	-137.447875
473.500000	19819.633031	-83579.472907	0.000000	-137.354373
474.000000	19819.633032	-83648.150094	0.000000	-137.261053
474.500000	19819.633032	-83716.780621	0.000000	-137.167914
475.000000	19819.633032	-83785.364578	0.000000	-137.074956
475.500000	19819.633032	-83853.902056	0.000000	-136.982177
476.000000	19819.633032	-83922.393144	0.000000	-136.889577
476.500000	19819.633032	-83990.837933	0.000000	-136.797156
477.000000	19819.633033	-84059.236511	0.000000	-136.704913
477.500000	19819.633033	-84127.588967	0.000000	-136.612847
478.000000	19819.633033	-84195.895391	0.000000	-136.520959
478.500000	19819.633033	-84264.155870	0.000000	-136.429246
479.000000	19819.633033	-84332.370494	0.000000	-136.337710
479.500000	19819.633033	-84400.539349	0.000000	-136.246349
480.000000	19819.633033	-84468.662523	0.000000	-136.155162
480.500000	19819.633034	-84536.740104	0.000000	-136.064149
481.000000	19819.633034	-84604.772179	0.000000	-135.973310
481.500000	19819.633034	-84672.758834	0.000000	-135.882644
482.000000	19819.633034	-84740.700156	0.000000	-135.792151
482.500000	19819.633034	-84808.596231	0.000000	-135.701829
483.000000	19819.633034	-84876.447146	0.000000	-135.611679
483.500000	19819.633034	-84944.252985	0.000000	-135.521699
484.000000	19819.633034	-85012.013834	0.000000	-135.431890
484.500000	19819.633034	-85079.729779	0.000000	-135.342250
485.000000	19819.633034	-85147.400904	0.000000	-135.252780
485.500000	19819.633035	-85215.027294	0.000000	-135.163478
486.000000	19819.633035	-85282.609033	0.000000	-135.074344
486.500000	19819.633035	-85350.146205	0.000000	-134.985378
487.000000	19819.633035	-85417.638894	0.000000	-134.896579
487.500000	19819.633035	-85485.087184	0.000000	-134.807947
488.000000	19819.633035	-85552.491158	0.000000	-134.719481
488.500000	19819.633035	-85619.850898	0.000000	-134.631180
489.000000	19819.633035	-85687.166488	0.000000	-134.543044
489.500000	19819.633035	-85754.438010	0.000000	-134.455073
490.000000	19819.633035	-85821.665546	0.000000	-134.367265
490.500000	19819.633035	-85888.849179	0.000000	-134.279621
491.000000	19819.633035	-85955.988990	0.000000	-134.192140
491.500000	19819.633035	-86023.085060	0.000000	-134.104822
492.000000	19819.633035	-86090.137471	0.000000	-134.017665
492.500000	19819.633035	-86157.146303	0.000000	-133.930670
493.000000	19819.633035	-86224.111638	0.000000	-133.843836
493.500000	19819.633036	-86291.033556	0.000000	-133.757162
494.000000	19819.633036	-86357.912137	0.000000	-133.670648
494.500000	19819.633036	-86424.747462	0.000000	-133.584294
495.000000	19819.633036	-86491.539609	0.000000	-133.498099
495.500000	19819.633036	-86558.288658	0.000000	-133.412062
496.000000	19819.633036	-86624.994689	0.000000	-133.326183
496.500000	19819.633036	-86691.657780	0.000000	-133.240462
497.000000	19819.633036	-86758.278011	0.000000	-133.154897
497.500000	19819.633036	-86824.855460	0.000000	-133.069489
498.000000	19819.633036	-86891.390205	0.000000	-132.984238
498.500000	19819.633036	-86957.882323	0.000000	-132.899142
499.000000	19819.633036	-87024.331894	0.000000	-132.814201
499.500000	19819.633036	-87090.738995	0.000000	-132.729414
500.000000	19819.633036	-87157.103702	0.000000	-132.644782
500.500000	19819.633036	-87223.426093	0.000000	-132.560304
501.000000	19819.633036	-87289.706245	0.000000	-132.475979
501.500000	19819.633036	-87355.944234	0.000000	-132.391806
502.000000	19819.633036	-87422.140137	0.000000	-132.307786
502.500000	19819.633036	-87488.294030	0.000000	-132.223918
503.000000	19819.633036	-87554.405989	0.000000	-132.140201
503.500000	19819.633036	-87620.476090	0.000000	-132.056635
504.000000	19819.633036	-87686.504407	0.000000	-131.973220
504.500000	19819.633036	-87752.491017	0.000000	-131.889955
505.000000	19819.633036	-87818.435995	0.000000	-131.806839
505.500000	19819.633036	-87884.339414	0.000000	-131.723873
506.000000	19819.633036	-87950.201350	0.000000	-131.641055
506.500000	19819.633036	-88016.021878	0.000000	-131.558385
507.000000	19819.633036	-88081.801070	0.000000	-131.475863
507.500000	19819.633036	-88147.539002	0.000000	-131.393489
508.000000	19819.633036	-88213.235747	0.000000	-131.311262
508.500000	19819.633036	-88278.891378	0.000000	-131.229181
509.000000	19819.633036	-88344.505968	0.000000	-131.147246
509.500000	19819.633036	-88410.079591	0.000000	-131.065457
510.000000	19819.633036	-88475.612319	0.000000	-130.983813
510.500000	19819.633036	-88541.104226	0.000000	-130.902314
511.000000	19819.633036	-88606.555383	0.000000	-130.820959
511.500000	19819.633036	-88671.965862	0.000000	-130.739748
512.000000	19819.633036	-88737.335736	0.000000	-130.658680
512.500000	19819.633036	-88802.665076	0.000000	-130.577756
513.000000	19819.633036	-88867.953954	0.000000	-130.496974
513.500000	19819.633036	-88933.202441	0.000000	-130.416335
514.000000	19819.633036	-88998.410609	0.000000	-130.335837
514.500000	19819.633036	-89063.578527	0.000000	-130.255481
515.000000	19819.633036	-89128.706268	0.000000	-130.175266
515.500000	19819.633036	-89193.793901	0.000000	-130.095191
516.000000	19819.633036	-89258.841496	0.000000	-130.015257
516.500000	19819.633036	-89323.849125	0.000000	-129.935462
517.000000	19819.633036	-89388.816856	0.000000	-129.855806
517.500000	19819.633037	-89453.744759	0.000000	-129.776290
518.000000	19819.633037	-89518.632904	0.000000	-129.696912
518.500000	19819.633037	-89583.481360	0.000000	-129.617672
519.000000	19819.633037	-89648.290196	0.000000	-129.538570
519.500000	19819.633037	-89713.059481	0.000000	-129.459606
520.000000	19819.633037	-89777.789284	0.000000	-129.380778
520.500000	19819.633037	-89842.479673	0.000000	-129.302087
521.000000	19819.633037	-89907.130716	0.000000	-129.223532
521.500000	19819.633037	-89971.742482	0.000000	-129.145113
522.000000	19819.633037	-90036.315039	0.000000	-129.066829
522.500000	19819.633037	-90100.848453	0.000000	-128.988680
523.000000	19819.633037	-90165.342793	0.000000	-128.910665
523.500000	19819.633037	-90229.798126	0.000000	-128.832785
524.000000	19819.633037	-90294.214518	0.000000	-128.755039
524.500000	19819.633037	-90358.592038	0.000000	-128.677426
525.000000	19819.633037	-90422.930751	0.000000	-128.599947
525.500000	19819.633037	-90487.230724	0.000000	-128.522600
526.000000	19819.633037	-90551.492024	0.000000	-128.445385
526.500000	19819.633037	-90615.714716	0.000000	-128.368302
527.000000	19819.633037	-90679.898867	0.000000	-128.291351
527.500000	19819.633037	-90744.044543	0.000000	-128.214531
528.000000	19819.633037	-90808.151808	0.000000	-128.137841
528.500000	19819.633037	-90872.220729	0.000000	-128.061283
529.000000	19819.633037	-90936.251370	0.000000	-127.984854
529.500000	19819.633037	-91000.243797	0.000000	-127.908555
530.000000	19819.633037	-91064.198074	0.000000	-127.832385
530.500000	19819.633037	-91128.114267	0.000000	-127.756344
531.000000	19819.633037	-91191.992439	0.000000	-127.680432
531.500000	19819.633037	-91255.832655	0.000000	-127.604648
532.000000	19819.633037	-91319.634979	0.000000	-127.528992
532.500000	19819.633037	-91383.399475	0.000000	-127.453464
533.000000	19819.633037	-91447.126207	0.000000	-127.378062
533.500000	19819.633037	-91510.815238	0.000000	-127.302788
534.000000	19819.633037	-91574.466632	0.000000	-127.227640
534.500000	19819.633037	-91638.080451	0.000000	-127.152618
535.000000	19819.633037	-91701.656760	0.000000	-127.077721
535.500000	19819.633037	-91765.195621	0.000000	-127.002951
536.000000	19819.633037	-91828.697096	0.000000	-126.928305
536.500000	19819.633037	-91892.161249	0.000000	-126.853784
537.000000	19819.633037	-91955.588141	0.000000	-126.779387
537.500000	19819.633037	-92018.977834	0.000000	-126.705114
538.000000	19819.633037	-92082.330391	0.000000	-126.630965
538.500000	19819.633037	-92145.645874	0.000000	-126.556940
539.000000	19819.633037	-92208.924344	0.000000	-126.483037
539.500000	19819.633037	-92272.165862	0.000000	-126.409257
540.000000	19819.633037	-92335.370491	0.000000	-126.335599
540.500000	19819.633037	-92398.538290	0.000000	-126.262063
541.000000	19819.633037	-92461.669322	0.000000	-126.188649
541.500000	19819.633037	-92524.763646	0.000000	-126.115356
542.000000	19819.633037	-92587.821324	0.000000	-126.042184
542.500000	19819.633037	-92650.842417	0.000000	-125.969133
543.000000	19819.633037	-92713.826983	0.000000	-125.896202
543.500000	19819.633037	-92776.775084	0.000000	-125.823391
544.000000	19819.633037	-92839.686780	0.000000	-125.750700
544.500000	19819.633037	-92902.562129	0.000000	-125.678128
545.000000	19819.633037	-92965.401193	0.000000	-125.605675
545.500000	19819.633037	-93028.204030	0.000000	-125.533340
546.000000	19819.633037	-93090.970700	0.000000	-125.461124
546.500000	19819.633037	-93153.701262	0.000000	-125.389026
547.000000	19819.633037	-93216.395775	0.000000	-125.317046
547.500000	19819.633037	-93279.054298	0.000000	-125.245183
548.000000	19819.633037	-93341.676890	0.000000	-125.173437
548.500000	19819.633037	-93404.263608	0.000000	-125.101808
549.000000	19819.633037	-93466.814512	0.000000	-125.030295
549.500000	19819.633037	-93529.329660	0.000000	-124.958898
550.000000	19819.633037	-93591.809109	0.000000	-124.887618
550.500000	19819.633037	-93654.252918	0.000000	-124.816452
551.000000	19819.633037	-93716.661144	0.000000	-124.745402
551.500000	19819.633037	-93779.033845	0.000000	-124.674467
552.000000	19819.633037	-93841.371078	0.000000	-124.603646
552.500000	19819.633037	-93903.672901	0.000000	-124.532940
553.000000	19819.633037	-93965.939371	0.000000	-124.462347
553.500000	19819.633037	-94028.170545	0.000000	-124.391868
554.000000	19819.633037	-94090.366479	0.000000	-124.321503
554.500000	19819.633037	-94152.527231	0.000000	-124.251250
555.000000	19819.633037	-94214.652856	0.000000	-124.181111
555.500000	19819.633037	-94276.743411	0.000000	-124.111083
556.000000	19819.633037	-94338.798953	0.000000	-124.041168
556.500000	19819.633037	-94400.819537	0.000000	-123.971365
557.000000	19819.633037	-94462.805220	0.000000	-123.901673
557.500000	19819.633037	-94524.756056	0.000000	-123.832092
558.000000	19819.633037	-94586.672102	0.000000	-123.762623
558.500000	19819.633037	-94648.553414	0.000000	-123.693264
559.000000	19819.633037	-94710.400046	0.000000	-123.624015
559.500000	19819.633037	-94772.212053	0.000000	-123.554877
560.000000	19819.633037	-94833.989491	0.000000	-123.485848
560.500000	19819.633037	-94895.732415	0.000000	-123.416929
561.000000	19819.633037	-94957.440880	0.000000	-123.348118
561.500000	19819.633037	-95019.114939	0.000000	-123.279417
562.000000	19819.633037	-95080.754647	0.000000	-123.210825
562.500000	19819.633037	-95142.360060	0.000000	-123.142340
563.000000	19819.633037	-95203.931230	0.000000	-123.073964
563.500000	19819.633037	-95265.468212	0.000000	-123.005696
564.000000	19819.633037	-95326.971060	0.000000	-122.937535
564.500000	19819.633037	-95388.439827	0.000000	-122.869481
565.000000	19819.633037	-95449.874568	0.000000	-122.801534
565.500000	19819.633037	-95511.275335	0.000000	-122.733694
566.000000	19819.633037	-95572.642182	0.000000	-122.665960
566.500000	19819.633037	-95633.975162	0.000000	-122.598333
567.000000	19819.633037	-95695.274329	0.000000	-122.530811
567.500000	19819.633037	-95756.539734	0.000000	-122.463395
568.000000	19819.633037	-95817.771432	0.000000	-122.396083
568.500000	19819.633037	-95878.969473	0.000000	-122.328877
569.000000	19819.633037	-95940.133912	0.000000	-122.261776
569.500000	19819.633037	-96001.264800	0.000000	-122.194779
570.000000	19819.633037	-96062.362190	0.000000	-122.127886
570.500000	19819.633037	-96123.426133	0.000000	-122.061098
571.000000	19819.633037	-96184.456682	0.000000	-121.994412
571.500000	19819.633037	-96245.453888	0.000000	-121.927831
572.000000	19819.633037	-96306.417803	0.000000	-121.861352
572.500000	19819.633037	-96367.348479	0.000000	-121.794976
573.000000	19819.633037	-96428.245967	0.000000	-121.728703
573.500000	19819.633037	-96489.110319	0.000000	-121.662532
574.000000	19819.633037	-96549.941585	0.000000	-121.596463
574.500000	19819.633037	-96610.739816	0.000000	-121.530496
575.000000	19819.633037	-96671.505064	0.000000	-121.464630
575.500000	19819.633037	-96732.237380	0.000000	-121.398866
576.000000	19819.633037	-96792.936813	0.000000	-121.333203
576.500000	19819.633037	-96853.603414	0.000000	-121.267640
577.000000	19819.633037	-96914.237234	0.000000	-121.202178
577.500000	19819.633037	-96974.838324	0.000000	-121.136817
578.000000	19819.633037	-97035.406732	0.000000	-121.071555
578.500000	19819.633037	-97095.942509	0.000000	-121.006393
579.000000	19819.633037	-97156.445706	0.000000	-120.941330
579.500000	19819.633037	-97216.916371	0.000000	-120.876367
580.000000	19819.633037	-97277.354555	0.000000	-120.811503
580.500000	19819.633037	-97337.760306	0.000000	-120.746737
581.000000	19819.633037	-97398.133674	0.000000	-120.682070
581.500000	19819.633037	-97458.474709	0.000000	-120.617501
582.000000	19819.633037	-97518.783460	0.000000	-120.553030
582.500000	19819.633037	-97579.059975	0.000000	-120.488657
583.000000	19819.633037	-97639.304303	0.000000	-120.424381
583.500000	19819.633037	-97699.516494	0.000000	-120.360203
584.000000	19819.633037	-97759.696595	0.000000	-120.296121
584.500000	19819.633037	-97819.844656	0.000000	-120.232136
585.000000	19819.633037	-97879.960724	0.000000	-120.168248
585.500000	19819.633037	-97940.044848	0.000000	-120.104456
586.000000	19819.633037	-98000.097076	0.000000	-120.040760
586.500000	19819.633037	-98060.117456	0.000000	-119.977160
587.000000	19819.633037	-98120.106037	0.000000	-119.913656
587.500000	19819.633037	-98180.062864	0.000000	-119.850247
588.000000	19819.633037	-98239.987988	0.000000	-119.786932
588.500000	19819.633037	-98299.881454	0.000000	-119.723713
589.000000	19819.633037	-98359.743311	0.000000	-119.660588
589.500000	19819.633037	-98419.573605	0.000000	-119.597558
590.000000	19819.633037	-98479.372384	0.000000	-119.534622
590.500000	19819.633037	-98539.139695	0.000000	-119.471780
591.000000	19819.633037	-98598.875585	0.000000	-119.409031
591.500000	19819.633037	-98658.580100	0.000000	-119.346376
592.000000	19819.633037	-98718.253288	0.000000	-119.283814
592.500000	19819.633037	-98777.895195	0.000000	-119.221345
593.000000	19819.633037	-98837.505867	0.000000	-119.158968
593.500000	19819.633037	-98897.085351	0.000000	-119.096685
594.000000	19819.633037	-98956.633694	0.000000	-119.034493
594.500000	19819.633037	-99016.150940	0.000000	-118.972394
595.000000	19819.633037	-99075.637137	0.000000	-118.910386
595.500000	19819.633037	-99135.092330	0.000000	-118.848470
596.000000	19819.633037	-99194.516566	0.000000	-118.786646
596.500000	19819.633037	-99253.909888	0.000000	-118.724912
597.000000	19819.633037	-99313.272345	0.000000	-118.663270
597.500000	19819.633037	-99372.603980	0.000000	-118.601718
598.000000	19819.633037	-99431.904839	0.000000	-118.540257
598.500000	19819.633037	-99491.174967	0.000000	-118.478886
599.000000	19819.633037	-99550.414410	0.000000	-118.417605
599.500000	19819.633037	-99609.623213	0.000000	-118.356414
600.000000	19819.633037	-99668.801420	0.000000	-118.295313
600.500000	19819.633037	-99727.949076	0.000000	-118.234300
601.000000	19819.633037	-99787.066226	0.000000	-118.173378
601.500000	19819.633037	-99846.152915	0.000000	-118.112544
602.000000	19819.633037	-99905.209187	0.000000	-118.051799
602.500000	19819.633037	-99964.235086	0.000000	-117.991142
603.000000	19819.633037	-100023.230657	0.000000	-117.930574
603.500000	19819.633037	-100082.195944	0.000000	-117.870093
604.000000	19819.633037	-100141.130990	0.000000	-117.809701
604.500000	19819.633037	-100200.035841	0.000000	-117.749396
605.000000	19819.633037	-100258.910539	0.000000	-117.689179
605.500000	19819.633037	-100317.755129	0.000000	-117.629049
606.000000	19819.633037	-100376.569654	0.000000	-117.569007
606.500000	19819.633037	-100435.354157	0.000000	-117.509051
607.000000	19819.633037	-100494.108682	0.000000	-117.449181
607.500000	19819.633037	-100552.833273	0.000000	-117.389398
608.000000	19819.633037	-100611.527972	0.000000	-117.329702
608.500000	19819.633037	-100670.192823	0.000000	-117.270091
609.000000	19819.633037	-100728.827868	0.000000	-117.210566
609.500000	19819.633037	-100787.433151	0.000000	-117.151127
610.000000	19819.633037	-100846.008715	0.000000	-117.091773
610.500000	19819.633037	-100904.554601	0.000000	-117.032504
611.000000	19819.633037	-100963.070853	0.000000	-116.973321
611.500000	19819.633037	-101021.557514	0.000000	-116.914222
612.000000	19819.633037	-101080.014624	0.000000	-116.855207
612.500000	19819.633037	-101138.442228	0.000000	-116.796277
613.000000	19819.633037	-101196.840367	0.000000	-116.737432
613.500000	19819.633037	-101255.209083	0.000000	-116.678670
614.000000	19819.633037	-101313.548418	0.000000	-116.619992
614.500000	19819.633037	-101371.858414	0.000000	-116.561398
615.000000	19819.633037	-101430.139112	0.000000	-116.502887
615.500000	19819.633037	-101488.390556	0.000000	-116.444459
616.000000	19819.633037	-101546.612785	0.000000	-116.386114
616.500000	19819.633037	-101604.805842	0.000000	-116.327852
617.000000	19819.633037	-101662.969768	0.000000	-116.269673
617.500000	19819.633037	-101721.104605	0.000000	-116.211576
618.000000	19819.633037	-101779.210392	0.000000	-116.153561
618.500000	19819.633037	-101837.287173	0.000000	-116.095628
619.000000	19819.633037	-101895.334987	0.000000	-116.037778
619.500000	19819.633037	-101953.353876	0.000000	-115.980008
620.000000	19819.633037	-102011.343880	0.000000	-115.922321
620.500000	19819.633037	-102069.305040	0.000000	-115.864714
621.000000	19819.633037	-102127.237397	0.000000	-115.807189
621.500000	19819.633037	-102185.140992	0.000000	-115.749744
622.000000	19819.633037	-102243.015864	0.000000	-115.692380
622.500000	19819.633037	-102300.862054	0.000000	-115.635097
623.000000	19819.633037	-102358.679603	0.000000	-115.577894
623.500000	19819.633037	-102416.468549	0.000000	-115.520771
624.000000	19819.633037	-102474.228935	0.000000	-115.463728
624.500000	19819.633037	-102531.960799	0.000000	-115.406765
625.000000	19819.633037	-102589.664182	0.000000	-115.349881
625.500000	19819.633037	-102647.339122	0.000000	-115.293077
626.000000	19819.633037	-102704.985661	0.000000	-115.236352
626.500000	19819.633037	-102762.603837	0.000000	-115.179706
627.000000	19819.633037	-102820.193690	0.000000	-115.123139
627.500000	19819.633037	-102877.755260	0.000000	-115.066651
628.000000	19819.633037	-102935.288585	0.000000	-115.010241
628.500000	19819.633037	-102992.793706	0.000000	-114.953909
629.000000	19819.633037	-103050.270660	0.000000	-114.897656
629.500000	19819.633037	-103107.719488	0.000000	-114.841480
630.000000	19819.633037	-103165.140228	0.000000	-114.785382
630.500000	19819.633037	-103222.532919	0.000000	-114.729362
631.000000	19819.633037	-103279.897600	0.000000	-114.673419
631.500000	19819.633037	-103337.234309	0.000000	-114.617553
632.000000	19819.633037	-103394.543086	0.000000	-114.561765
632.500000	19819.633037	-103451.823968	0.000000	-114.506053
633.000000	19819.633037	-103509.076995	0.000000	-114.450418
633.500000	19819.633037	-103566.302204	0.000000	-114.394859
634.000000	19819.633037	-103623.499633	0.000000	-114.339377
634.500000	19819.633037	-103680.669322	0.000000	-114.283971
635.000000	19819.633037	-103737.811308	0.000000	-114.228641
635.500000	19819.633037	-103794.925628	0.000000	-114.173387
636.000000	19819.633037	-103852.012322	0.000000	-114.118209
636.500000	19819.633037	-103909.071426	0.000000	-114.063106
637.000000	19819.633037	-103966.102979	0.000000	-114.008078
637.500000	19819.633037	-104023.107018	0.000000	-113.953126
638.000000	19819.633037	-104080.083581	0.000000	-113.898248
638.500000	19819.633037	-104137.032705	0.000000	-113.843445
639.000000	19819.633037	-104193.954428	0.000000	-113.788717
639.500000	19819.633037	-104250.848786	0.000000	-113.734063
640.000000	19819.633037	-104307.715818	0.000000	-113.679484
640.500000	19819.633037	-104364.555560	0.000000	-113.624979
641.000000	19819.633037	-104421.368049	0.000000	-113.570548
641.500000	19819.633037	-104478.153323	0.000000	-113.516190
642.000000	19819.633037	-104534.911418	0.000000	-113.461906
642.500000	19819.633037	-104591.642371	0.000000	-113.407696
643.000000	19819.633037	-104648.346219	0.000000	-113.353559
643.500000	19819.633037	-104705.022999	0.000000	-113.299495
644.000000	19819.633037	-104761.672746	0.000000	-113.245504
644.500000	19819.633037	-104818.295498	0.000000	-113.191586
645.000000	19819.633037	-104874.891291	0.000000	-113.137740
645.500000	19819.633037	-104931.460161	0.000000	-113.083967
646.000000	19819.633037	-104988.002144	0.000000	-113.030266
646.500000	19819.633037	-105044.517278	0.000000	-112.976638
647.000000	19819.633037	-105101.005597	0.000000	-112.923081
647.500000	19819.633037	-105157.467137	0.000000	-112.869597
648.000000	19819.633037	-105213.901936	0.000000	-112.816184
648.500000	19819.633037	-105270.310028	0.000000	-112.762842
649.000000	19819.633037	-105326.691449	0.000000	-112.709572
649.500000	19819.633037	-105383.046235	0.000000	-112.656373
